"/tmp/audio.wav",0.000000000,0,0,0,0,0,0,0,0,0,0,0,0,0,0,0,0,0,0,0,0,0,0,0,0
,0.046439909,0,0,0,0,0,0,0,0,0,0,0,0,0,0,0,0,0,0,0,0,0,0,0,0
,0.092879818,0,0,0,0,0,0,0,0,0,0,0,0,0,0,0,0,0,0,0,0,0,0,0,0
,0.139319727,0,0,0,0,0,0,0,0,0,0,0,0,0,0,0,0,0,0,0,0,0,0,0,0
,0.185759637,0,0,0,0,0,0,0,0,0,0,0,0,0,0,0,0,0,0,0,0,0,0,0,0
,0.232199546,0,0,0,0.820182,0.465124,0.0347946,0,0,0.125147,0.105944,0.0251596,0,0.153832,0.520245,0.583307,1.34525,1.52975,0.383318,0.0126123,0.658155,0.706399,0.953179,2.05954,0.153598
,0.278639455,0.509743,0,0,0.356175,0.504049,0.0751587,0,0,0.0120316,0.0808195,0.0184241,0.387106,0.412501,0.149343,1.14877,1.3573,1.39598,0.470871,0.0121084,0.438999,0.750387,1.04102,2.3282,0.36812
,0.325079365,0.608866,0,0,0.17837,0.531627,0.0196413,0,0.0617783,0.00235212,0.0717887,0,0.0547447,0.492715,0,1.60705,1.71306,1.12327,0.315912,0.010827,0.534201,0.995137,0.9472,2.26921,0.0798149
,0.371519274,0.686877,0.111546,0,0.138394,0.555602,0,0,0.0350665,0.0285054,0.0543313,0,0,0.555844,0.105355,1.94782,2.18069,0.929308,0.285247,0.0103938,0.327812,1.17748,0.768246,2.22191,0
,0.417959183,0.872227,0.3819,0.985356,0.349073,1.68674,0.307759,0.236221,0.453024,0.0228611,0,0,0,0.335902,0.108631,1.90075,2.53823,0.710152,0.353705,0.111374,0.419603,1.01836,0.422326,2.14967,0.0275252
,0.464399092,0.741997,0.713473,1.00325,0.523063,1.48742,0.197363,0.270572,0.56106,0.104617,0.0627615,0,0,0.462534,0.202947,1.69459,2.66774,0.703312,0.298958,0.1824,0.482288,1.24125,0.380844,2.00335,0
,0.510839002,1.06628,0.816083,0.964717,0.596757,1.20187,0.311058,0.0442441,0.510362,0,0,0.0611645,0,0.518948,0.232134,1.55832,2.59656,0.710228,0.394286,0.176604,0.391057,1.70114,0.240906,1.78844,0.0272538
,0.557278911,1.41163,0.723129,0.908434,0.627321,0.621774,0.287901,0,0.281314,0,0.0681579,0.177463,0.22571,0.639042,0.205694,1.35426,2.60932,0.533682,0.480421,0.136231,0.170901,2.17279,0.276957,1.36916,0.125627
,0.603718820,1.60325,0.624092,0.653113,0.818771,0.0619606,0.0718568,0.00800856,0.00173986,0.669911,0.0648669,0.0658502,0.466753,0.664568,0.177522,1.17581,2.37335,0.103636,0.820026,0.0922983,0.0361666,2.77134,0.107576,1.61211,0.179073
,0.650158730,1.44119,0.407713,0.229543,0.788648,0.0331581,0.056456,0,0,2.15726,0.205246,0,0.505223,0.679086,0.115974,1.15242,1.69499,0.00680728,1.25441,0.0127813,0.0374707,3.10571,0.0483201,1.88229,0.163966
,0.696598639,0.966152,0.286857,0,0.309532,0.0347183,0.104263,0.0107353,0,1.99321,0.221845,0,0.631227,0.863736,0.0815964,1.01626,1.75673,0.0580703,1.33311,0.00229947,0.0619879,3.12234,0.127204,1.91454,0.161788
,0.743038548,1.2156,0,0,0.0433315,0.675403,0,0,0,2.31288,0,0,0,1.42873,0,0.88892,1.94716,0.374617,1.04167,0,0.0411828,3.27002,0.0886155,2.05574,0
,0.789478458,1.25971,0,0.102665,0.184308,0.763407,0,0.01925,0.0150035,2.33402,0,0,0,1.53938,0,0.834892,2.13823,0.501777,0.795368,0.0537676,0.0327729,3.18481,0.0372799,2.03428,0
,0.835918367,1.17662,0,0.046896,0.568167,0.644546,0,0.0111938,0,2.4084,0,0,0,1.40981,0,0.613886,2.34102,0.512106,0.875603,0.0312656,0.0339976,3.03809,0,1.9533,0
,0.882358276,0.977838,0,0,1.14532,0.514247,0,0,0,2.52154,0,0,0,1.34835,0,0.253749,2.68887,0.47918,0.94573,0,0.0372201,2.94091,0,1.82371,0
,0.928798185,0.914658,0.13508,0,1.17627,0.511449,0,0,0,2.58638,0,0,0,1.32237,0.127584,0.118786,2.86754,0.419664,0.80921,0.00170361,0.0364926,2.75908,0.000425181,1.60585,0
,0.975238095,1.12692,0.254133,0,0.421276,0.382465,0,0,0,2.54541,0,0,0.578186,1.18502,0.100232,0.143725,2.68757,0.257794,0.899913,0,0.0984748,2.84515,0.000581485,1.31806,0.148193
,1.021678004,0.751988,0.252699,0,0.0701769,0.353065,0.103181,0,0,1.99709,0.198194,0,0.519641,0.853423,0.238675,0.203039,2.70908,0.122246,1.01003,0,0.135362,2.64495,0.85168,1.20309,0.133188
,1.068117913,0.205636,0.558422,0,0,0.142211,0.148819,0,0.00104603,2.09344,0.261946,0,0,0.773923,0.527431,0.268856,2.72594,0.237865,0.890333,0,0.0394068,2.44548,0.900727,1.34565,6.49332e-06
,1.114557823,0.216775,0.74064,0,0,0.139089,0.0968161,0,0,2.31418,0.239986,0,0,0.909676,0.699537,0.215664,2.7322,0.232642,0.619813,0,0.145182,2.18513,0.827362,1.45513,8.27472e-06
,1.160997732,0.244062,0.7096,0,0,0.0953577,0.0197126,0,0,2.44841,0.212056,0,0,0.977025,0.670219,0.198653,2.74458,0.159497,0.353652,0.0186673,0.193192,2.22136,0.734523,1.56658,0.000806919
,1.207437641,0.232956,0.24973,0,0,0.00377093,0.025018,0,0.019947,2.38594,0.240586,0,0,0.576739,0.235871,0.391256,2.72236,0.00630732,0.347426,0.0455099,0.309092,2.77282,0.675917,1.56369,0
,1.253877551,0.601225,0,0,0,0,0.0279584,0,0.0385907,2.03259,0.276997,0,0,0.529349,0,0.668877,2.68006,0,0.345144,0.0441283,0.252689,3.02405,0.649879,1.40136,0
,1.300317460,1.05569,0.000444247,0,0,0.0607035,0,0,0.0465831,1.89109,0.240368,0,0,1.06275,0.000419593,0.600721,2.74592,0.101534,0.264546,0.0115402,0.251979,2.83732,0.571772,1.39886,0
,1.346757369,1.05199,0,0,0.0558546,0.130669,0,0.0900262,0.0795276,2.17936,0.17489,0,0,1.33421,0,0.46742,2.77745,0.21856,0.271381,0.251454,0.451535,2.49524,0.538442,1.56413,0
,1.393197278,0.912744,0,0,0.685326,0.473778,0.122968,0.167864,0.105345,2.25934,0.0336343,0,0,1.41785,0,0.410873,2.87259,0.243262,0.135362,0.468866,0.401441,2.49311,0.240083,1.41066,0
,1.439637188,0.825991,0,0,0.87648,0.482711,0.15586,0.173832,0.0983099,2.04459,0.00719433,0,0,1.49765,0,0.439049,2.9201,0.23623,0.150634,0.485533,0.352547,2.56446,0.0645946,1.24976,0
,1.486077097,0.855912,0.230017,0,0.684524,0.15635,0,0.136843,0,1.77323,0.00875829,0,0,1.59277,0.217251,0.428611,3.00893,0.261514,0.137815,0.382219,0.349662,2.52674,0.0786367,1.24102,0
,1.532517006,0.859573,0.351764,0,0.657439,0.139996,0,0.110228,0.0851956,1.76076,0.00969371,0,0,1.57397,0.332242,0.538163,2.89557,0.236226,0.371241,0.30788,0.437282,2.63594,0.0870355,1.19043,0
,1.578956916,0.690852,0.099151,0.0979878,1.46769,0.238532,0.258652,0.220075,0.0333172,1.71338,0.00911751,0,0,1.36674,0.524223,0.551427,2.63732,0.230358,0.843407,0.614697,0.388732,2.22429,0.081862,1.22803,0
,1.625396825,0.319172,0,0.00112536,1.07558,0.493416,0.381616,0.158831,0.00253586,1.29141,0.01079,0,0.910748,0.76255,0.508379,0.232908,2.27369,0.381127,1.19909,0.443635,0.535891,1.6404,0.0968786,1.82643,0.233431
,1.671836734,0.598788,0.0462567,0,0.880667,0.664688,0.432701,0.206042,0,1.35622,0.150035,0.0225961,0.840952,0.759352,0.461059,0.303653,2.05734,0.477903,1.32278,0.5755,0.255065,1.21602,0.107309,2.25553,0.215542
,1.718276643,0.694776,0.255585,0.482697,0.292468,0.586646,0.431445,0.164998,0,1.33365,0.130744,0.0816164,0.752287,0.457827,0.434198,0.454576,2.19971,0.473713,1.28687,0.460858,0.48586,0.692555,0.0718224,2.72134,0.192817
,1.764716553,0.693508,0.190489,0.594777,1.05172,0.156151,0.24232,0.0839736,0,1.03995,0.145704,0.216002,0.714774,0.186787,0.178169,0.607688,2.46148,0.093323,1.28933,0.234548,0.824961,0.512638,0.0343024,2.899,0.183202
,1.811156462,0.527894,0.081918,0.407491,1.64144,0,0.022419,0,0.0827282,1.13519,0.045853,0.160559,0.678871,0.142181,0.0540641,0.650884,2.37451,0.01348,1.2871,0,0.924977,0.53374,0.0107949,3.04245,0.174
,1.857596371,0,0,0,2.34136,0,0.040807,0.0294836,0.136422,1.37281,0.129169,0.101077,0.641704,0,0.030989,0.461955,2.17296,0.00842485,1.35492,0.00631527,0.969526,0.558577,0.0304096,3.06251,0.164473
,1.904036281,0,0,0,2.60012,0,0,0,0.221324,1.27293,0.23856,0.115956,0.605382,0,0.00359323,0.33716,2.48184,0.0144328,1.1975,0,0.959639,0.637232,0.13105,3.0213,0.155164
,1.950476190,0.0697629,0,0,2.68257,0.0359612,0,0.0906124,0,0.418098,0.375358,0.185348,0,0.0564545,0.00122575,0.320014,2.86137,0.0358864,1.20565,0.253091,0.793792,0.525576,0.206198,2.94095,0
,1.996916099,0.0898008,0,0,2.6921,0.0564456,0,0.100202,0,0.251484,0.559717,0.0778996,0,0.0726699,0.00838888,0.349532,3.09773,0.048081,1.12585,0.279877,0.917023,0.27409,0.307473,2.90819,0
,2.043356009,0.0893469,0,0,2.68001,0.0529208,0,0.0771629,0.00532735,0.109725,0.507957,0.0724494,0,0.0723026,0.00202652,0.295171,3.31833,0.0482096,1.0709,0.215525,1.11327,0.108037,0.279039,2.83856,0
,2.089795918,0.0901264,0,0,2.71161,0.0487729,0,0,0,0.367683,0.375048,0.0734435,0,0.0729333,0.00288512,0.101887,3.40968,0.0474236,1.08063,0,1.13149,0.181247,0.206028,2.83881,0
,2.136235827,0.0706473,0.100759,0.111625,2.69686,0,0,0,0,0.551634,0.871155,0.0333302,0,0.0472966,0.0286607,0.172708,3.39591,0.0316722,0.921703,0,0.997406,0.767012,0.574011,2.46994,0
,2.182675736,0.472106,0,0.116497,2.43759,0,0,0,0,0.334615,0.962094,0,0.0181593,0.127156,0,0.309871,3.49647,0.0278749,0.931006,0,0.701864,0.970138,0.690706,2.12729,0.00465436
,2.229115646,0.0251681,0,0.14179,2.43881,0,0,0,0.143054,0.194841,0.682917,0,0,0.0203669,0,0.380217,3.42051,0.0186758,1.09847,0,0.770908,1.1008,0.650522,2.17068,0
,2.275555555,0.109043,0,0.114193,2.36497,0,0,0,0.667755,0.19907,0.0721238,0,0,0.0882412,0,0.373192,3.29459,0.0128369,1.23648,0,0.911762,1.12364,0.647566,2.18237,0
,2.321995464,0.221104,0,0,2.34764,0.0635369,0,0,0.780729,0.174838,0.0869363,0,0,0.178925,0.0459877,0.328476,3.21253,0.035015,1.36329,0.0221682,0.945426,0.982423,0.780561,2.19149,0
,2.368435374,0.252716,0,0.0805206,2.35401,0.0993116,0,0,0.79024,0.137593,0.0994207,0,0,0.204506,0.0634725,0.354331,3.16223,0.0469839,1.45079,0,0.962356,0.772785,0.892653,2.18474,0
,2.414875283,0.0928739,0.0847015,0.0878128,2.35228,0.0244492,0,0,0.746737,0.0694966,0.103832,0,0,0.0751567,0.0537111,0.255936,3.4134,0.0275424,1.47171,0,0.817998,0.390325,0.932262,2.30045,0
,2.461315192,0.477015,0.296726,0,2.15904,0.0556789,0,0,0.0109878,0.581125,0.0914112,0,0,0.128478,0.0844036,0.176227,3.43759,0.0447335,1.41623,0,0.585628,0.286462,0.820739,2.32104,0
,2.507755102,0.346645,0.231529,0,2.16157,0.280863,0,0,0.00108886,0.946798,0.0566328,0,0,0.093364,0.0688588,0.32883,3.28314,0.128803,1.36446,0,0.71569,0.466718,0.50848,2.32729,0
,2.554195011,0.204334,0.11352,0,2.27787,0.208245,0,0,0.157801,0.945743,0.0316376,0.591471,0,0.0550345,0.0407841,0.485936,3.21282,0.103377,1.32229,0,0.949711,0.478587,0.167698,2.47647,0
,2.600634920,0.404304,0.000712751,0,2.4677,0.06852,0,0,0.206738,0.506186,0.0310136,0.568855,0.153314,0.155338,0.00271604,0.464632,3.43707,0.0522622,1.12156,0,1.09223,0.256383,0.278457,2.60276,0.0392954
,2.647074829,0.581037,0,0,2.59582,0.0236952,0,0,0.0268095,0.41463,0.0527455,0.067132,0.489332,0.257247,0.0348502,0.303936,3.46432,0.0372655,1.17807,0,1.01318,0.204389,0.473578,2.73406,0.125419
,2.693514739,0.356994,0,0.051722,2.65517,0.136164,0,0,0,0.0299883,0.0242822,0.0800057,0,0.326883,0.0342898,0.181905,3.45259,0.0760479,1.38002,0,0.984558,0.0147825,0.218019,2.74509,0
,2.739954648,0.124121,0.0345752,0.0591151,2.6862,0.230579,0.0178551,0,0.150125,0,0.111507,0.0816647,0,0.0815188,0.379665,0.124932,2.94745,0.0829076,1.53751,0,0.708202,0,0.202485,2.409,0
,2.786394557,0.223945,0.368154,1.00115,1.26723,0.235355,0.172135,0.109632,0,0,0,0.43956,0,0.179161,0.638492,0.474133,2.13273,0.0814901,1.52775,0.231687,0.0330978,0.015184,0.200977,2.33042,0
,2.832834467,0.438986,0.434,1.35872,0.251345,0.0968418,0.469612,0.280737,0.208644,0.182234,0,0.0816566,0,0.604049,0.315288,0.573191,1.54948,0.0335308,1.82403,0.651082,0.046528,0.0625107,0.300951,2.52673,0
,2.879274376,0.640232,0.676837,1.33249,0.006281,0,0.607718,0.440091,0.116421,0.29594,0.148929,0.0417897,0,0.977317,0.192526,0.559309,1.32635,0,2.45467,0.686911,0.0256269,0.0810755,0.350969,2.48656,0.00473385
,2.925714285,0.847828,0.759344,1.14148,0.302137,0,0.259998,0.178474,0.150625,0.0980945,0.422434,0.187661,0,1.14422,0.246336,0.695696,0.864352,0.0102144,2.74108,0.498499,0.06721,0.0427558,0.238544,3.35518,0.0228256
,2.972154195,0.467047,0.615339,0.765207,0.695982,0,0.373734,0.0352582,0.517092,0.0288282,0.492662,0.307612,0.367996,0.829647,0.175033,0.780789,0.367239,0.0190578,2.98364,0.0984804,0.230731,0.245826,0.167153,3.73585,0.291092
,3.018594104,0,0.535332,0.00701221,0.576179,0,0.478171,0.057129,1.03717,0.338496,0.406907,0.927969,0.487039,0.325548,0.505622,0.369941,0.420146,0.0256752,2.99603,0.0122368,0.469701,0.558711,0.134292,3.81979,0.370867
,3.065034013,0.0734524,0.107444,0,0.156291,0,0.334731,0,0.962146,0.265667,0.113072,0.981108,0.514455,0.0594402,0.101481,0.821943,0.708689,0.0280216,2.87035,0,0.443417,0.532362,0.0352666,3.86765,0.148557
,3.111473922,0.0589905,0,0.0526703,0.280271,0.148057,0,0.39823,0.763484,0.0153922,0.0558089,1.26358,0.471659,0.0477371,0.0440612,0.997838,1.09994,0.0725762,2.50492,0.466138,0.357494,0.352623,0.138991,3.69733,0.125728
,3.157913832,0,0,0.121935,0.596712,0.260987,0,0.392027,0.755738,0,0.000508486,2.08206,0.420234,0,0.0946683,1.19957,1.3757,0.112691,2.2565,0.621139,0.357381,0.0197656,0.12607,3.65574,0.114963
,3.204353741,0,0,0.0257998,0.924515,0.1086,0,0.197379,0.68548,0.271147,0.0139749,2.14725,0.420329,0.0131924,0.0682117,1.24098,1.40962,0.0565629,2.24542,0.551304,0.321896,0.135292,0.069982,3.52394,0.123837
,3.250793650,0,0,0,0.979651,0.157802,0,0.265952,0.445461,0,0.00623895,2.2374,0.389592,0.544437,0.00661957,1.13307,1.45914,0.0592833,2.26508,0.374527,0.212095,0,0.00146881,3.45809,0.115316
,3.297233560,0,0,0.0258072,0.525916,0.478194,0,0.550498,0.119942,0,0.0154488,2.33123,0.359564,1.04578,0,0.868356,1.11227,0.165571,2.22136,0.224121,0.0643509,0.0501233,0.0106768,3.52103,0.105603
,3.343673469,0.018563,0,0,0,0.754573,0,0.423903,0,0.0427437,0.243093,1.95,0.199415,1.10093,0,1.12103,0.447508,0.267271,2.32199,0.172581,0.0169542,0.308523,0.713282,3.25398,0.0664564
,3.390113378,0.0832796,0.0267836,0,0,0.799333,0.0157151,0.183685,0,0.0576916,0.212471,1.77529,0.0944614,1.03564,0.0362679,1.36567,0.0497743,0.291521,2.24086,0.0747826,0.0297786,0.328325,0.743669,3.12895,0.0682498
,3.436553287,0.250411,0.170028,0,0,0.682569,0,0,0.0124906,0.0639759,0.20712,1.70701,0.0971411,1.01784,0.172224,1.54873,0.0785027,0.255554,2.2223,0,0.042114,0.363253,0.761327,2.99392,0.0810949
,3.482993197,0.180823,0.237139,0,0,0.216841,0.00614852,0,0.20845,0.084202,0.265235,1.66887,0.179311,0.914059,0.223978,1.68385,0,0.0958832,2.29202,0,0.13205,0.475011,0.774265,3.17463,0.0865485
,3.529433106,0,0.123731,0,0,0,0.333,0,0.172783,0.108577,0.313071,1.69108,0.214355,0.734662,0.116864,1.82756,0,0.0173794,2.49996,0,0.118436,0.609817,0.827235,3.34586,0.0552272
,3.575873015,0,0,0,0,0,0.663076,0,0.0954246,0.0960485,0.332468,1.74268,0.206323,0.543586,0,1.93818,0,0.0162912,2.73613,0,0.0888043,0.604145,0.863434,3.39235,0.0529015
,3.622312925,0,0,0,0,0,0.948998,0,0.055231,0.0464588,0.243988,1.90737,0.217121,0.547836,0,1.9814,0,0.0243564,2.75647,0,0.0674083,0.340299,0.532745,3.45533,0.0556831
,3.668752834,0,0,0.0169184,0.00481359,0,0.963467,0,0,0.0866693,0.206758,1.99019,0.242595,1.02637,0,1.82145,0.00155196,0.0216212,2.69517,0,0.0274171,0.4879,0.317864,3.38031,0.0622779
,3.715192743,0,0,0,0.122111,0.38358,0.485884,0,0,0.0941582,0.19968,2.0753,0.238524,1.35613,0.152751,1.59305,0.0393701,0.339416,2.56622,0,0.00333955,0.528835,0.296263,3.20948,0.0670453
,3.761632653,0,0,0,0.232976,0.885979,0.284229,0.0545476,0,0.0736475,0.164292,2.21326,0.225743,1.48265,0.27404,1.46039,0.0751143,0.605891,2.53621,0.152358,0,0.419274,0.0680784,3.1295,0.059262
,3.808072562,0,0,0,0.198867,0.799296,0.381324,0.0279768,0,0.0304377,0.116223,2.30431,0.209171,1.53844,0.273116,1.54986,0.0641171,0.495149,2.50477,0.0781425,0.0203908,0.187918,0.0273619,3.22673,0.0536562
,3.854512471,0,0.0233591,0,0.15507,0.519756,0.605093,0,0,0.0289247,0.0798451,2.31317,0.210059,1.36721,0.24223,1.82695,0.0511691,0.210809,2.35602,0,0.025616,0.296941,0.0187976,3.5306,0.0538395
,3.900952380,0,0,0.0582494,0.183104,0.0389698,1.15625,0,0,0.0836241,0.0567522,2.25242,0.198113,0.929501,0.127519,2.1095,0.0655492,0.0686745,2.13759,0,0.0158431,0.613661,0.0133609,3.77648,0.0507777
,3.947392290,0,0,0.28388,0.537511,0.252117,1.2828,0.243972,0,0.105845,0.0583267,2.09211,0.0328329,0.345057,0.0968135,2.41545,0.189096,0.166311,2.32591,0.35315,0,0.683242,0.0137316,3.59163,0.00841531
,3.993832199,0,0.0795133,0.474427,0.74028,0.43228,1.01628,0.315441,0,0.0715815,0.0759133,1.95529,0.0334767,0.170027,0.151292,2.45658,0.270894,0.176376,2.71807,0.569761,0,0.639616,0.0178719,2.98151,0.0183239
,4.040272108,0,0,0.441553,0.577227,0.8645,0.276796,0.224373,0,0.0445285,0.124617,1.62637,0.0782422,0.0967779,0.120906,2.35016,0.212711,0.331253,2.71247,0.628347,0.00713542,0.589529,0.0383144,2.93637,0.0565355
,4.086712018,0,0,0.274695,0.731981,0.864816,0.059388,0.166945,0,0.0356381,0.264894,1.47125,0.342308,0.583924,0.0432392,2.35078,0.235999,0.324929,2.75156,0.468797,0,0.462789,0.0656951,3.04672,0.0877361
,4.133151927,0.287491,0,0,0.932627,0.618289,0.13429,0.0265,0,0.0265962,0.386544,1.6859,0.674632,1.32562,0.010464,1.98904,0.30069,0.226531,2.68988,0.0740178,0,0.321662,0.0910023,3.26826,0.172913
,4.179591836,0.414629,0.2035,0,0.804508,0.235549,0.316744,0,0,0.144812,0.334569,1.96148,0.692534,1.62539,0.0828443,1.79933,0.259383,0.217537,2.3525,0,0.000225213,0.614617,0.078766,3.54689,0.177504
,4.226031746,0,0.201499,0,0.628935,0.373622,0.225845,0,0.0992195,0.275926,0.297198,1.90202,0.583743,1.42964,0.0812329,1.689,0.202776,0.559421,2.22357,0,0.0412617,0.92417,0.0699678,3.46535,0.234072
,4.272471655,0,0,0.775282,0.0108337,0.78433,0.532244,0,0,0.144097,0.132092,1.87687,0.460039,1.20948,0.00781832,1.67133,0.00349292,0.855219,2.25516,0,0,1.13786,0.0310978,3.3884,0.324502
,4.318911564,0,0,0.216737,0.113792,0.864503,0.91713,0,0,0.136214,0.143156,1.94753,0.536848,0.902285,0.0244622,1.69008,0.0366877,0.908235,2.27092,0.00729834,0,1.09479,0.0337026,3.51012,0.358595
,4.365351473,0,0,0,0.357318,0.960576,0.900187,0,0,0.116469,0,2.05159,0.569433,0.637436,0.00181759,1.59582,0.115203,0.924714,2.45374,0.00336449,0,0.948437,0,3.65377,0.315559
,4.411791383,0.015965,0.445064,0,0.718865,1.13983,0.134375,0,0,0.054545,0,2.03417,0.578787,0.867503,0.126598,1.18917,0.23177,0.706642,2.32648,0.00372391,0,0.420142,0,3.58424,0.160345
,4.458231292,0.104403,0.31847,0,0.427796,1.11648,0.209162,0.261673,0,0,0.117469,2.01762,0.676824,0.794189,0.101907,0.804948,0.137926,0.419579,2.15382,0.113571,0.0143966,0.0216768,0.0362606,3.48482,0.18468
,4.504671201,0.480821,0.409798,0.0176582,0.0382178,1.11022,0.855176,0,0,0,0.113242,1.68001,0.478944,0.683657,0.231318,0.763941,0.17845,0.504728,2.29649,0,0.037691,0.0107987,0.723672,2.83504,0.163951
,4.551111111,0,0.829415,0.66501,0.28614,0.950293,1.10858,0,0,0.0751916,0.0737761,1.14915,0,0.585352,0.498041,1.0276,0.415995,0.611631,2.29707,0,0.129501,0.0438602,0.662402,2.35285,0.0445621
,4.597551020,0.50103,0.599361,0,0.151126,0.383172,0.281439,0,0,0.0105282,0.111921,0.812817,0,0.923214,0.61065,0.8769,0.549746,0.648336,2.45051,0,0.0514994,0.0626758,1.00488,1.97118,0.0428908
,4.643990929,0.693384,0.47585,0,0.177233,0.374321,0.251381,0,0,0.0253327,0.117243,0.471994,0,1.0385,0.486051,0.835659,0.347664,0.636591,2.6907,0,0.0544524,0.14228,1.05267,2.00008,0.0426413
,4.690430839,0.823335,0.220969,0,0,0.338273,0.198172,0,0,0.890396,0.121785,0.290594,0,1.03513,0.228654,0.720247,0.0266628,0.578302,2.86526,0,0.0528081,0.438915,1.09345,2.51787,0.0376037
,4.736870748,0.721289,0,0.816171,0.09959,0.412022,1.27984,0.454277,0,0.0244342,0.084383,0.52538,0,1.16723,0.0204002,0.880697,0.161106,0.394038,2.99954,0.234954,0.0467417,0.137234,0.757636,2.63204,0.0335114
,4.783310657,0.763211,0.654665,0,0.448444,0.913883,0.783382,0.334872,0,0,0.10597,0.786757,0,0.740535,0.205083,0.733824,0.621156,0.531302,2.65353,0.320445,0.0435802,0.0233892,0.95146,2.35584,0.0156526
,4.829750566,0.181983,0.665272,0,0.339609,1.14606,0.535134,0.115038,0,0.0391389,0.72042,0.69316,0,0.15268,0.233062,0.722168,0.459662,0.41881,2.44676,0.0882352,0.178439,0.112659,0.688714,2.58026,0.00187136
,4.876190476,0.30923,0.584443,0,0.248148,1.10515,0.096717,0,0,0.0987725,0.639812,1.15832,0,0.120848,0.229244,0.729085,0.37042,0.42209,2.29721,0.0406649,0.187698,0.164805,0.518142,2.5308,0
,4.922630385,0.767466,0.128041,0.114832,0.382422,0.450852,0.153089,0.0167933,0,0.145007,0.415483,1.31125,0.0441976,0.440957,0.0939447,0.860888,0.290292,0.459969,2.37184,0.0333228,0.16995,0.13735,0.0978152,2.62192,0.0113282
,4.969070294,0.661151,0.00182052,0.450123,0.64838,0.197889,0.280203,0.0101332,0,0,0.326096,1.19683,0.532567,0.846455,0.0362404,0.947006,0.209045,0.313551,2.5507,0.00412545,0.168791,0.0771597,0.202773,2.82067,0.136507
,5.015510204,0.510098,0.09358,0.395927,0.657263,0.0976489,0.356472,0,0,0,0.218244,1.26215,0.627659,0.849532,0.0484389,1.00913,0.211909,0.127104,2.53635,0,0.194556,0.134812,0.481838,2.81226,0.160936
,5.061950113,0.315537,0.481484,0.855858,0.337583,0.714612,0.286511,0,0,0,0.378199,1.44298,0.252001,0.816668,0.263552,1.31046,0.474463,0.604087,1.91828,0.0971312,0.0428365,0.00184041,0.293197,2.52025,0.0650073
,5.108390022,0.354799,1.01364,1.50551,0.530379,1.39983,0,0.0332451,0.0122357,0,0,0.782779,0.00573366,1.01175,0.421979,0.82263,1.44458,0.936567,0.791632,0.574404,0.0436683,0.0677987,0.05908,1.04118,0.465506
,5.154829931,0.236965,0.990367,1.3581,0.59502,1.00414,0,0.025373,0.735028,0.123615,0,0.346474,0.470474,1.02732,0.281709,0.577853,2.30804,0.557147,0.385553,0.386896,0.346233,0.140905,0,1.29513,0.532522
,5.201269841,0.402102,0.937798,1.15843,0.856421,0.480386,0,0.00346045,0.84611,0.0864718,0,0.114953,0.518423,1.02636,0.266756,0.461505,2.80855,0.228619,0.517497,0.109344,0.380758,0.734167,0,1.57623,0.413962
,5.247709750,0.680035,0.953734,1.0351,0.966442,0,0,0,0.282867,0.895356,0,0.0453041,0.297427,1.24889,0.271289,0.466277,2.57757,0.0151298,0.814215,0.0143475,0.137895,2.11616,0,1.824,0.2176
,5.294149659,0.797752,0.922513,0.860805,0.882857,0,0.0401902,0,0.0386408,1.82671,0.0534619,0,0.284194,1.52454,0.411161,0.578096,2.1914,0.0220345,0.994342,0,0.0462179,3.11983,0.0125863,1.53183,0.0728411
,5.340589569,0.772454,0.738023,0.134761,0.426011,0,0.0663073,0.0740094,0.00047022,2.20823,0.237413,0,0.383779,1.58982,0.492324,0.344538,2.20577,0.0225317,0.966085,0.0158525,0.0307379,3.4329,0.0558929,1.30434,0.0983654
,5.387029478,0.451155,0.322127,0.103223,0,0,0,0.0119422,0.0930804,2.29325,0.263958,0,0.478485,1.43261,0.30425,0.299429,2.31325,0.0223796,0.747785,0.0267209,0.0541148,3.58142,0.0624159,1.20018,0.122639
,5.433469387,0.360378,0.0178341,0.516995,0,0.324114,0,0.00503477,0,2.42024,0,0,0,1.34507,0.0168444,0.748747,2.29016,0.181703,0.78812,0.0328805,0.0388174,3.67429,0.000722624,1.19016,0
,5.479909297,0.00711508,0.54562,0.054729,0.000610281,0.302403,0,0.0351573,0,2.61599,0,0,0,1.49017,0.51534,0.259571,2.24458,0.519744,0.910903,0.110872,0.0441369,3.35794,0.000147075,1.26737,0
,5.526349206,0.00636289,0.491328,0,0.472293,0.292938,0,0.0104923,0.105303,2.63397,0,0,0,1.5716,0.464061,0.306283,2.16733,0.494413,1.23059,0.0406255,0.152328,3.40392,0,1.13429,0
,5.572789115,0.569334,0.260056,0,0.634526,0.254546,0,0,0.0692226,2.74744,0,0,0,1.51513,0.245624,0.450192,1.94746,0.429593,1.47846,0,0.326938,3.43835,0,1.18441,0
,5.619229024,0.94717,0,0,0.703958,0.208019,0,0,0,2.76826,0,0,0,1.49005,0,0.50955,2.03389,0.354234,1.5978,0,0.431293,3.40744,0,1.20531,0
,5.665668934,0.721296,0,0.0214839,0.792557,0.090032,0.022723,0,0,2.70182,0.037462,0,0,1.37458,0,0.621071,2.08541,0.159144,1.57165,0,0.222692,3.49894,0.063689,1.18554,0
,5.712108843,0.255984,0,0.207444,0.792794,0,0.0270224,0,0,2.58871,0.202979,0,0,1.13871,0.00501117,0.87522,2.21759,0.0101426,1.50459,0.0276695,0.0173815,3.44047,0.426065,1.16667,0.00114898
,5.758548752,0.144571,0,0.268808,0.624252,0,0.0362567,0,0,2.50895,0.26023,0,0.103803,1.03268,0.00842822,0.774547,2.3497,0.0100272,1.38833,0.0344712,0.0264442,3.45182,0.690472,1.11405,0.0842572
,5.804988662,0.139125,0,0.336237,0.371029,0.00283827,0.0335438,0,0,2.51152,0.0928492,0,0.128116,0.891992,0.00122314,0.674838,2.47259,0.0196947,1.18206,0.0151449,0.0329534,3.36468,0.833651,1.23369,0.103531
,5.851428571,0.117108,0,0.378896,0.165426,0.00241507,0,0,0,2.57176,0.0889118,0,0.0285806,0.936853,0,0.618163,2.46367,0.0191327,0.955061,0,0.0312997,3.38004,0.798298,1.37888,0.0246607
,5.897868480,0.147111,0,0,0.119759,0.0695671,0,0,0,2.6086,0.225872,0.0183348,0,1.15936,0,0.250887,2.30954,0.12814,0.817885,0.00373161,0.0161199,3.48532,0.668275,1.56901,0.00766548
,5.944308390,0.874407,0,0,0.0784338,0.0368286,0,0,0,2.59905,0.101942,0.015183,0,1.64783,0,0.396101,2.12028,0.0748015,0.997636,0.0119347,0.00543464,3.4415,0.186083,1.56091,0.00752002
,5.990748299,1.27158,0,0,0,0,0,0,0.026429,2.56343,0.00157238,0.0116491,0,1.91659,0,0.452669,1.94636,0.0106387,1.25249,0.0202616,0.0524457,2.95396,0.000863766,1.73505,0.00264097
,6.037188208,1.27699,0,0,0.444789,0,0.0131827,0,0.0238559,2.47994,0,0,0,2.01595,0.0031175,0.628011,2.09713,0.00124936,1.39492,0.0248284,0.265422,2.57156,0,1.64502,0
,6.083628117,1.20694,0,0.00500035,0.769889,0,0.00864514,0.0201249,0.0345474,2.42546,0,0,0,1.83808,0.00565475,0.853331,2.18299,0,1.25251,0.0651792,0.264386,2.83852,0,1.62964,0
,6.130068027,1.15393,0,0.013358,0.876445,0,0.0108597,0.0365971,0.0217235,2.43649,0,0,0,1.57375,0,0.843921,2.22968,0.00861224,1.27445,0.102778,0.226497,2.95414,0,1.63134,0
,6.176507936,1.07968,0.0266944,0.012995,0.835178,0.0153147,0,0.0035895,0,2.48476,0,0,0,1.36143,0.025213,0.762489,2.21157,0.0454473,1.29358,0.0108866,0.123977,2.93953,0,1.67076,0
,6.222947845,0.643173,0.116989,0,0.686693,0.0202887,0.016166,0,0,2.5538,0,0,0,0.913772,0.110496,0.755541,2.04936,0.0575548,1.36481,0.0527367,0.12775,2.95089,0,1.56314,0
,6.269387755,0.63004,0.711172,0.159819,0,0,0,0.0568111,0,2.42659,0,0.339152,0.0733495,0.360894,0.336318,0.710772,1.92008,0.0184926,1.22053,0.178412,0.0687465,2.66771,0,1.48871,0.0236162
,6.315827664,0.57919,1.0587,0,0,0.25383,0.971779,0.0943257,0.49514,0.254218,0.622222,0.0141392,0.200861,0.238127,0.57317,0.444587,2.42297,0.103467,1.26744,0.285065,0.357425,2.02246,0.330264,1.36585,0.0514821
,6.362267573,0.728052,0.875991,0.00472035,0.131342,0.354921,1.08439,0.0467231,0.35297,0.166351,0.33748,0.194078,0.36963,0.196091,0.584478,0.501098,2.45534,0.142278,1.20266,0.221791,0.349138,1.39309,0.18539,1.72423,0.0947387
,6.408707482,0.847787,0.598225,0.264585,0.824774,0.449265,0.598134,0.0238634,0.436192,0.0261075,0.18271,0.277051,0.382369,0.22834,0.429111,0.560121,3.0404,0.181383,0.908222,0.0976775,0.922455,0.463276,0.100369,1.95337,0.0980039
,6.455147392,0.856782,0.295186,0.509824,1.11737,0.189364,0.176279,0,0.460905,0,0.207545,0.175095,0.259011,0.230763,0.143869,0.637065,3.51493,0.0826411,0.863779,0,1.21211,0.0332907,0.114118,2.60541,0.0663863
,6.501587301,0.887422,0.105403,0.793361,1.45353,0.11204,0.0677804,0,0.662015,0.125156,0.155528,0.15431,0.12321,0.239015,0.0394525,0.65695,3.52685,0.0526225,0.958598,0,1.3477,0.274662,0.0854373,2.87237,0.0315795
,6.548027210,0.272324,0,0.00998849,2.50272,0,0.0429756,0.171137,0.94161,0.399849,0.225464,0.0732903,0.0469571,0.0733469,0.00796785,0.735125,3.2821,0.0187239,0.96945,0.036657,1.38734,0.527156,0.0530799,2.86151,0.0120354
,6.594467120,0.132973,0,0.14959,2.60087,0.0155126,0,0.0706227,1.03844,0.901881,0,0.0705082,0,0.107606,0.0150344,0.857578,2.88431,0.0177556,0.874362,0.197258,1.46528,0.712898,0.000435613,2.86156,0
,6.640907029,0,0,0.122356,2.64635,0.00855311,0,0.0864861,0.988721,0.797212,0,0.0592495,0,0,0.0206001,0.664275,2.99233,0.0255017,0.771657,0.241566,1.6707,0.733573,0.00137093,2.61365,0
,6.687346938,0.0364588,0,0.0720818,2.63898,0.0460654,0,0.0681565,0.969359,0.134607,0,0.0620006,0,0.0295037,0.091587,0.284298,3.2949,0.0478525,0.761849,0.190369,1.80427,0.417811,0.00221502,2.56511,0
,6.733786848,0.0441605,0,0.0556874,2.62771,0.117957,0,0.0174786,0.943657,0,0,0.071998,0,0.0357362,0.0547712,0.295852,3.31657,0.0749362,1.00156,0.0488199,1.62621,0,0.0119718,2.66623,0
,6.780226757,0,0,0.0549425,2.62964,0.145845,0,0.0255898,1.19003,0.199746,0,0.0822819,0,0,0.0718173,0.593696,3.06177,0.0906607,1.17021,0.0714753,1.13232,0.292608,0,2.63578,0
,6.826666666,0,0,0.182767,2.62326,0.150384,0,0.105055,1.09104,0.488119,0.0534942,0.0686518,0,0,0.0755374,0.668777,2.81459,0.105593,1.21077,0.293431,1.06846,0.852089,0.4803,2.28305,0
,6.873106575,0.0489507,0.12234,0.240077,2.53444,0.125178,0,0.0474603,0.974668,0.881012,0.0845303,0,0,0.0396126,0.186333,0.639658,2.61377,0.103736,1.45254,0.132562,1.30233,1.05506,0.758959,1.32708,0
,6.919546485,0.250626,0,0.231173,2.31702,0.0373119,0,0,0.655055,0.950747,0.109787,0,0,0.202815,0.0462083,0.327404,2.52855,0.0690575,1.32407,0,1.31736,0.937521,1.0032,1.82049,0
,6.965986394,0.261514,0,0.262715,2.28487,0,0,0,0.361642,0.741876,0.105154,0,0,0.211626,0.0319449,0.187535,2.8191,0.0524011,1.12123,0,1.04415,0.898422,0.959905,2.15086,0
,7.012426303,0.164341,0,0.303189,2.36066,0,0,0,0.103816,0.306917,0.0973839,0,0,0.13299,0.00128751,0.422049,3.21836,0.0325419,0.877077,0.0552662,0.576823,0.903503,0.874591,2.21994,0.0123608
,7.058866213,0,0,0.315353,2.42233,0,0,0,0.277448,0.140022,0.104329,0,0,0,0,0.689619,3.46719,0.0181172,0.744441,0.0689263,0.453684,0.794813,0.93672,2.14734,0.0175307
,7.105306122,0,0,0.20791,2.44513,0,0,0.00371629,0.708511,0.120792,0.0914432,0,0,0,0,0.822515,3.49909,0.00705746,0.951268,0.00151299,0.601114,0.693344,0.821027,1.89507,0.0171143
,7.151746031,0,0.135023,0,2.50852,0.0156799,0,0,0.944275,0.132753,0.0662148,0,0,0,0.0384071,0.717116,3.43571,0.0164283,1.09078,0,0.938543,0.763364,0.594513,1.95254,0
,7.198185941,0.154019,0.160536,0,2.44519,0.131751,0,0,0.896315,0.137264,0.0405782,0,0,0.041483,0.132461,0.657903,3.28985,0.0685843,1.02807,0,1.09627,0.786322,0.364333,2.01996,0
,7.244625850,0.0690581,0,0,2.37362,0.140175,0,0,0.949398,0.117321,0.0167338,0.0457405,0.445753,0.0185999,0.168127,0.643073,3.08124,0.0770397,0.668549,0,1.17741,0.672086,0.150246,2.53539,0.11425
,7.291065759,0.163584,0,0,2.67452,0.0935918,0,0,1.0052,0.0791375,0.0131305,0.0624386,0.489331,0.0703962,0.212519,0.601134,3.48886,0.0504633,0.501356,0,1.18071,0.0725156,0.117893,2.66315,0.125419
,7.337505668,0.130972,0,0,2.79307,0.0906892,0,0,1.05955,0.0501973,0.0154704,0.0675624,0,0.106801,0.233949,0.423614,3.78636,0.0443012,0.585907,0,1.25062,0.0270778,0.139699,2.65067,0
,7.383945578,0.126566,0,0,2.77875,0.07815,0,0,0.968684,0,0.260666,0.102596,0,0.130904,0.203325,0.291563,3.92866,0.0754881,0.585926,0,1.07827,0.00926985,0.145866,2.65403,0
,7.430385487,0,0.0340403,0.0391262,2.48728,0,0,0,0.807071,0,0.744332,0.237,0,0,0.0741452,0.539814,3.64663,0.12596,1.01137,0.00116372,0.612208,0.0214061,0.600113,2.68895,0
,7.476825396,0,0.0752671,0.956356,1.67167,0.00337986,0,0.0168243,0.513464,0.476182,0.0707014,0.94541,0,0,0.042265,1.04967,2.39826,0.130205,1.65992,0.0675617,0.321003,0.123266,0.328997,2.96596,2.00534e-05
,7.523265306,0.0546018,0.311936,1.36392,1.16763,0,0.110419,0.047404,0.30008,0.441563,0,1.17196,0,0.0743456,0.0887298,1.50248,1.31807,0.117093,2.07477,0.114152,0.302367,0.110877,0.283424,3.25233,2.74566e-05
,7.569705215,0.246928,0.528117,1.67185,0.646225,0,0,0.0373081,0.313931,0.363316,0.181838,1.18503,0,0.168704,0.150703,1.67305,0.739949,0.0962392,2.27304,0.104206,0.396024,0.0882772,0.314357,3.41058,2.38395e-05
,7.616145124,0.548171,0.414949,1.48987,0.66042,0,0.149687,0,0.364561,0.170947,0.354889,1.24108,0.0972872,0.825926,0.118032,1.65764,1.03636,0.068707,2.2531,0,0.281464,0.164422,0.338767,3.26612,0.0379245
,7.662585034,0.542264,0.119993,0.620855,0.952961,0,0.520678,0,0.29136,0.0783627,0.559882,1.62436,0.274047,1.08925,0.0487247,1.45695,1.26053,0.0466828,2.31859,0,0.227533,0.324398,0.364003,3.2604,0.116555
,7.709024943,0,0.192561,0.133031,0.398215,0,0.425872,0.0466431,0.81122,0.644852,0.224433,1.45629,0.509776,1.18845,0.181874,1.23001,0.951086,0.0149476,2.24866,0.00999078,0.390294,0.689398,0.236468,2.86274,0.130713
,7.755464852,0,0,0.151621,0.132462,0,0.416153,0,1.04327,0.683361,0.0314636,1.40264,0.494761,1.10816,0,1.21557,0.866007,0.00674307,2.39818,0,0.494831,0.656711,0.225576,2.70253,0.12687
,7.801904761,0,0,0.113051,0.130451,0.029551,0.352081,0,0.896633,0.566747,0.0717615,1.934,0.540152,1.07733,0,1.04302,0.862868,0.0586724,2.39887,0.0293383,0.423916,0.446402,0.339323,2.93578,0.138496
,7.848344671,0,0.0376738,0.0502526,0.224762,0.297839,0.267008,0,0.544247,0.650201,0.262375,1.36082,0.435293,0.975772,0.035583,1.17525,0.568898,0.449374,2.76215,0,0.263331,0.34248,0.373929,3.05975,0.112337
,7.894784580,0,0.108522,0.0179496,0.0630606,0.635161,0.0935173,0,0.761196,0.489487,0.172617,1.56043,0.315133,1.01549,0.102499,1.18624,0.214493,0.638383,2.62421,0,0.36639,0.345956,0.399138,3.25049,0.0808023
,7.941224489,0,0.0227301,0,0.04961,0.68668,0.0544047,0.24188,0.97229,0.340492,0.110073,2.04237,0.289839,1.17177,0.0214687,1.10477,0.0260036,0.593743,2.56416,0.0984752,0.461884,0.396391,0.397273,3.40965,0.0743059
,7.987664399,0,0,0,0.0927719,0.281891,0.309088,0.542709,0.577597,0.088031,0.168486,1.65246,0.189283,1.24894,0,0.997075,0.126607,0.13723,3.09448,0.22095,0.288311,0.618096,0.800013,2.82563,0.0532168
,8.034104308,0.0440551,0.0687053,0,0,0.111707,0.343106,0.753816,0,0.0875868,0.191978,1.52677,0.140397,1.18253,0.0703193,1.06499,0.0701421,0.0413565,3.12034,0.306897,0.0396981,0.570826,1.00784,2.73295,0.0569079
,8.080544217,0,0.275234,0.0628272,0,0.0563336,0.281705,0.496933,0,0.105079,0.24155,1.50332,0.167711,1.06976,0.277559,1.0561,0.165441,0.0306795,2.86828,0.202314,0.0476388,0.61969,0.970429,2.54192,0.0759302
,8.126984126,0,0.408189,0,0,0.0216473,0.234025,0,0.212776,0.111367,0.247355,1.55095,0.29649,1.00143,0.400169,1.1816,0.432059,0.00749524,2.51465,0,0.143594,0.630645,0.797415,2.70633,0.0991624
,8.173424036,0,0.268584,0,0,0,0.622341,0,0.274117,0.108744,0.203564,1.59458,0.334107,1.10647,0.255008,1.38148,0.469157,0,2.50204,0,0.165723,0.613424,0.767504,2.97436,0.0879173
,8.219863945,0,0.0222392,0,0.0255202,0,0.830912,0,0.181463,0.0848137,0.214572,1.65192,0.319524,1.13342,0.021005,1.48503,0.20646,0.000302724,2.70621,0,0.120379,0.48286,0.796237,3.0718,0.0819358
,8.266303854,0,0,0,0.00495689,0.108241,0.88677,0,0.102691,0.0288158,0.189433,1.68764,0.269157,0.947214,0,1.58219,0.0727437,0.0437873,2.82599,0,0.0839972,0.208824,0.76387,3.1114,0.073847
,8.312743764,0,0,0,0,0.422113,0.452884,0,0.0673575,0,0.143779,1.67263,0.21901,0.588423,0,1.67852,0.0103149,0.158111,2.89422,0,0.0699119,0.158084,0.721961,3.22323,0.0652408
,8.359183673,0,0,0,0,1.23942,0.306114,0,0,0.0160745,0.226503,2.03853,0.145662,0.457743,0,1.72834,0,0.443772,2.69419,0,0.0317566,0.339599,0.544733,3.44258,0.0431578
,8.405623582,0,0,0,0.195437,1.298,0.0709415,0,0,0.0485761,0.205495,2.24272,0.176121,0.453337,0.00262843,1.58078,0.0630112,0.665804,2.40649,0,0.0274801,0.519647,0.260366,3.66845,0.0536868
,8.452063492,0,0.0699789,0,0.331103,1.14332,0,0,0,0.021049,0.143856,2.30549,0.212028,0.888452,0.0662019,1.43786,0.106751,0.658104,2.46097,0,0.0237938,0.330437,0.103837,3.63625,0.0596824
,8.498503401,0,0.132796,0,0.423723,0.945265,0.246963,0,0,0.000224317,0.112299,2.22253,0.221352,1.27991,0.125426,1.3168,0.136613,0.600962,2.55666,0,0.0290755,0.103555,0.063248,3.4671,0.0588515
,8.544943310,0,0.0340011,0,0.353155,0.935792,0.249288,0,0,0.00121016,0.0979595,2.13474,0.228931,1.23314,0.0321141,1.36968,0.113861,0.493604,2.3572,0,0.0327948,0.168357,0.0230622,3.66232,0.068281
,8.591383219,0.0368632,0,0.00218356,0.161532,1.35985,0,0,0,0,0.109882,1.8903,0.212068,1.01573,0,1.38746,0.122545,0.521933,2.03212,0.0192035,0.0229379,0.0640239,0.0258689,4.07271,0.070398
,8.637823129,0,0,0.401906,0.273292,1.48981,0,0.116041,0.0337722,0.034486,0.118594,1.42996,0.0240153,0.745562,0,1.33087,0.15349,0.625165,1.9657,0.388857,0.0274952,0.0215611,0.02792,3.96347,0.032281
,8.684263038,0.00723665,0.33153,0.526296,0.248306,0.968299,0,0.164007,0,0,0.139315,1.56728,0.0642555,0.61733,0.0943034,1.08217,0.166063,0.748626,2.04796,0.533642,0.0130385,0.00270506,0.0327983,3.86803,0.0473825
,8.730702947,0,0.551537,0.510395,0.249071,0.45062,0.0474444,0.206026,0,0,0.156669,1.919,0.146787,0.620747,0.156884,0.846492,0.167038,0.775075,2.07984,0.555638,0.0171479,0.00178577,0.0368839,3.89087,0.0690571
,8.777142857,0.122943,0.733385,0.310767,0.208399,0.459063,0.253374,0.100321,0,0,0.183738,1.7678,0.462176,1.02479,0.208611,0.826326,0.133101,0.728891,2.09929,0.313309,0.0279762,0.00528852,0.0432567,3.97059,0.126534
,8.823582766,0.609688,0.38532,0,0.130616,0.435506,0.628023,0.00172137,0,0,0.120123,1.96021,0.479925,1.35922,0.132998,1.25601,0.176789,0.657645,2.19317,0.00480798,0.0146728,0.0309885,0.02828,3.85404,0.123034
,8.870022675,0.62453,0.156869,0,0.099852,0.282514,0.987249,0.040299,0.10392,0.0206876,0.137098,1.73286,0.29929,1.25563,0.0446214,1.55044,0.0960167,0.451541,2.30306,0.0339589,0.0305725,0.14928,0.0322764,3.7648,0.0777413
,8.916462585,0.300424,0.0281408,0,0.0361965,0.309606,0.997851,0.266297,0.0631433,0.132469,0.421197,1.52228,0.100832,1.19921,0.00800462,1.59739,0.0489922,0.391486,2.48633,0.338837,0.0138992,0.374374,0.0996031,3.78519,0.0261435
,8.962902494,0.418549,0,0.0948538,0.0837198,0.443675,1.14689,0.142219,0,0.49864,0.398744,1.30061,0.236874,1.1524,0,1.44681,0.0269922,0.533631,2.66045,0.397236,0.00657677,0.502391,0.0974216,3.88867,0.065717
,9.009342403,0.186021,0,0.149158,0.466396,0.366464,0.973111,0.0700174,0,0.251166,0.593403,1.55699,0.650329,0.963636,0,1.19358,0.150371,0.463563,2.82725,0.195567,0.00645897,0.563191,0.1429,3.78434,0.176468
,9.055782312,0,0,0.344592,0.375753,0.362558,0.909825,0.0191657,0,0.176318,0.480867,1.83411,0.75048,0.969943,0.00377128,0.936434,0.123507,0.521158,2.92878,0.0535322,0.00471911,0.475057,0.115528,3.66453,0.200534
,9.102222222,0,0.0674208,0.606019,0.312551,0.417149,1.01624,0,0,0.154664,0.507941,1.87604,0.588267,1.20438,0.0723615,0.970238,0.181529,0.468167,2.59012,0,0.00358067,0.615573,0.119582,3.60345,0.150914
,9.148662131,0,0.721327,0.909765,0.212836,0.356658,1.23911,0,0,0.105794,0.644261,1.45045,0.420559,1.02464,0.267268,1.1152,0.288075,0.415608,2.61941,0,0.019242,0.584923,0.151675,3.04807,0.132954
,9.195102040,0,0.973801,1.29585,0.259224,0.312526,0.904548,0,0,0.0271801,0.0231209,1.41531,0,0.764331,0.354954,1.17408,0.369925,0.130056,2.56999,0,0.0373029,0.469691,0.207592,2.73195,0.0805607
,9.241541950,0.0768661,0.223556,0.0537812,0.162737,0.646017,0.92873,0.0333103,0.0245619,0.102234,0.0695518,1.41347,0,0.876476,0.280206,0.720675,0.269342,0.245437,2.46081,0.0135614,0.0499326,0.617268,0.624474,2.72922,0.0865179
,9.287981859,0.0624313,0.27594,0,0.216587,0.445597,1.00274,0,0.0695442,0.114067,0.166628,1.39277,0,0.939356,0.311595,0.709027,0.341285,0.176901,2.27667,0.0248517,0.0682505,0.671042,0.671028,2.63181,0.0863746
,9.334421768,0.070665,0.223449,0,0.332659,0.15903,0.212434,0.289205,0.212082,0.116299,0.0825226,1.43444,0,0.971719,0.229627,0.859033,0.479334,0.287359,2.16165,0.117742,0.12833,0.659794,0.740933,2.5569,0.0786718
,9.380861678,0,0.195839,0,0.409287,0.218113,0,0.0570627,0.245582,0.0895718,0.0950158,1.45477,0,0.892308,0.194994,1.00437,0.558569,0.384365,2.17154,0.0232316,0.139115,0.508918,0.853104,2.68383,0.079678
,9.427301587,0,0.159377,0,0.306738,0.251901,0,0.119896,0,0.0242525,0.0931808,1.46784,0,0.710515,0.170568,1.03161,0.415172,0.442752,2.16113,0.0488124,0.0266028,0.459672,0.836628,2.90234,0.0628081
,9.473741496,0,0.0427019,0.0197865,0.0376016,1.11281,0.779527,0.0659862,0,0.00916551,0.243474,1.46143,0,0.60798,0.0838733,0.975351,0.050894,0.404041,2.27817,0.293257,0.0214694,0.469557,0.682149,3.03077,0.0441073
,9.520181405,0.0038112,0.961999,0.612773,0.100455,0.641724,0.44086,0,0,0,0.47031,1.36198,0.543968,0.789271,0.330823,1.01365,0.135966,0.391292,2.12124,0.162877,0,0.256713,0.371468,3.0407,0.154849
,9.566621315,0.0918502,0.480284,0.72442,0.385136,0.440794,0.244745,0,0,0.0293186,0.457379,1.35101,0.446757,1.18861,0.224116,1.04256,0.521284,0.563594,2.32349,0.0314384,0,0.181905,0.241344,2.724,0.114737
,9.613061224,0.44581,0.105252,0.359149,0.753449,0.169495,0.431703,0,0,0.0035966,0.179043,1.45503,0.625578,0.950985,0.141826,1.04139,0.421867,0.288387,2.71148,0.0380516,0.0209401,0.0202001,0.207446,3.22119,0.16034
,9.659501133,0.448343,0,0.303309,1.03915,0.0758367,0.406443,0.133049,0,0.0109689,0.126897,1.6766,0.647046,0.593326,0,0.894536,0.652878,0.135745,2.41119,0.0809333,0.121537,0.0616061,0.154603,3.49299,0.229659
,9.705941043,0.322522,0.170995,0.514326,0.351817,0.285982,0.423125,0,0,0.0742609,0.00063452,1.848,0.693619,0.251979,0.0486395,1.24587,0.830205,0.118027,1.9916,0.00403757,0.452296,0.111552,0.00569706,3.6082,0.195976
,9.752380952,0.416177,0.670232,0.854912,0.201146,0.822849,0.410713,0.101715,0,0.0748644,0.366566,0.952867,0,0.488571,0.190647,1.1043,1.00997,0.307433,1.52586,0.0414105,0.591022,0.420472,0.201368,3.38991,0
,9.798820861,0.168166,0.867538,1.23083,0.553099,0.823791,0.437074,0.0512872,0,0.0461978,0.578925,0.500271,0,0.745681,0.246771,0.784238,1.46707,0.309439,1.72944,0.0911785,0.406617,0.259468,0.275532,2.65129,0
,9.845260770,0.145318,0.632479,1.3102,0.71545,0.57203,0.484759,0.165615,0.165078,0.164994,0.544617,0.183955,0,0.979802,0.179908,0.619485,1.7521,0.219559,1.90761,0.375048,0.194301,0.626419,0.299178,2.36757,0
,9.891700680,0.250838,0.539395,1.47294,0.940679,0.353845,0.333172,0.123311,0.0898137,0.599335,0.166381,0.00578558,0,1.35488,0.153431,0.767941,1.97502,0.136342,1.83214,0.445579,0.0330321,1.60132,0.0913992,2.13643,0
,9.938140589,0.670108,0.615482,1.17243,1.06011,0,0.043339,0,0.0745238,1.8812,0.0458011,0,0.174926,1.54487,0.175073,0.848705,2.49117,0.00365588,1.2627,0.181306,0.0164043,2.49931,0.0107827,1.96384,0.0637218
,9.984580498,0.780579,0.38886,0.749015,0.930202,0.0347624,0,0,0.0646206,2.28631,0.0748491,0,0.436737,1.26105,0.174917,0.689892,2.45011,0.174091,0.521395,0.0208373,0.0142244,2.85216,0.0176214,1.94054,0.117286
,10.031020408,0.663625,0.471242,0.142889,0.428768,0,0.0258537,0.116479,0.0382121,2.27318,0.162393,0,0.588505,0.984302,0.205205,0.160052,2.58976,0.225237,0.471816,0.0305071,0.188251,2.54506,0.0385492,1.90771,0.150838
,10.077460317,0.274388,0.874693,0.236034,0.331589,0,0.0664367,0.106218,0.0268203,2.28099,0,0,0.115079,0.939319,0.248806,0.202896,2.78552,0.145139,0.615939,0.29764,0.26126,2.57767,0.00136792,1.67546,0.0808971
,10.123900226,0.00101985,0,0.558852,0.166257,0.0275249,0.185874,0.192657,0,2.32006,0,0.000947996,0.0231537,0.769542,0,0.625978,2.63685,0.165844,0.854867,0.607122,0.444751,3.01874,0.0020651,1.386,0.0162764
,10.170340136,0.000535886,0,0.745072,0.920782,0,0.157666,0.170182,0,2.29122,0,0,0,0.869976,0,0.680452,2.60543,0.201787,0.816598,0.552781,0.354326,3.17497,0.000538216,1.35905,0
,10.216780045,0.161227,0,0.163396,0.673351,0,0.103775,0.150928,0,2.35497,0,0,0,0.948955,0,0.36899,2.83165,0.00170447,0.778742,0.42156,0.432781,3.23164,0.0010438,1.37594,0
,10.263219954,0.316058,0,0.0632883,0.789926,0,0.0450288,0.0804354,0.0200927,2.45533,0,0,0,1.04451,0,0.170252,2.90651,0.00494326,0.750021,0.224666,0.505732,2.95878,0.00180135,1.42313,0
,10.309659863,0.295449,0.131673,0.10212,0.615171,0.13095,0.0798706,0,0,2.44629,0,0.00507232,0,0.990023,0.124365,0.175591,2.8956,0.219029,0.876597,0,0.662531,2.66243,0.00163849,1.43117,0
,10.356099773,0.408128,0,0,0,0,0.374644,0,0.0571743,1.78371,0.279948,0.0107733,0,0.918838,0,0.0713241,2.87534,0,1.42192,0,0.735396,2.48817,0.634892,1.3215,0
,10.402539682,0.734885,0.0316088,0,0,0,0.326975,0,0.0770924,1.74655,0.290189,0.00454332,0,0.944073,0.0298546,0.0919518,3.04585,0.00324945,1.06887,0,0.730782,2.48879,0.739857,1.09391,1.08939e-05
,10.448979591,0.859989,0.053858,0,0,0,0.19044,0,0.0883503,2.04662,0.0807281,0,0,0.896241,0.0840936,0.106022,3.07393,0.0151585,0.57216,0,0.744944,2.57468,0.728158,1.21178,1.3408e-05
,10.495419501,0.870647,0.0757699,0,0,0,0.0263085,0,0.095502,2.23186,0.262445,0,0,0.942343,0.071565,0.123743,2.97415,0.0193237,0.204674,0,0.741301,2.73465,0.724086,1.35804,0
,10.541859410,0.823341,0.0292331,0,0,0.0151563,0,0,0.0736632,2.29007,0.306922,0,0,0.995456,0.0276108,0.168416,2.82264,0.0384173,0.465184,0.00401052,0.699225,2.83094,0.795306,1.43388,0
,10.588299319,0.810361,0,0,0,0,0.024464,0,0,2.01195,0.347499,0,0,1.14255,0,0.433477,2.76409,0.000419312,0.826438,0,0.809013,2.29379,0.8473,1.51472,0
,10.634739229,0.893028,0.0121517,0,0,0,0.060594,0,0,1.77521,0.299437,0,0,1.31072,0.0114773,0.480077,2.85209,0,1.03218,0,0.825256,1.62655,0.733978,1.49367,0
,10.681179138,0.915524,0,0,0.00969633,0,0.235483,0,0.0800127,1.94995,0.242899,0,0,1.41745,0,0.434873,2.77254,0,1.44828,0.00871901,0.69995,1.5368,0.549054,1.57177,0
,10.727619047,0.77669,0,0.0254774,0.167712,0,0.265846,0.00084371,0.0696974,2.18825,0.19928,0,0,1.34267,0,0.487812,2.609,0.0112225,1.627,0.017389,0.591913,1.87851,0.403731,1.55228,0
,10.774058956,0.703739,0.074375,0.102659,0.905085,0.0924884,0.226458,0.0327339,0.00509821,2.32633,0.0990903,0,0,1.30562,0.0702474,0.5289,2.58583,0.0451668,1.42497,0.0979634,0.41658,2.10395,0.186306,1.59866,0
,10.820498866,0.921773,0.207483,0.0492114,0.489623,0,0.159977,0.0556101,0.0427487,2.47469,0.0418696,0,0,1.46215,0.195968,0.342051,2.62504,0.126989,1.06326,0.155326,0.554829,2.30296,0.113425,1.57263,0
,10.866938775,1.15009,0.225267,0.0129546,0.563214,0,0.0733858,0.0145841,0.0969797,2.5556,0.00991669,0,0,1.74894,0.212765,0.0145107,2.7456,0.333529,0.601349,0.0407351,0.70806,2.19266,0.0909284,1.5893,0
,10.913378684,1.29587,0.12687,0.0150226,0.586999,0,0.225763,0,0.105873,2.55369,0,0,0,1.65897,0.119829,0.0683541,2.88678,0.27641,0.77315,0,0.852324,1.78195,0.00192313,1.25373,0
,10.959818594,1.1984,0.296878,0.654926,0.965494,0.291627,0.253134,0,0,2.50527,0,0.193663,0,1.1676,0.0844467,0.29067,2.57371,0.157531,1.02772,0.00331937,1.06227,1.69754,0.00350797,1.16902,0.0332733
,11.006258503,0.924659,0.576041,0.589952,1.39878,0.387836,0.227826,0,0,2.37331,0,0.023432,0,0.803735,0.163854,0.369565,1.97631,0.134286,1.22748,0,0.876823,1.75209,0.00159647,1.49689,0.0138615
,11.052698412,0.796642,0.441914,0,2.01588,0.235292,0.138482,0.000474539,0.178433,2.03136,0,0.0182448,0.0154024,0.365768,0.125702,0.444556,2.27157,0.0814681,1.18601,0.000101644,0.31259,1.74809,0,2.17678,0.00537552
,11.099138321,0.738739,0.218611,0,2.09022,0.117596,0.0628837,0.159041,0.0349793,1.73003,0,0.0540691,0.0496636,0.198969,0.0621838,0.634894,2.69778,0.0407167,0.990114,0.034066,0.207025,1.18737,0,2.68581,0.0127291
,11.145578231,0.819388,0.100806,0,2.29702,0.0630272,0.0522509,0.0186144,0.0396501,1.28374,0,0.0783375,0,0.220691,0.118025,0.7018,3.06168,0.0129393,0.71334,0.00398713,0.409843,0.697326,0,2.79741,0
,11.192018140,0.747308,0,0,2.48613,0.0807091,0,0.020505,0.214419,0.92804,0.0580522,0.148322,0,0.201277,0,0.686906,3.3077,0.0165694,0.437117,0.00439209,1.14767,0.607209,0.013667,2.80269,0
,11.238458049,0.497236,0,0,2.6197,0,0,0.0175336,0.399849,1.08376,0.329372,0.0735992,0,0.133924,0.000357084,0.642909,3.33202,0.00271165,0.319961,0.00375563,1.34376,0.658889,0.0775425,2.7513,0
,11.284897959,0.180025,0,0,2.68767,0,0.0394492,0,0.75671,1.5013,0,0.0819764,0.39246,0.0484872,0.00974607,0.525943,3.1231,0.00512054,0.428246,0,1.51869,0.854764,0,2.64224,0.10059
,11.331337868,0.454732,0,0,2.58699,0,0.0415928,0,0.943658,1.49033,0.41829,0.0869007,0.284882,0.307409,0.00753255,0.351197,3.00615,0.00642372,0.568569,0,1.31344,0.842767,0.0984761,2.72566,0.0730173
,11.377777777,0.629982,0,0,2.64469,0,0,0,0.867472,1.13473,0.514008,0.164809,0.181155,0.509803,0,0.309823,3.13851,0.00890155,0.667055,0,1.29167,0.948994,0.121011,2.59318,0.0464314
,11.424217687,0.564868,0,0,2.64549,0,0,0,0.867456,0.588619,0,0.056256,0.459736,0.45711,0.00108103,0.230953,3.16947,0.0112205,0.688112,0,1.61961,0.84582,0,2.6015,0.117834
,11.470657596,0.0994805,0,0,2.5418,0.0594408,0,0,0.849905,0.733941,0,0.0615297,0,0.080503,0.00530295,0.170392,3.08443,0.0337251,0.861485,0,1.8576,0.845265,0,2.79679,0
,11.517097505,0,0.174849,0.103352,2.48163,0.0929373,0,0,0.596122,1.16479,0.0641378,0,0,0,0.191258,0.342316,2.85168,0.0414912,1.24473,0,1.67558,0.688921,0.575864,2.55996,0
,11.563537414,0.0543595,0.261175,0.303424,2.53649,0.162853,0,0,0.125887,1.12921,0.340741,0,0,0.0439895,0.334375,0.507418,2.8778,0.165304,1.27405,0,1.41177,0.661601,0.5812,2.44593,2.5576e-05
,11.609977324,0.409695,0.148555,0.191066,2.49144,0.150825,0,0,0.0693494,0.916215,0.357753,0,0,0.331539,0.274146,0.650666,2.81736,0.122217,1.03544,0,1.18801,0.812721,0.66279,2.34388,4.93652e-05
,11.656417233,0.641676,0,0.147685,2.4857,0.0420342,0,0,0,0.784688,0.0812719,0,0,0.519266,0.219985,0.672682,2.84379,0.014554,0.993328,0,0.969848,0.949403,0.729704,2.3011,4.29712e-05
,11.702857142,0.688933,0,0,2.38163,0.0169712,0,0,0.0538396,0.60687,0.0967498,0,0,0.557508,0.225559,0.633498,2.70336,0.00700278,1.15024,0.0532076,0.717699,1.01097,0.868673,2.29588,0
,11.749297052,0.525681,0,0,2.48452,0.00277563,0,0,0.124162,0.424111,0.109115,0,0,0.425399,0.086696,0.667774,2.77672,0.00237193,1.2022,0.155519,0.64866,0.896211,0.979693,2.30359,0
,11.795736961,0.104173,0,0.160548,2.51377,0.062505,0,0,0.352049,0.107124,0.0851063,0,0,0.0843005,0.0937462,0.658346,3.10521,0.0216419,1.25378,0.167264,0.794828,0.616432,0.764131,2.34371,0
,11.842176870,0,0.127321,0.0609344,2.43624,0.190436,0,0,0.716914,0.100451,0.0589706,0,0,0,0.111856,0.656182,3.26022,0.0659372,1.10674,0.232604,0.712385,0.586469,0.529471,2.28634,0
,11.888616780,0.0571247,0.106639,0,2.42943,0.0687685,0,0,0.895017,0.104503,0.0366449,0,0.648882,0.0462273,0.0869963,0.806572,3.02561,0.0238106,1.01272,0.17146,0.574433,0.616773,0.329018,2.23674,0.166313
,11.935056689,0.37524,0,0,2.42816,0.136999,0,0,0.912037,0.0692169,0.0258643,0.331357,0.522712,0.271864,0.0589225,0.912545,2.95464,0.0775184,1.08228,0.0672584,0.645856,0.41987,0.232223,2.23836,0.133975
,11.981496598,0.586321,0,0.0464269,2.5669,0.0835677,0,0,0.799654,0,0.0727589,0.213733,0.532689,0.387797,0,0.883675,3.15609,0.112342,0.977175,0.163185,0.952994,0.0475121,0.653269,2.17675,0.136532
,12.027936507,0.369923,0,0.0958076,2.63824,0.0824037,0,0,0.755814,0.00025756,0.0701278,0.00479103,0,0.299354,0.00741599,0.779355,3.53795,0.167291,0.638482,0.247371,1.20862,0.0623079,0.629646,2.25334,9.12481e-06
,12.074376417,0.189045,0,0.0333308,2.80681,0.0703543,0,0,0.4585,0,0.0406576,0.0269746,0,0.199564,0,0.622668,3.57547,0.0571389,0.390723,0.325386,1.10746,0.0221886,0.365046,2.50037,0.000110525
,12.120816326,0.0692754,0.0365171,0.0125284,2.76311,0.095505,0,0.142247,0.121333,0,0.00389695,0.170435,0,0.0690791,0.0103873,0.254048,3.33692,0.0493568,0.253189,0.67271,0.874222,0,0.248748,2.31942,0.0178901
,12.167256235,0,0.0557421,0,2.45777,0,0,0,0.0150827,0.456518,0.805612,0.262878,0.0827378,0.0173754,0.0704936,0.264966,2.92191,0.000946738,0.466635,0.748805,0.43983,0.103701,1.00956,2.19917,0.121711
,12.213696145,0,0.263511,0.111829,2.3168,0.0152127,0,0.0382895,0.212047,0.372523,0.842605,0.0294318,0.307363,0.260322,0.0749554,0.461588,2.80892,0.00526728,1.30157,0.492784,0.0621816,0.0846208,1.32431,2.00174,0.290754
,12.260136054,0.315368,0.0831375,0.39117,1.98521,0,0.219332,0.0152827,0.191607,0.345977,0.751518,0.0421143,0.492486,0.49699,0.0236484,0.966352,2.32045,0,2.52866,0.118573,0.0555337,0.0785909,1.15541,2.16298,0.298779
,12.306575963,0.242012,0,0.647832,1.6466,0,0.560207,0,0.138474,0.183188,0.59935,0.10972,0.804656,0.32931,0,1.79014,1.39378,0.0174928,3.16349,0,0.0422699,0.100277,0.63576,2.82892,0.232945
,12.353015873,0,0.044638,0.559528,0.822781,0,0.655418,0,0.501216,0.204177,0.27865,0.999004,0.878465,0.14106,0.0421608,1.97633,0.763996,0.0282598,3.12796,0,0.230101,0.32768,0.190866,3.41346,0.232354
,12.399455782,0,0,0.195705,0.171561,0,0.517035,0,1.04425,0.129597,0.0908689,2.03245,0.354004,0.0831243,0,1.95265,0.483926,0.0197665,2.9036,0,0.470892,0.357952,0.0386374,3.65842,0.0910014
,12.445895691,0,0,0.159193,0.0964629,0.00412876,0.557687,0,0.762998,0.0296734,0.0479799,2.14898,0.228678,0.531135,0,1.93575,0.266998,0.00789747,2.92714,0,0.353063,0.439028,0.0165267,3.62733,0.0586741
,12.492335600,0,0,0.153857,0.210519,0.177914,0.392265,0,0.477611,0.0810265,0.118699,2.18743,0.247659,0.950449,0,1.88601,0.0686187,0.29863,2.70502,0,0.238859,0.539764,0.0350743,3.52533,0.0635347
,12.538775510,0,0.0564115,0,0.19874,0.559292,0.0860146,0,0.458091,0.0766044,0.14349,2.1875,0.283213,1.16015,0.0532809,1.84389,0.0640759,0.565851,2.33502,0,0.237068,0.430245,0.089088,3.43892,0.0726523
,12.585215419,0,0.0472715,0,0.182439,0.518157,0.0667593,0,0.304703,0.0437436,0.120027,2.1784,0.30148,1.04856,0.0446481,2.02425,0.0871177,0.496119,2.30867,0.00654781,0.170895,0.245684,0.0355126,3.62824,0.0773375
,12.631655328,0,0,0,0.17173,0.378829,0.131121,0.0170164,0.08985,0,0.0872208,2.15286,0.290694,0.811091,0,2.17063,0.179891,0.290473,2.31076,0.0203634,0.0751399,0.00889485,0.0258422,3.92856,0.074582
,12.678095238,0,0,0,0.0561776,0.745122,0,0.114524,0,0.00268603,0.28878,2.01225,0.193257,0.619469,0.00070597,2.20319,0.223119,0.279554,2.41743,0.0466254,0.0454985,0.0563374,0.87596,3.51018,0.0496299
,12.724535147,0,0,0,0.020201,0.803445,0,0.0926405,0,0.059417,0.310569,1.60795,0.163652,0.522744,0.0142372,1.99067,0.147764,0.401196,2.54704,0.0377162,0.0577406,0.333713,0.855884,3.25897,0.0655484
,12.770975056,0,0,0,0,0.369727,0.210444,0,0.0532445,0.102328,0.309846,1.58683,0.200199,0.536578,0.0171603,1.79731,0.059487,0.289188,2.59779,0,0.082236,0.574722,0.837897,3.1827,0.0898081
,12.817414965,0.151478,0,0,0,0.0460613,0.286316,0,0.200369,0.117686,0.282521,1.58883,0.237797,0.557585,0.0147078,1.81641,0.0140854,0.0297944,2.62557,0,0.147534,0.660976,0.874351,3.26833,0.0862035
,12.863854875,0.196618,0,0,0,0,0.343759,0,0.290877,0.123216,0.230574,1.58046,0.241251,0.473201,0.00710262,1.87064,0.0418194,0.0169551,2.71307,0,0.187638,0.692035,0.958483,3.36254,0.0619353
,12.910294784,0,0,0,0.00486344,0.0069204,0.673403,0,0.203494,0.0871764,0.239211,1.59992,0.234081,0.465501,0,1.94889,0.0632831,0.0146658,2.87081,0,0.142698,0.489622,1.10806,3.26082,0.0600449
,12.956734693,0,0,0,0,0.0769864,1.01687,0,0,0.0136169,0.217716,1.58166,0.2398,0.507069,0,2.094,0.0100912,0.0523998,3.00047,0,0.0419144,0.0980921,1.00705,3.17841,0.0614624
,13.003174603,0,0,0,0,0.366008,0.772959,0,0,0.0138034,0.177388,1.58571,0.238855,0.442044,0,2.1802,0.000354285,0.148843,2.91671,0,0.038827,0.0806954,0.970862,3.08421,0.0633406
,13.049614512,0,0,0,0.274973,0.933863,0.206715,0,0,0.00756802,0.145549,1.81077,0.197637,0.402683,0,2.31705,0.372178,0.337276,2.59316,0,0.0375004,0.0425054,0.795488,2.96249,0.0506559
,13.096054421,0,0,0,0.415673,1.01945,0,0,0,0.00526457,0.157692,2.11105,0.220488,0.442361,0,2.46675,0.413122,0.472482,2.18425,0,0.0389645,0.039037,0.416137,3.29639,0.0565206
,13.142494331,0,0.105369,0,0.411744,0.721465,0.417728,0.016745,0,0,0.155318,2.03541,0.252028,0.618734,0.0995214,2.3901,0.347775,0.479789,2.24602,0.0467709,0.0435214,0,0.122705,3.62857,0.064635
,13.188934240,0,0.176405,0,0.326277,0.499903,0.551007,0,0,0,0.138418,1.8884,0.262394,0.728211,0.166615,2.34366,0.298662,0.444993,2.34689,0,0.0392444,0,0.0330193,3.86504,0.0673076
,13.235374149,0.176643,0.249236,0,0.1616,0.931028,0,0.154582,0,0,0.0707286,1.76657,0.183303,0.751076,0.236007,2.2942,0.218727,0.344202,2.30578,0.0648053,0.0335545,0.0235119,0.0166513,3.81939,0.0470142
,13.281814058,0.431112,0.545,0.501938,0,1.14118,0,0.233194,0,0.108019,0.0316773,1.07301,0.132038,0.470401,0.514754,2.53648,0,0.428963,2.38824,0.116806,0.00192539,0.0793446,0.00745764,3.64089,0.0338927
,13.328253968,0.391108,0.579944,0.45062,0,1.07648,0.0648047,0.11058,0.00428781,0.0620562,0.0123851,0.948078,0.243318,0.316498,0.350107,2.41147,0,0.430646,2.36006,0.0420257,0.0173682,0.0572786,0.00291576,3.52432,0.0642777
,13.374693877,0.558509,0.586973,0.560392,0.324283,0.711089,0.0513264,0,0.0701691,0.00210787,0,0.768322,0.479134,0.498154,0.338889,2.27059,0.104553,0.425903,2.43881,0.0169839,0.0313101,0.0369876,0,3.4803,0.149092
,13.421133786,0.863187,0.38814,0.102497,0.96665,0.31123,0,0.00366737,0.10578,0.0157209,0,0.513168,0.599266,0.805502,0.189876,1.8851,0.311659,0.495144,2.51736,0.0140188,0.0232844,0.113215,0,3.29906,0.15625
,13.467573696,0.896537,0.202952,0,0.667311,0.279341,0.161122,0.0385046,0.0106834,0.0109151,0,0.54996,0.56817,1.00595,0.0577294,1.70587,0.215149,0.457745,2.44894,0.00824754,0.00235165,0.0957351,0,3.503,0.145626
,13.514013605,0.867578,0.170834,0,0.379419,0.272685,0.166518,0.0043847,0,0,0,1.8822,0.488363,0.959225,0.0498791,1.56397,0.122329,0.392358,2.06749,0.000939187,0,0.0398602,0,3.958,0.125171
,13.560453514,0.677313,0.147277,0,0.039293,0.342935,0.808186,0.118256,0,0.0684957,0.0837718,2.11275,0.219867,0.543577,0.0418929,1.56319,0.0127173,0.448292,2.17216,0.22648,0.00323083,0.425588,0.019722,4.06266,0.0563535
,13.606893424,0.17885,0.0909952,0,0,0.489291,1.09459,0.0711986,0,0.126594,0.339044,2.08023,0.729011,0.267997,0.0258835,1.57311,0,0.639263,2.43117,0.198866,0.00752039,0.74796,0.0798195,3.95873,0.186973
,13.653333333,0,0,0.475417,0,0.560132,0.934201,0.0560834,0,0.49863,0,1.95002,0.837501,0.343276,0.00920108,1.42862,0.00260591,0.812699,2.65463,0.156648,0.00650107,0.686747,0,3.70871,0.214838
,13.699773242,0,0,0.575165,0.0121331,0.455878,0.797515,0.0775657,0,0.422384,0.173323,1.91947,0.634251,0.463989,0.00682542,1.32689,0.00391186,0.695706,2.77491,0.216651,0,0.630911,0.0408046,3.51315,0.162725
,13.746213151,0.00931441,0,0.677796,0.247104,0.376855,0.764983,0.113635,0,0.259477,0.383605,1.93264,0.568273,0.909972,0,1.46339,0.159145,0.503308,2.73583,0.156463,0.00299381,0.49855,0.0903103,3.58194,0.145673
,13.792653061,0.0265592,0,0.734121,0.254852,0.323723,0.831276,0,0,0.108911,0.506611,1.95976,0.727312,1.37715,0.0162775,1.29426,0.160588,0.37647,2.3147,0,0.0115658,0.244729,0.125257,3.82893,0.186415
,13.839092970,0.0964387,0.21591,0.819254,0,0.793604,0.609617,0,0,0.00176608,0.560033,1.84927,0.586509,1.4598,0.106349,0.995796,0.0250817,0.28723,2.12143,0.0432743,0.0318969,0.024524,0.181636,3.54118,0.17442
,13.885532879,0.13876,0.731741,0.890615,0,0.860457,0.475756,0,0,0,0.0966835,1.4844,0.601142,1.43823,0.460639,0.98838,0.135023,0.35049,2.34993,0.0397571,0.0360708,0.157898,0.510323,2.74869,0.206523
,13.931972789,0.225757,0.47527,0,0,1.14424,0.65352,0,0.198735,0.0437683,0.102341,1.14783,0,1.52215,0.474197,0.769361,0.230898,0.396187,2.47139,0.0300539,0.127843,0.455045,0.918871,2.33945,0.0615499
,13.978412698,0.469934,0.234375,0,0,0.359282,0,0.379674,0.538446,0.0809237,0.107451,1.04229,0,1.63128,0.23783,0.807869,0.163692,0.60094,2.37642,0.164607,0.282014,0.647197,0.96475,2.24859,0.0651725
,14.024852607,0.462997,0,0,0.269949,0.265439,0,0.358258,0.495161,0.0981762,0.111968,1.15186,0,1.59136,0.00531506,0.797362,0.365377,0.451385,2.52296,0.148797,0.259449,0.690276,1.00531,2.24197,0.0689493
,14.071292517,0.206633,0,0,0.421263,0.28858,1.11263,0.00655683,0.127304,0.0884506,0.341516,1.32159,0,1.44789,0.0267048,0.637714,0.570182,0.226558,2.84087,0.018314,0.0823409,0.714234,0.999576,2.2626,0.0709899
,14.117732426,0.487529,0.821875,0.232801,0.340942,0.439056,0.973514,0.0317402,0,0.0232505,0.258807,1.38519,0,1.71898,0.242841,0.677246,0.461467,0.159169,2.76415,0.0886542,0.0136387,0.555386,0.818068,2.07583,0.053141
,14.164172335,0.000680418,1.01117,0.381957,0.0144185,0.966998,0.710448,0.0508305,0,0.0173507,0.165544,1.39119,0.269441,1.68414,0.295175,0.779149,0.0195155,0.335555,2.58427,0.141976,0.00772616,0.62933,0.555124,2.40786,0.111455
,14.210612244,0.0329471,0.902329,0.373896,0,1.04488,0.200365,0.0626147,0,0.0193603,0.485945,1.4845,0,1.54244,0.256667,0.965094,0,0.400445,2.54254,0.174891,0.00793084,0.459065,0.394716,2.38062,0.108409
,14.257052154,0.333565,0.489584,0.0758736,0,0.706535,0.0495716,0,0,0.0249763,0.454521,1.35061,0.161205,1.44669,0.139262,0.971172,0.00366297,0.547413,2.6791,0.0245354,0.00368501,0.428154,0.278085,2.21086,0.184448
,14.303492063,0.540331,0.0280446,0.327486,0.657172,0.414289,0.241151,0.0794333,0,0,0.395175,1.2374,0.50701,1.36586,0.00797728,1.20037,0.216993,0.579779,2.87647,0.0488229,0.012408,0.289113,0.0930341,2.21528,0.253861
,14.349931972,0.544385,0.0344007,0.626864,0.85494,0.305066,0.357173,0,0,0,0.356438,1.2771,0.61037,1.29336,0.00978525,1.40463,0.275642,0.41036,2.84356,0,0.0186293,0.190861,0.0839146,2.47363,0.173169
,14.396371882,0.451716,0.11787,0.706749,0.560614,0.525472,0.537879,0,0,0,0.0241454,1.70583,0.539047,1.04907,0.210052,1.28179,0.180748,0.521751,2.61722,0.00302573,0.0032795,0.267931,0.21679,2.41088,0.138162
,14.442811791,0.435026,0.734944,1.18068,0.385337,0.888034,0.37941,0.0263209,0,0,0.0491405,1.59967,0,1.06315,0.650131,0.987701,1.19714,0.753942,2.25097,0.0735175,0.000629989,0.323076,0.501859,1.23831,0
,14.489251700,0.0623883,0.790543,1.56934,0.221926,0.841197,0.130487,0.0998,0.168558,0.334758,0.32161,0.894083,0,0.894098,0.403092,0.842362,2.16791,0.577724,1.30216,0.278754,0.320098,0.398262,0.882544,0.472104,0.0477286
,14.535691609,0.0368746,0.794133,1.49212,0.536345,0.411962,0.0803914,0.104145,0.214435,0.379327,0.621419,0.192343,0,0.903144,0.225891,0.860815,2.26622,0.390485,0.845838,0.287246,0.533793,0.88272,0.939035,0.28931,0.144102
,14.582131519,0.294456,0.787161,1.44771,0.739321,0,0,0,0.165197,0.576348,0.502333,0,0.18906,1.012,0.223907,0.873043,2.12394,0.252259,0.663035,0,0.692406,1.85386,0.569831,0.747447,0.249023
,14.628571428,0.710734,0.585795,1.15994,0.888567,0.00181909,0,0,0.116426,1.5038,0.207143,0,0.21924,1.57407,0.166629,0.700132,2.04387,0.233982,0.41163,0,0.441595,2.68874,0.051647,1.02993,0.127799
,14.675011337,0.796927,0.248268,0.662342,0.65124,0.0131129,0.0307984,0,0.0912451,2.2286,0.266727,0,0.257977,1.84711,0.0706195,0.653857,1.61525,0.532818,1.09789,0,0.0670206,3.63722,0.0640142,0.979915,0.0661214
,14.721451247,0.564995,0.251736,0.0726945,0.154225,0,0.050957,0.153614,0.0431634,2.252,0.321854,0,0.433404,2.06663,0.071606,0.15838,1.3137,0.572988,1.32576,0.0329036,0.0590377,3.97701,0.0762034,0.796989,0.111085
,14.767891156,0.0080543,0.0619317,0.188564,0,0,0,0,0,2.37922,0,0,0.0724425,2.17417,0.0584947,0.261416,1.55679,0.259786,1.32648,0,0.0409552,4.20641,0.000474637,0.673508,0.0509251
,14.814331065,0.00798758,0.0846041,0.0987822,0.0215828,0.165839,0,0.0171351,0,2.47129,0,0,0.010181,2.32983,0.0799089,0.176435,1.6857,0.298418,1.1006,0.0478605,0.0273994,4.14427,0.00099115,0.541901,0.00715696
,14.860770975,0.00767085,0.172263,0.0264956,0.275536,0.255146,0,0.0677922,0,2.43332,0,0,0,2.23965,0.162703,0.142627,1.94006,0.437336,0.754912,0.189352,0.0343811,3.96934,0.00198479,0.521792,0
,14.907210884,0.00771435,0.143833,0,0.410777,0.292086,0.0235773,0.0624134,0.000736806,2.4146,0,0,0,1.90674,0.135851,0.225803,2.1769,0.492774,0.217273,0.174328,0.0353483,3.82021,0.00391872,0.600267,0
,14.953650793,0.304279,0,0,0.459953,0.287278,0,0.0161967,0,2.42864,0,0,0,1.62302,0,0.460404,2.24172,0.498804,0.344819,0.0452394,0.0311382,3.90583,0.00344536,0.575456,0
,15.000090702,0.448197,0,0,0.292328,0.220741,0,0.0199686,0,2.34515,0.0381624,0,0,1.27889,0,0.793974,2.10399,0.401709,0.444353,0.0557748,0.0405973,3.87124,0.144508,0.544028,0
,15.046530612,0.537963,0,0,0.146322,0.197001,0.0253139,0,0,2.18878,0.218509,0,0,0.607842,0,1.10781,1.90007,0.36264,0.517702,0,0.0991369,3.45627,0.655347,0.791074,2.06843e-05
,15.092970521,0.458752,0.116667,0,0,0.278514,0.0958144,0,0.164151,2.1987,0.145093,0,0,0.481131,0.110193,1.26637,1.51188,0.489387,0.836823,0,0.712596,2.91248,0.62623,1.53755,4.44878e-05
,15.139410430,0.470649,0.293701,0,0,0.313366,0.130645,0,0.247751,1.99902,0.0685525,0,0,0.686819,0.277402,1.19181,1.5905,0.527513,1.03629,0,1.02949,2.49068,0.615502,1.7308,3.25666e-05
,15.185850340,0.596114,0.398397,0,0,0.300382,0,0,0.253825,2.07437,0.0792031,0,0,1.11155,0.376287,0.909146,1.68464,0.502423,0.821845,0,0.987691,2.58914,0.68071,1.40203,4.2984e-06
,15.232290249,0.685706,0.177966,0,0,0.142787,0,0,0.20869,2.38843,0.204671,0,0,1.44023,0.213178,0.816352,1.67177,0.238827,0.943436,0,0.783838,2.8448,0.787282,0.981221,0
,15.278730158,0.84184,0,0,0,0.0123093,0,0,0,2.2899,0.308817,0,0,1.58454,0.00482224,1.15092,1.60632,0.0205888,1.01808,0,0.566373,3.06285,0.784865,1.00358,0
,15.325170068,1.11591,0.0521977,0,0,0.0802357,0.00839122,0,0.150272,2.07064,0.238343,0,0,1.69374,0.0620799,1.32356,1.43169,0.134204,1.00727,0,0.367589,2.90483,0.701355,1.13287,0
,15.371609977,1.09274,0.0661941,0,0.0132569,0.191068,0.0538963,0,0.140017,1.95257,0.0710564,0,0,1.6774,0.0814701,0.957149,1.8704,0.34229,0.667806,0,0.241274,2.74548,0.479916,1.2321,0
,15.418049886,1.10586,0,0,0.550377,0.218223,0.0469162,0.0841116,0.115429,1.83428,0.0392364,0,0,1.53433,0.0149814,0.759568,2.29663,0.404586,0.386304,0.234934,0.179883,2.78887,0.439135,1.01699,0
,15.464489795,1.24983,0,0,0.661907,0.194878,0.0193571,0.114281,0.113144,2.02243,0.0572408,0,0,1.60645,0.00223713,0.649213,2.35797,0.348739,0.511641,0.3192,0.150065,2.99093,0.672438,0.982778,0
,15.510929705,1.39337,0,0,0.644078,0.207922,0.0016343,0.0614705,0.108943,2.42562,0.0328204,0,0,1.86654,0.00396023,0.539693,2.27377,0.354728,0.772447,0.171695,0.0829925,3.42225,0.488975,0.869756,0
,15.557369614,1.31802,0,0,0.595387,0.228218,0,0.000502125,0.0728235,2.45739,0.0012902,0,0,1.90139,0.019383,0.383879,2.33836,0.386602,0.768285,0.0014025,0.0324945,3.81759,0.163761,0.660662,0
,15.603809523,0.725707,0.0129989,0.670309,0.827903,0.406075,0.213814,0,0,2.34694,0,0,0,1.51881,0.050764,0.339432,2.36659,0.35284,0.840249,0,0,3.65926,0.089429,0.498646,0.0215364
,15.650249433,0.760948,0.343873,0.581682,1.0558,0.42834,0.321931,0,0,2.30137,0.169999,0,0.0100152,1.25981,0.14291,0.249577,2.57522,0.157669,1.01812,0,0,2.80889,0.0403491,0.912632,0.0610553
,15.696689342,0.840097,0.146208,0.147155,1.42582,0.529137,0.248434,0.0175064,0,2.15478,0,0.00741137,0.122377,0.65384,0.0817674,0.0722109,2.44452,0.198395,0.8682,0.0488976,0.0724583,2.53414,0,1.8867,0.0650158
,15.743129251,0.693641,0,0.0245189,1.44116,0.392888,0.239776,0.154117,0,1.96947,0,0.0203815,0.253955,0.186823,0.0208104,0.176843,2.21158,0.162101,0.80703,0.0952332,0.413785,2.20528,0,2.40937,0.0657312
,15.789569160,0.56679,0.0577237,0.145385,1.36045,0.139114,0.19853,0.0922078,0.0051777,1.45063,0,0.0968513,0.163467,0.17257,0.0331084,0.568054,2.26762,0.152183,0.451902,0.257548,0.566775,1.77185,0,2.86367,0.0418978
,15.836009070,0.46989,0,0.0213546,1.74587,0.114106,0.0661735,0.0930253,0,0.767083,0.433379,0.124848,0.0275303,0.330481,0.0031722,0.712717,2.70217,0.095926,0.335714,0.221816,0.622703,1.30677,0.238071,3.00567,0.00705623
,15.882448979,0.393371,0,0,2.16864,0.0891434,0.0198135,0.134642,0.187689,1.09521,0.286099,0.260344,0,0.276995,0,0.712834,2.97995,0.063203,0.586225,0.0288398,0.862104,0.88151,0.121354,3.05015,0
,15.928888888,0.0687868,0,0.00972696,2.47905,0.0747785,0,0,0.0620072,1.64843,0.0243243,0.0836467,0,0.0775468,0,0.814769,2.77768,0.0557873,0.783538,0.00100513,1.22685,1.06813,0.0133622,3.1221,0
,15.975328798,0,0,0.0123372,2.57428,0.0437723,0,0.00380709,0,1.89389,0,0.0784777,0,0,0,0.872493,2.42735,0.0439636,0.925013,0.0387777,1.33347,1.12593,0,3.10236,0
,16.021768707,0,0,0.00830218,2.55691,0.0814763,0,0.043078,0,1.82016,0,0.0683281,0,0,0,0.832875,2.40417,0.0580246,1.04588,0.193064,1.27003,1.02475,0,3.0436,0
,16.068208616,0,0,0.00448604,2.57267,0.115626,0,0.0583183,0,1.53837,0.0150352,0.0669472,0,0,0.00226001,0.750531,2.43984,0.0727671,1.1689,0.229669,1.0397,0.798579,0.00825938,3.05265,0
,16.114648526,0,0,0.00254506,2.59559,0.133313,0,0.0354687,0.0068676,1.28161,0.0122644,0.0724157,0,0,0,0.780689,2.62215,0.0811166,1.11849,0.114765,0.59441,0.684144,0.00673726,3.01907,0
,16.161088435,0,0,0.0244104,2.60933,0.145459,0,0,0.042614,1.20887,0.00266699,0.0791048,0,0,0,0.834509,2.723,0.08522,1.06291,0,0.453489,0.739455,0.0239457,2.98649,0
,16.207528344,0,0.079112,0.149973,2.61024,0.0899405,0.050056,0,0,1.15079,0.405705,0,0,0,0.0747215,0.81187,2.75214,0.0645396,1.31932,0,0.771231,0.639325,0.732711,2.43249,0
,16.253968253,0,0.0644705,0.173981,2.42578,0.0115391,0.0810472,0,0,1.49288,0.460099,0,0,0,0.0608926,0.760018,2.66532,0.0337518,1.3589,0,1.13803,0.789316,0.800897,2.27166,3.34527e-05
,16.300408163,0,0,0.17272,2.4288,0,0,0,0.0399186,1.71353,0.378441,0,0,0,0.121133,0.668047,2.50816,0.0324297,1.31685,0,1.25011,0.869265,0.788655,2.27059,4.51252e-05
,16.346848072,0,0,0.16641,2.41749,0.0219158,0,0,0.0632746,1.70849,0.0879612,0,0,0,0.156054,0.721441,2.43544,0.0430062,1.2649,0,1.20333,0.88961,0.789763,2.27014,3.06068e-05
,16.393287981,0,0,0.173326,2.44466,0.0511833,0,0,0.024941,1.51615,0.0955115,0,0,0,0.0716721,0.783382,2.65668,0.0530046,0.960365,0.0761741,1.04072,0.859253,0.857554,2.00158,0.000235764
,16.439727891,0,0,0.160364,2.43879,0.0923353,0,0,0,1.13181,0.0961424,0.127024,0,0,0,0.763366,2.80351,0.0684866,1.04911,0.13749,1.09962,0.65716,0.863219,1.79019,0
,16.486167800,0,0,0.137917,2.48983,0.0887363,0,0.00279679,0,0.795538,0.0830059,0.222001,0,0,0,0.698854,2.80806,0.130349,1.11389,0.0975006,1.2116,0.53841,0.745273,1.99916,0
,16.532607709,0,0,0.100568,2.66387,0.078825,0.0165856,0.018521,0,0.805769,0.0666379,0.0198836,0,0,0,0.60792,2.8894,0.12626,0.998521,0.120279,1.32733,0.507945,0.598311,2.25289,0
,16.579047619,0,0,0,2.66527,0.0276248,0,0,0.0190065,0.880208,0.033662,0.0586003,0.347976,0,0,0.547696,2.82552,0.0473693,0.883308,0.0979939,1.2989,0.567858,0.302236,2.7238,0.0891887
,16.625487528,0.0569587,0,0.00927189,2.60346,0.11106,0,0,0.0155606,0.388793,0.042509,0.0742469,0,0.0349296,0,0.599943,3.00915,0.0707712,1.02896,0.150206,1.23028,0.333189,0.0703618,2.88851,0
,16.671927437,0.1237,0,0.0502802,2.6459,0.122093,0,0,0.0235267,0.114058,0.00411699,0.0747225,0,0.100102,0,0.629447,3.04425,0.0734401,1.27276,0.163975,1.08514,0.12898,0.0369646,2.98418,0
,16.718367346,0.133914,0,0.0473104,2.65461,0.107959,0,0,0.0308516,0.0831308,0.00499392,0.0776963,0,0.116454,0,0.406425,2.99861,0.0753599,1.37794,0.0653738,0.885655,0.0610772,0.0448381,3.02374,0
,16.764807256,0.116835,0,0,2.4955,0.0811675,0,0,0,0.279301,0.43422,0.091112,0,0.132669,0.00647157,0.123184,3.18136,0.0676732,1.11562,0.0201856,0.565786,0.153403,0.238533,2.88898,3.11736e-05
,16.811247165,0.236858,0,0,2.27427,0.187537,0,0.0345003,0.0339955,0.265477,0.277274,0.697435,0,0.377979,0,0.0606305,3.04106,0.116933,0.847497,0.725515,0.273635,0.14541,0.133693,2.62991,7.25551e-05
,16.857687074,0.560232,0.00829327,0,1.87793,0.446929,0.0195294,0.090777,0.105114,0.4048,0.00598826,0.416389,0.00350684,0.660853,0.00235901,0.109068,2.57203,0.208452,0.564078,0.921584,0.17384,0.10498,0.0567449,2.29378,0.140026
,16.904126984,0.750477,0.0568623,0.136733,1.46473,0.639941,0.192422,0.042271,0.0835429,0.555256,0.0623319,0.0697056,0,0.368474,0.0161744,0.388025,2.26354,0.268634,1.64953,0.643516,0.303197,0.137048,0.0170986,2.51402,0.000125203
,16.950566893,1.05684,0.146506,0.12074,1.42982,0.568449,0.327646,0.0117399,0,0.34661,0.20574,0.0888426,0.0298502,0.284647,0.0781255,0.54674,1.75522,0.223504,2.6808,0.0608997,0.277311,0.0866582,0.118268,2.81642,0.0270146
,16.997006802,0.80039,0.559673,0,1.44337,0.0140737,0.601511,0,0,0.0638865,0.380114,0.26213,0.463714,0.227342,0.528613,0.695292,0.907248,0.0101824,2.85621,0,0.271167,0.105277,0.322873,3.12638,0.240263
,17.043446712,0,0.789989,0,0.871263,0,0.986014,0,0,0,0.377764,0.701411,1.03025,0.0188505,0.746147,0.51756,0.543405,0.00206307,2.91108,0,0.105307,0.237858,0.34995,3.3309,0.401504
,17.089886621,0,0.604078,0,0.470575,0,0.698652,0,0,0,0.0690822,1.70473,0.511289,0.133293,0.570553,0.440955,0.537854,0.00539796,2.85056,0,0.0122209,0.222312,0.141039,3.61163,0.20884
,17.136326530,0.0917945,0.153465,0.002481,0.351827,0,0.577748,0,0,0.0567907,0.0466194,1.96081,0.389722,0.413982,0.144948,0.427512,0.212278,0.0159621,2.7834,0,0.0178195,0.463965,0.0903726,3.73988,0.180592
,17.182766439,0,0.0293395,0.0212155,0.528141,0,0.500468,0,0,0.0571566,0.0312803,1.87488,0.559849,0.551031,0.0277112,0.513221,0.200458,0.0187193,2.75894,0,0.0149941,0.452962,0.0192007,3.72511,0.247611
,17.229206349,0,0.0419009,0.0157028,0.751041,0,0.478748,0.000590638,0,0.0337455,0.0276979,1.33011,0.616809,0.733389,0.0395755,0.469829,0.720549,0.00917586,2.65787,0.000240463,0.00791735,0.243378,0.00844696,3.6573,0.268304
,17.275646258,0,0,0,0.94994,0,0.485735,0.58883,0,0.0054313,0.0132825,1.14274,0.51086,1.00713,0,0.534383,1.13161,0.00139345,2.47865,0.239727,0.0612435,0.10887,0.00620192,3.45271,0.185674
,17.322086167,0,0,0,0.726802,0.0084593,0.619419,0.855139,6.67602e-05,0,0.0112257,1.09764,0.324871,0.84957,0,0.726281,0.896056,0.00399538,2.76247,0.348148,0.0557251,0.0573054,0.0026428,3.63684,0.0834179
,17.368526077,0.288114,0,0.0640271,0.0875149,0.273236,0.530162,0.802455,0,0.00933692,0.133605,1.25832,0.131343,0.646781,0,1.16081,0.129979,0.0981836,2.96578,0.326699,0.0368678,0.0682807,0.715932,3.61645,0.033809
,17.414965986,0.571974,0,0,0,0.376828,0.519294,0.365335,0.324893,0.0347444,0.174882,1.03943,0.143668,0.761732,0.00102056,1.36429,0.0482721,0.130474,3.1895,0.148737,0.167537,0.207838,0.920346,3.03761,0.0369308
,17.461405895,0.518753,0.254558,0,0,0.274744,0.359433,0,0.56487,0.0460292,0.195191,1.16791,0.227061,0.94189,0.240431,1.47587,0.25669,0.0951281,3.04826,0,0.280334,0.266702,1.01808,2.915,0.0674946
,17.507845804,0.255755,0.479108,0,0,0.0180553,0.20397,0,0.570266,0.0483746,0.223178,1.42911,0.313507,0.998176,0.452519,1.54132,0.561357,0.00625154,2.76494,0,0.291178,0.273195,1.0957,2.91269,0.125554
,17.554285714,0,0.49513,0,0.0603766,0,0.453459,0,0.456197,0.0504508,0.347384,1.59095,0.312615,1.00472,0.467652,1.71285,0.756961,0,2.63614,0,0.24715,0.283355,1.10244,2.63464,0.163334
,17.600725623,0,0.217056,0,0.095001,0,0.769318,0,0.199306,0.0429143,0.38417,1.71869,0.274534,1.1418,0.20501,1.73375,0.601633,0,2.58749,0,0.174219,0.326112,1.04403,2.42932,0.157936
,17.647165532,0,0,0,0,0,1.01956,0.0375524,0,0.0290221,0.305978,1.72783,0.257945,1.127,0,1.68699,0.154944,0,2.76324,0.0152885,0.00597318,0.243883,0.767656,2.3967,0.15181
,17.693605442,0,0.0222524,0,0,0,1.03709,0,0,0.0192752,0.198983,1.96765,0.262978,0.98662,0.0210174,1.47976,0,0,2.78977,0,0.00379277,0.152776,0.477718,2.96626,0.149073
,17.740045351,0,0.00554899,0.0256494,0.112446,0,0.379831,0,0,0.054643,0.119215,1.95365,0.266666,0.717434,0.00524104,1.40274,0.152196,0,2.76036,0,0.0495975,0.320968,0.297812,3.1273,0.151665
,17.786485260,0,0.0447125,0.0387631,0.377604,0,0.257469,0,0,0.07823,0.076,1.92846,0.254599,0.279507,0.0422311,1.62505,0.435353,0.0052027,2.68809,0,0.214782,0.445111,0.122537,3.22046,0.134484
,17.832925170,0,0.120972,0.0463319,0.550533,0,0.16086,0,0,0.0864419,0.0566619,1.98751,0.2494,0.0686409,0.114259,1.95234,0.581507,0.0147191,2.48082,0,0.242777,0.498986,0.0700541,3.46231,0.100434
,17.879365079,0,0.174038,0.0970777,0.533813,0.0325742,0.134363,0,0,0.058618,0.031873,2.09926,0.250228,0,0.164379,2.12009,0.722519,0.0497773,2.25049,0,0.140981,0.358154,0.00750371,3.72052,0.0918107
,17.925804988,0,0.00842642,0.0447563,0.449541,0,0.940384,0.00761989,0.0852073,0.0639178,0.0323066,2.19228,0.223964,0,0.00795878,2.12125,0.608456,0.0258888,2.29516,0.00310224,0.0804966,0.496159,0.00760579,3.92787,0.0879074
,17.972244897,0,0,0.0378932,0.694106,0.0782827,1.39344,0.580895,0.164166,0.0783707,0.0121577,1.06836,0.429941,0,0,1.99341,0.4419,0.0375539,2.7585,0.236497,0.0732524,0.482247,0.00286223,3.58367,0.243655
,18.018684807,0.0989821,0.0821486,0.204073,0.636695,0.0815751,0.790578,0.393878,0.0818105,0.37397,0.0791192,0.977266,0.330826,0.0800997,0.0302678,1.60144,0.205278,0.040155,2.85422,0.272008,0.0365045,0.525316,0.0186267,3.51713,0.140051
,18.065124716,0.0888458,0.104588,0.197585,0.821726,0,0.745932,0,0.122735,0.21005,0.121375,0.854262,0.466408,0.33283,0.107659,1.15899,0.264934,0.00887958,2.85027,0.156907,0.0547656,0.520656,0.0344499,3.41512,0.119601
,18.111564625,0.0833756,0.0919207,0.0467669,1.06291,0,0.669179,0,0.337568,0.0757211,0.031037,0.707582,0.626934,0.611948,0.0888383,0.931352,0.342694,0,2.89749,0.0759995,0.150626,0.459126,0.105405,3.22988,0.160751
,18.158004535,0.333157,0.149944,0.0953128,0.953743,0,0.398523,0,0.0844692,0.0537508,0.0326115,1.29422,0.672985,1.20586,0.0426515,1.13986,0.307498,0,2.57982,0,0.0428867,0.379089,0.127997,3.04613,0.172588
,18.204444444,0.525123,0.156455,0.270507,1.09712,0.0170631,0.231877,0,0.0686768,0.140851,0,1.84884,0.664486,1.51089,0.0506243,1.2814,0.374685,0.00350301,2.50822,0,0.0356161,0.522243,0,3.05933,0.170425
,18.250884353,0.170225,0.169853,0.512056,0.470143,0.0402735,0.61758,0,0.0617303,0.547366,0.001012,1.91926,0.675218,1.18884,0.0616796,1.31163,0.209222,0.00826805,2.8285,0,0.0185039,0.77284,0.000238251,3.16782,0.178197
,18.297324263,0,0.251139,0.843206,0.366443,0.296043,0.630378,0,0,0.317433,0,2.00352,0.381866,1.10038,0.107843,1.05453,0.505454,0.102503,2.65017,0,0.0823852,0.755038,0,2.95611,0.119375
,18.343764172,0,0.254224,0.80679,0.434171,0.125124,0.407743,0,0,0.2567,0,2.04093,0.27568,0.980488,0.111649,0.988475,0.599923,0.0433234,2.34088,0,0.183636,0.711082,0,3.0391,0.0893479
,18.390204081,0,0.335247,0.824088,0.502072,0,0.310127,0,0,0.0939363,0.023941,2.04036,0.319192,1.06897,0.121158,1.15246,0.685118,0,2.11555,0.00122432,0.128844,0.612338,0.00563632,3.15547,0.096702
,18.436643990,0,0,0.983427,0.460271,0,0.429539,0.17492,0,0.0863304,0.228259,2.00939,0.744593,0.944357,0.0145617,1.1709,0.622979,0.00079484,2.05324,0.0712143,0.00423371,0.760061,0.0537379,3.33954,0.204525
,18.483083900,0.109077,0.163478,0.872628,0.158034,0,0.726321,0.0636165,0,0.0416226,0.236041,1.97344,0.801559,0.906638,0.190237,1.1025,0.2139,0.0110774,2.29589,0.0258998,0.00628371,0.417248,0.05557,3.26351,0.218354
,18.529523809,0.419862,0.382724,0.586577,0.02819,0.334876,0.824799,0,0,0,0.379845,1.36393,0.651752,0.85792,0.288603,1.14278,0.102575,0.124685,2.91417,0,0.0239653,0.345947,0.474478,2.21026,0.20211
,18.575963718,0.492622,0.808453,0.324801,0.111553,0.296304,0.691587,0,0.0674844,0,0.0856259,1.13474,0.604912,0.858595,0.343101,1.1547,0.222646,0.106683,2.93805,0.0981223,0.063203,0.124272,0.768796,1.71273,0.211131
,18.622403628,0.122593,0.507541,0,0.0750643,0,0.598071,0.0123852,0.813958,0.456027,0.109932,0.788974,0,0.75471,0.506023,1.07859,0.16781,0.00590701,2.85097,0.190149,0.403644,0.341324,0.987029,1.54573,0.0621991
,18.668843537,0.112369,0.569449,0,0.137423,0,0.460399,0,0.452677,0.898367,0.118304,0.620503,0,0.852195,0.554306,1.07552,0.186003,0.00741444,2.74849,0.201726,0.247538,0.460909,1.06219,1.41142,0.0826897
,18.715283446,0,0.584978,0,0.30346,0,0.381008,0.0146783,0.51068,0.635276,0.121391,0.899912,0,0.95909,0.554666,1.07265,0.410735,0.00204508,2.60354,0.089486,0.274155,0.314907,1.08991,1.75225,0.0773621
,18.761723356,0,0.4558,0,0.360948,0.0359343,1.53035,0,0.277293,0.0112573,0.10797,1.18996,0,1.1284,0.430505,1.04753,0.493301,0.012442,2.46175,0.306473,0.166096,0.0636786,0.969412,2.32069,0.0499469
,18.808163265,0.612714,0.653913,0.172394,0.11871,0,1.59561,0.0721151,0,0,0.0821975,1.36317,0.0651477,1.10139,0.202582,1.03174,0.411908,0,2.23817,0.673232,0.0254699,0.0266984,0.738014,2.49525,0.0175402
,18.854603174,0.449779,0.738696,0,0,0,1.50335,0.172763,0,0.0559067,0.599542,1.30398,0,0.960805,0.228447,0.832891,0.661792,0,2.35012,0.781992,0.0117935,0.2064,0.5594,2.30371,0.000241251
,18.901043083,0.591315,0.842577,0,0.113482,0,1.03081,0.316372,0,0,0.619264,0.981183,0.0543317,0.926952,0.383651,0.833467,0.768527,0.00796585,2.54454,0.731848,0.00411928,0.345233,0.493333,2.13887,0.0149817
,18.947482993,0.720515,0.918985,0.018067,0.473811,0,0.728507,0.188405,0,0,0.505507,0.833574,0.129134,0.904404,0.644231,0.818014,0.379284,0.0305874,2.77761,0.290843,0.00515972,0.33915,0.132751,2.2931,0.0332743
,18.993922902,0.488473,0.849433,0.49324,0.50389,0.133528,0.693213,0,0.0868423,0.144246,0.126739,1.01176,0.427528,0.888213,0.660469,1.03964,0.178697,0.244291,2.81936,0,0.0250388,0.280253,0.260451,2.56523,0.109697
,19.040362811,0.453119,0.414275,0.552551,0.669183,0.105279,0.957602,0,0,0,0.420008,1.34871,0.487908,1.12181,0.2654,1.14172,0.215752,0.239667,2.766,0,0.00355775,0.154847,0.107624,2.62524,0.125138
,19.086802721,0,0,0,0.996189,0.714793,1.179,0,0.0677656,0,0,1.47322,0,1.39494,0,1.40337,0.480098,0.87612,2.28308,0.0559193,0.0302376,0.139612,0,2.20141,0.000125989
,19.133242630,0.26746,0.0770223,0.802294,0.735178,0.989273,1.03638,0.0321413,0.152187,0.000344676,0,0.463835,0.519851,0.974203,0.0219089,2.47644,0.481153,0.867085,1.76604,0.0560062,0.114258,0.573954,0,0.607174,0.14118
,19.179682539,0.504063,0.430442,0.758128,0.772135,1.11717,0.42731,0,0.275952,0.117768,0.211311,0.410507,0.417654,0.61064,0.122439,2.81665,0.248945,0.768053,0.972395,0.0937086,0.123132,1.10458,0.432694,0.163428,0.115041
,19.226122448,0.489562,0.715212,0.761357,0.74318,1.11709,0.187113,0,0.518385,0.186744,0,0.324364,0.480419,0.628903,0.203441,2.92085,0.23961,0.869743,0.542295,0.0914032,0.231308,1.25194,0.65118,0.156569,0.124464
,19.272562358,0.847066,0.795494,0.594397,0.813923,0.775184,0.0258519,0,0.159861,0.64698,0.123194,0.261892,0.198468,0.487648,0.226278,3.15857,0.275034,0.732783,0.271502,0.0512533,0.0713313,1.79349,0.784557,0.126594,0.0508687
,19.319002267,1.03872,0.629031,0.286773,0.840608,0.319465,0.0368171,0,0,1.62789,0.344541,0.00747373,0.00874765,0.494467,0.178927,3.39084,0.271021,0.3918,0.118641,0.038745,0.000238131,3.06758,0.0811137,0.0316647,0.00224209
,19.365442176,1.04724,0.454612,0,0.708042,0,0.0448699,0.0987614,0,2.3131,0.362515,0,0,0.428276,0.262276,2.09031,1.20526,0.0618903,0.03519,0.025219,0.0514145,3.68223,0.0853451,0.572496,0
,19.411882086,0.903905,0.300278,0,1.10721,0,0,0,0,2.57087,0.556032,0,0,0.544923,0.304202,0.0434245,2.1918,0,0,0.0598111,0.0667364,3.55438,0.130904,1.02472,0
,19.458321995,0.612526,0,0.232569,0.432366,0,0.124291,0,0,2.66482,0,0,0,0.495677,0.196279,0.302461,2.19094,0.0123742,0.264052,0.197089,0.069062,3.24071,0,1.04642,0
,19.504761904,0.279136,0,0.579388,0.219329,0,0.206381,0,0,2.60382,0,0,0.0435526,0.460326,0.142741,0.700108,2.08282,0,0.438448,0.288068,0.0713148,3.08902,0,0.998579,0.0306163
,19.551201814,0.00402867,0.0645337,0.578143,0.313485,0,0.188919,0,0,2.63873,0,0,0.0478191,0.786433,0.095506,0.705208,2.01456,0,0.401351,0.331567,0.0731199,3.06687,0,0.892255,0.0336155
,19.597641723,0.0058253,0.208613,0.22375,0.420454,0,0.0958347,0,0,2.70798,0,0,0,1.13715,0.197036,0.272354,2.7355,0,0.203597,0.15632,0.0598817,2.92481,0.0405559,0.859037,0
,19.644081632,0.145199,0.476998,0.0390274,0.74316,0.319569,0.10651,0,0,2.63969,0,0,0,0.813384,0.450527,0.0437151,2.81648,0.110649,0.226276,0.00153867,0.245415,2.61368,0,1.02597,0
,19.690521541,0.0604191,0.465269,0.0651661,0.44313,0.347833,0.258165,0,0,2.5667,0.00441838,0,0,0.0782466,0.439448,0.0733296,2.52643,0.120435,0.54846,0.00693789,0.224724,2.37072,0.0396707,0.959899,0
,19.736961451,0.124593,0.623033,0,0,0.120496,0.228634,0,0.0130951,2.41545,0.0522205,0,0,0.195817,0.588457,0.0418414,2.16206,0.201543,0.485725,0.0110866,0.140521,2.21346,0.468864,0.803896,1.10595e-05
,19.783401360,0.292602,0.744785,0,0,0.125645,0.160488,0,0,2.38717,0.0815348,0,0,0.399715,0.703452,0.221445,1.77179,0.21351,0.340951,0.0140724,0.00767586,2.18269,0.732064,0.605109,2.96625e-05
,19.829841269,0.324317,0.767211,0,0,0.0956504,0.0796034,0,0,2.42895,0.211302,0,0,0.475612,0.724634,0.418306,1.67824,0.172342,0.169114,0.0251547,0.00662759,2.27217,0.935812,0.326852,3.75682e-05
,19.876281179,0.260185,0.707699,0,0,0.0464046,0,0,0,2.3898,0.275175,0,0,0.569806,0.668424,0.599713,2.16061,0.0958412,0,0.0727958,0,2.47909,1.03696,0.836833,0.0185459
,19.922721088,0.235655,0.552937,0.026274,0,0,0,0,0,2.29723,0.310846,0,0,0.531199,0.538669,0.454483,2.26257,0.0151991,0.0108617,0.245695,0,2.75107,1.04587,0.862809,0.101276
,19.969160997,0.182228,0.152422,0.0812333,0,0.00224675,0,0,0.0459134,2.35402,0.221006,0.0597068,0,0.435882,0.176907,0.622186,1.90342,0.00379295,0.00813889,0.187423,0.0204869,2.87366,0.669768,1.13944,0.0442027
,20.015600907,0.146042,0,0.106465,0.146616,0.0194964,0.0124526,0,0.0478008,2.39632,0.0282772,0.0862136,0,0.41636,0.0358377,0.68234,1.83462,0.03261,0.0283123,0.085997,0.0213291,2.67734,0.114994,1.54514,0
,20.062040816,0,0,0.24387,0.312419,0,0.0833318,0,0,2.36459,0.0172039,0.0832531,0,0.266204,0.0265155,0.872375,1.94289,0.00577525,0.177035,0.0870778,0.000543178,2.53375,0.0707281,1.56635,0
,20.108480725,0,0,0.34224,0.585078,0,0.0980599,0,0,2.34175,0.00784473,0.0573406,0,0.254808,0.0155205,1.00721,2.12601,0.0120965,0.208324,0.0981016,0.000368875,2.80103,0.0789921,1.26053,0
,20.154920634,0,0,0.277943,0.677312,0,0.202548,0.00154435,0,2.37228,0.0106362,0.0456998,0,0.202588,0.0403657,0.575583,2.07554,0,0.712841,0.0429504,0.624374,2.95402,0.484361,1.08926,0.0321449
,20.201360544,0.0510841,0.164382,0.311508,0.514508,0,0.180164,0.0600119,0,2.41106,0.0394689,0.0520995,0,0.0714946,0.15526,0.464798,1.52094,0,0.963548,0.168064,0.497915,2.16843,0.94907,0.862484,0.129348
,20.247800453,0.144164,0,0.553904,0.397092,0,0.0307249,0.16124,0,2.46676,0.0598527,0.0924505,0,0.375592,0,0.770205,0.956008,0,0.600286,0.450364,0.283573,1.95395,0.699994,1.53047,0.155803
,20.294240362,0.185263,0.585251,1.16225,0.544983,0.379393,0,0.167919,0,2.15369,0,0.101861,0,0.309548,0.166474,0.974601,0.51021,0.140171,0.510599,0.469017,0.0787824,1.8684,0.658082,1.68626,0.194638
,20.340680272,0.0985115,0.308666,0.790715,0.768931,0.57001,0,0.0483256,0,1.31583,0.455844,0.0862147,0.485969,0.169804,0.10469,1.77429,0.532515,0.197362,0.188118,0.134979,0.052378,1.89398,0.739892,1.42724,0.236951
,20.387120181,0.47706,0.125428,0.429304,1.85656,0.458477,0.125131,0.0920626,0,0.395587,0.746911,0.0540544,0.579579,0.12849,0.0454303,2.52901,0.699286,0.158744,0.101377,0.0511573,0.125192,1.74665,0.544196,0.51878,0.14855
,20.433560090,0.554421,0.0365949,0,2.05361,0,0.0855284,0.183666,0,0.146688,1.19283,0.165545,0.545274,0.149326,0.0298837,2.98295,0.703355,0,0.0283679,0.0747749,0.274856,1.2968,1.33004,0.455097,0.139758
,20.480000000,0.573198,0.121699,0,2.39304,0,0,0.00880195,0,0.0979081,0.621566,0.490022,0.484602,0.154383,0.114945,3.44161,0.771545,0,0,0.138235,0.248788,1.06083,1.1895,0.372091,0.124207
,20.526439909,0.403904,0.0918373,0,2.25326,0,0,0,0,0.698808,0.455464,0.300504,0.311646,0.108786,0.0994226,3.35403,0.726476,0,0,0.207885,0.31096,1.13735,0.878723,0.311765,0.079877
,20.572879818,0.159488,0.101257,0,2.03876,0.0635678,0,0.0101838,0.175564,1.03624,0.326342,0.224908,0.137407,0.0429559,0.390247,2.93519,0.657319,0.587314,0,0.253619,0.429474,0.911189,0.639007,0.351114,0.0352185
,20.619319727,0,0,0,2.43458,0.0932997,0,0,0,1.1325,0.551058,0.0179463,0,0,0.586232,2.06266,0.784937,1.15119,0.0133566,0.0805008,0.538401,0.911096,0.64154,0.364356,0
,20.665759637,0.206673,0,0,2.42489,0,0,0,0,1.00142,0.675234,0.0219791,0,0.167247,0.510637,0.782494,0.781811,1.48401,0.000137954,0,0.683089,0.864087,0.52109,1.20955,0.168497
,20.712199546,0.65721,0,0,2.56754,0,0,0,0,0.94472,0.658706,0,0,1.11645,0.162679,0.130689,1.15134,1.36072,0,0,0.385979,0.765553,0.376044,1.41123,0.123509
,20.758639455,0.792928,0,0,2.46728,0.0670524,0,0,0.105092,0.720326,0.198663,0,0,1.27078,0.174127,0,1.61977,1.13516,0,0,0.39579,0.560229,0.126219,1.53296,0.0585858
,20.805079365,0.678787,0,0.0133529,2.43986,0.0980088,0,0.000820452,0.1103,0.691916,0.0035957,0,0,1.15304,0.130584,0.19873,2.68122,0.37879,0,0.00229162,0.609647,0.403578,0.0324014,1.53831,0.0508462
,20.851519274,0.438966,0,0.0239396,2.44448,0.0497798,0,0,0.0385984,1.09499,0.154536,0,0,0.883966,0,0.601466,2.71944,0.0172359,0,0,0.661718,0.539769,0.0848921,1.68275,0.0220131
,20.897959183,0.306143,0,0.189412,2.44214,0.0416969,0,0,0.418187,1.13655,0.0687181,0,0,0.268344,0,0.772879,2.40365,0.0144372,0,0,0.633913,0.560256,0.616988,1.7724,0.0488864
,20.944399092,0.0610567,0,0.254304,2.40548,0.076492,0,0.0128178,0.863548,0.777264,0.094728,0,0,0.0494092,0,0.76333,1.88345,0.0264848,0,0.00521845,0.757366,0.537038,0.85052,1.54925,0.172242
,20.990839002,0.160617,0,0.242619,2.4477,0.0987642,0,0,1.04782,0.441618,0.113875,0,0,0.129977,0.0241901,0.541586,1.5856,0.0341964,0,0,0.747155,0.480789,1.02243,1.24724,0.240752
,21.037278911,0.14141,0,0.295108,2.44569,0.123704,0,0,1.13598,0.213712,0.123058,0,0,0.114434,0.0983277,0.592929,1.7247,0.0494479,0.0045971,0,0.963518,0.471021,1.10488,1.13629,0.270436
,21.083718820,0.0304001,0,0.332517,2.38136,0.141162,0,0.0663914,1.10433,0.0456246,0.123541,0,0,0.0246008,0.218559,0.872818,2.17531,0.057164,0.120863,0.0270295,1.27629,0.260333,1.10922,1.00032,0.263089
,21.130158730,0,0,0.303238,2.29015,0.118787,0,0.0137912,0.846029,0.0291359,0.114041,0,0,0,0.26691,1.36297,2.46468,0.0435868,0.308082,0.00561474,1.66424,0.167228,1.02554,0.972212,0.226263
,21.176598639,0,0,0.272917,2.4676,0.0247055,0.0297703,0,0.677742,0.0322299,0.520328,0,0,0,0.273656,1.64683,2.64578,0.00855411,0.340816,0,1.90264,0.183224,0.751608,1.13444,0.0805807
,21.223038548,0,0,0.175727,2.76729,0,0,0,0.754002,0.122196,0.638445,0.654652,0.382305,0,0.239618,1.35656,2.92823,0.00295864,0.165009,0,2.10688,0.181905,0.606587,1.11993,0.156043
,21.269478458,0,0,0.0421525,2.91366,0,0,0,0.812356,0.107264,0.41176,0.564689,0.553304,0,0.173137,1.04115,2.99862,0.00640644,0.190891,0,2.17695,0.163693,0.329137,1.18405,0.225337
,21.315918367,0.178286,0,0,2.81492,0,0,0,0.584601,0.0784585,0.294241,0.39312,0.615113,0.0480191,0.189361,0.775126,3.04125,0,0.264158,0.0765106,1.90644,0.133956,0.362179,1.29383,0.244599
,21.362358276,0.180319,0,0,2.81002,0,0,0,0.202543,0.027516,0.39764,0.374256,0.605327,0.0754721,0.115852,0.474727,3.0649,0,0.339072,0.125774,1.58076,0.147528,0.35754,1.3863,0.203691
,21.408798185,0.117331,0,0.028065,2.82337,0.0816717,0,0,0.110447,0.168528,0.278346,0.0788766,0.0252249,0.0949483,0.344603,0.344715,3.03991,0.0282783,0.463966,0.0603538,1.538,0.117746,0.215507,1.44787,0.0583023
,21.455238095,0.206579,0.00885716,0.231012,1.82602,0.571828,0.0449438,0.265065,0.181818,0.633558,0.151603,0.0893815,0,0.0556393,0.491586,0.656498,2.424,0.199323,1.02859,0.112626,1.53881,0.340522,0.0832812,1.86429,0.000182642
,21.501678004,0.160062,0.294671,0.35616,1.20588,0.704448,0,0.198341,0.330019,0.394216,0,0.589946,0,0.0431106,0.782753,0.908727,2.19568,0.251992,1.4609,0.0884121,0.843709,0.245901,0.124388,1.74651,0.000165327
,21.548117913,0.55422,0.504925,0.580496,0.557989,0.724091,0.152489,0,0.314582,0.214341,0,0.537221,0.489496,0.149272,1.01434,1.16119,1.98381,0.263529,1.94211,0.00668797,0.141295,0.378576,0.191162,1.9262,0.125634
,21.594557823,0.366173,0.373671,0.748244,0.0727411,0.548142,0.36672,0,0.393928,0.075325,0,0.667168,0.593627,0.163759,1.01017,0.999524,1.63791,0.198855,2.19762,0.00403441,0.175774,0.308645,0.280664,2.33677,0.152321
,21.640997732,0.275834,0.0197934,0.792733,0.427829,0,0.20459,0,0.393733,0.154251,0.0230882,0.893477,0.547186,0.321218,0.541933,1.27263,1.20011,0.00172584,2.19036,0,0.175687,0.398864,0.282343,3.05375,0.140399
,21.687437641,0,0.198943,0.515287,0.772755,0.0294807,0.409163,0,0.848006,0.0790807,0,0.919924,0.754205,0.348318,0.201497,1.62952,1.27491,0.0244063,2.26957,0,0.378387,0.390701,0.0133772,3.14088,0.236954
,21.733877551,0,0.415852,0,0.660185,0.0948915,0.4869,0,1.09361,0.0641352,0,1.05552,0.466455,0.549752,0.392773,1.35228,1.33771,0.0490298,2.2414,0,0.487976,0.557731,0.013496,2.8611,0.119628
,21.780317460,0.0881759,0,0.260631,0.334248,0,0.435999,0,0.996056,0.239495,0.0255176,1.07977,0.701326,0.744193,0,1.49195,1.00387,0.0925164,2.37409,0.0180147,0.444449,0.877102,0.0185932,2.49216,0.266138
,21.826757369,0,0,0.602523,0.330012,0,0.407998,0,0.878462,0.110882,0.0264528,1.11242,0.657564,0.616384,0.0502897,1.81254,0.747454,0.234054,2.08836,0.181122,0.391977,1.23184,0.0173739,2.60435,0.241276
,21.873197278,0,0,0.645626,0.300693,0,0.341373,0,0.801703,0.587122,0.061699,1.39591,0.430638,0.547217,0.0881232,1.84616,0.570025,0.192248,1.95025,0.182503,0.357727,1.39971,0.0253473,2.76053,0.144036
,21.919637188,0,0,0.448134,0.293926,0.0466183,0.332958,0,0.911869,0.118896,0.0551512,2.05259,0.239438,0.756062,0.0583282,1.67881,0.605618,0.022117,1.94561,0.0444823,0.406884,1.1131,0.0229453,2.99915,0.0763716
,21.966077097,0,0.292837,0.0593724,0.153496,0,0.36198,0,0.765967,0.346172,0.0493451,2.22791,0.190065,0.802323,0.412625,1.56715,0.33136,0,1.96275,0.00761657,0.341781,0.45339,0.0149283,3.23645,0.0490257
,22.012517006,0,0.260484,0,0,0.0310473,0.404717,0.478781,0.474596,0.0973317,0.137957,2.2218,0.0997177,0.64536,0.359097,1.52513,0.10231,0.0107499,2.12118,0.214091,0.217772,0.56623,0.331797,3.03458,0.0536669
,22.058956916,0.0625983,0.0402653,0,0,0.25586,0.329195,0.871445,0.0725068,0.0897487,0.291845,1.7567,0.0636991,0.564853,0.0644396,1.60929,0.0575536,0.0885897,2.3673,0.38857,0.0752825,0.521738,0.646401,2.46152,0.0895941
,22.105396825,0.213089,0.333473,0,0,0.22789,0.264104,0.705802,0,0.0933868,0.156626,1.48479,0.15555,0.653587,0.327852,1.53294,0.233836,0.0789053,2.315,0.377691,0.0473813,0.583722,0.700286,2.23086,0.118828
,22.151836734,0.230017,0.551214,0,0,0.102487,0.241796,0.0654133,0.311338,0.112921,0.166202,1.4281,0.270242,0.491209,0.526476,1.44457,0.465105,0.0441611,2.28557,0.116014,0.188352,0.73776,0.75094,2.22949,0.14776
,22.198276643,0.0773004,0.577075,0,0,0,0.496081,0,0.572311,0.139809,0.166633,1.52098,0.2739,0.182291,0.548279,1.44653,0.425451,0.0206465,2.05118,0.0635182,0.303845,0.883337,0.761256,2.52826,0.142001
,22.244716553,0,0.471511,0,0,0,0.901971,0,0.558442,0.153706,0.181249,1.70799,0.256292,0.124883,0.44646,1.61532,0.0824103,0.0233259,1.9323,0.0585374,0.289529,0.935891,0.803814,2.77671,0.156295
,22.291156462,0,0.212789,0,0,0.0794228,1.06157,0.0850176,0.250773,0.10459,0.192034,1.80926,0.204639,0.0456132,0.20098,1.92882,0.0480431,0.0448981,1.88605,0.0760197,0.359983,0.757902,0.81192,2.84216,0.244175
,22.337596371,0,0,0,0,0.139079,0.855423,0.312426,0.048607,0.0462909,0.16516,1.93451,0.165115,0,0,2.08926,0.12097,0.0542608,1.78457,0.169309,0.213188,0.549183,0.66291,2.76225,0.313979
,22.384036281,0,0,0,0,0.216981,0.684104,0.0973248,0,0.062809,0.2536,2.11251,0.19381,0,0.0303129,2.05651,0.0888884,0.0774864,1.78995,0.0892231,0.0296396,0.55218,0.517691,2.72269,0.368905
,22.430476190,0,0,0.175719,0.104805,0.149673,0.706854,0,0,0.0775403,0.218251,2.10561,0.2015,0.0156081,0.0448967,2.24401,0.246625,0.0557795,2.17186,0.00388687,0.0325583,0.494307,0.347496,2.54592,0.2844
,22.476916099,0,0.159893,0.141101,0.141144,0.217181,0.889766,0,0,0.0598112,0.0972168,1.97127,0.187714,0.00266543,0.357222,2.42652,0.29698,0.0798043,2.34931,0,0.0427233,0.355479,0.332346,2.40334,0.295821
,22.523356009,0,0.31893,0.0445875,0.169361,0.243755,0.815652,0,0,0.0249178,0.0844421,1.89241,0.197641,0,0.661673,2.46644,0.255713,0.0843985,2.31379,0,0.00340384,0.628285,0.363266,2.36214,0.225332
,22.569795918,0,0.27608,0.0714281,0.192848,0.240393,0.757649,0,0.0376874,0.0170421,0.0709306,1.9402,0.214251,0.0135092,0.505675,2.45033,0.261021,0.0862469,2.13233,0,0.0228165,0.850746,0.227786,2.32244,0.0952643
,22.616235827,0,0,0.0301187,0.383648,0,1.55138,0.213615,0,0.0930173,0.0622805,2.07695,0.193804,0.00736271,0.0237962,2.57536,0.564965,0.102031,1.79823,0.431955,0.000486432,1.21749,0.0146624,2.04854,0.107052
,22.662675736,0,0,0.162903,0.841623,0.330244,0.744808,0.670488,0,0.197185,0.0697199,2.00063,0.158042,0,0,2.43787,0.839534,0.24741,1.20354,0.911021,0.0036643,1.45717,0.0164138,1.81208,0.20199
,22.709115646,0,0.443698,0.804752,1.14222,0.126694,0.247038,0.706541,0,0.248233,0.336266,1.64259,0,0,0.12621,2.14096,0.71426,0.317459,1.08121,1.41589,0.00406471,1.08363,0.139477,1.65456,0.220273
,22.755555555,0.21228,0.714674,0.573794,0.994253,0,0.025564,0.488136,0,0.246388,0.387482,1.51956,0,0.0571747,0.203289,1.75301,0.646801,0.34965,0.862948,1.46181,0.00430419,1.07301,0.246449,1.85426,0.233282
,22.801995464,0.158627,0.868582,0.658972,1.08879,0,0.268959,0.146561,0.00747538,0.217592,0.415276,1.4814,0,0.042724,0.247067,1.80028,0.501426,0.227777,0.784753,0.889362,0.00788833,1.33933,0.13708,2.36885,0.092922
,22.848435374,0.29992,0.737229,0.686137,1.21172,0,0.639213,0.0177981,0.207922,0.217854,0.431598,1.54814,0,0.0807793,0.226676,1.60663,0.418981,0.131992,1.22467,0.12539,0.0927766,1.47285,0.101609,2.85805,0.023071
,22.894875283,0.591182,0.325095,0.579158,0.86233,0.1106,0.923473,0,0.0492033,0.210018,0.380371,1.69345,0,0.159227,0.118363,1.50189,0.303555,0.0926557,1.63017,0.174531,0.0219549,1.275,0.0903931,3.25074,0.0297962
,22.941315192,0.556679,0,0.490981,0.440831,0.227932,0.769262,0,0,0.262003,0.509919,1.87855,0,0.149934,0.0421387,1.68103,0.377834,0.0679031,1.91981,0.113625,0.0425273,1.1427,0.120048,3.39576,0.0179043
,22.987755102,0.196647,0,0.45786,0.459014,0.284077,1.05448,0.00674823,0.243534,0.177177,0.529518,1.22019,0,0.0529641,0.0687571,1.71574,0.621278,0.118557,2.07763,0.165217,0.0536071,1.45473,0.124662,2.76188,0.0151863
,23.034195011,0.0168097,0.410585,0.778512,0.222298,0.279794,0.84987,0,0.470398,0.60669,0.505432,0.441294,0,0.013603,0.175326,1.81903,0.300882,0.116545,2.15049,0.120046,0.209896,1.3111,0.118992,2.52645,0.0196595
,23.080634920,0.346125,0.91499,0.917962,0.402679,0.374332,0.763582,0,0.49964,0.291349,0,0.0516542,0,0.156508,0.274683,1.96504,0.55652,0.149179,2.08251,0.0338104,0.222944,1.04799,0,2.4926,0.0232223
,23.127074829,0.304925,0.279384,0.729066,0.428188,0.210044,0.555888,0,0.570814,0.110517,0,0.203943,0.727859,0.223802,0.0993382,1.68829,0.567955,0.131578,1.97294,0,0.254702,0.772399,0,2.39731,0.210349
,23.173514739,0.230112,0.834878,0.474953,0.676176,0,0.985425,0,0.601434,0.0290636,0.677447,0.0344722,0,0.0927586,0.270653,1.50906,0.63208,0.0342711,2.01379,0.0161486,0.288451,0.294381,0.372146,1.74587,3.74431e-05
,23.219954648,0.186983,0,0.174557,0.567408,0,0.283886,0,0.566135,0.1121,1.29488,0,0,0.151313,0.0919513,1.72861,0.790261,0.0100504,1.66165,0,0.291944,0.389949,0.780273,1.54706,0.0196998
,23.266394557,0.0520886,0,0,0.626446,0,0.133751,0,1.11439,0.249971,0.573098,0,0,0.0421519,0.0715634,1.53403,0.851861,0.0112779,1.53804,0.0143493,0.578699,0.484573,1.18636,1.59024,0.0296663
,23.312834467,0.0971812,0.0493561,0,0.579111,0,0.0577417,0,1.09171,0.475298,0.160601,0,0,0.0786423,0.0915188,1.47108,0.78383,0.0145329,1.56922,0.343977,0.59467,0.595152,1.44196,1.56557,0.0393665
,23.359274376,0.160027,0.13448,0,0.542518,0,0.0613271,0.124453,1.11329,0.425058,0.163934,0,0,0.129499,0.141484,1.34253,0.734301,0.0193368,1.58939,0.707439,0.589103,0.63107,1.47189,1.57323,0.0432344
,23.405714285,0.098925,0.273043,0,0.550085,0,0.0851755,0.114181,1.17141,0.204617,0.1422,0.0223541,0,0.0800535,0.259129,1.21933,0.755145,0.022509,1.42757,0.955804,0.572739,0.553407,1.27675,1.77474,0.0429728
,23.452154195,0,0.426691,0,0.581375,0,0.21813,0.560717,0.969027,0.041225,0.124353,0.033112,0,0,0.421806,1.00458,0.86248,0.0193233,1.41901,1.15061,0.482069,0.236118,1.13942,1.72357,0.0464732
,23.498594104,0,0.558874,0.0855448,0.302605,0,0.647568,0.515854,0.711762,0,0.617502,0.0483761,0.626415,0,0.187169,0.863571,0.509487,0.0139763,1.93225,0.928518,0.440228,0.0141462,0.86563,1.90218,0.202101
,23.545034013,0,0.0128656,0,0.851387,0,0.537559,0.382732,0.75502,0.0468234,0.857643,0.643828,0.41428,0,0.0230042,0.985826,0.920224,0.000715087,2.05212,1.00048,0.34844,0.293822,0.589606,1.44842,0.175099
,23.591473922,0,0,0.222647,1.32109,0.0478447,0.317202,0.12686,1.13164,0.180731,0.323127,0.626648,0.59453,0,0.00834352,1.10558,0.846343,0.0823046,1.50726,1.10248,0.580513,0.471517,0.293201,1.19829,0.263651
,23.637913832,0.171052,0,0.343769,1.18798,0.165675,0.395382,0,1.06446,0.197656,0.002257,0.406522,0.639131,0.0613577,0.0156657,1.24368,0.606941,0.284961,2.16284,0.690063,0.540649,0.188858,0.0202646,1.20308,0.280498
,23.684353741,0.34198,0,0.510047,0.939041,0.147358,0.309267,0,0.639474,0.294762,0.0235852,0.281815,0.576257,0.903993,0.0278478,0.818003,0.371643,0.24806,2.28548,0.190671,0.249185,0.249696,0.211761,0.689166,0.205069
,23.730793650,0.311327,0.212305,0.536862,0.408206,0.0536077,0.173793,0.36747,0.23423,0,0.0411894,0.572699,0.452831,1.38559,0.076414,0.803891,0.436013,0.0431219,1.79211,1.03696,0.104516,0.505443,0.173972,0.55475,0.121927
,23.777233560,0.121188,0.593867,1.57065,0.45761,0.913399,0.245333,1.09238,0.00347911,0.114678,0.11048,0.0266548,0,1.31467,0.560909,1.27719,0.6398,0.316258,1.62364,1.38342,0.0133637,0.593623,0.123285,0.530453,0
,23.823673469,0.341183,1.1053,1.6265,0.445528,1.01702,0.0935648,0.858092,0,0.0656356,0,0.567224,0,1.14536,0.540832,2.12341,0.366978,0.352134,0.701739,1.24231,0,1.14757,0,0.701447,0
,23.870113378,0.117321,1.06472,1.40676,0.559602,0.885842,0.368952,0.461334,0.0471402,0.464021,0,0.366823,0,1.12942,0.373657,2.33996,0.229418,0.306717,0.302805,0.861572,0.0695801,1.68809,0,0.299218,0
,23.916553287,0.200444,1.05216,1.1354,0.871778,0.785067,0.673704,0.148284,0.101857,0.377112,0.222636,0.0712205,0.00956348,1.21724,0.300042,2.31012,0.378866,0.285625,0.251894,0.387084,0.022421,2.16348,0.122302,0.0831783,0.00672287
,23.962993197,0.642301,0.954218,1.05832,0.959081,0.255519,0.353575,0.0161302,0.0560037,0.867683,0.352784,0,0.287258,1.39797,0.301358,2.12772,0.418388,0.155267,0.132302,0.0385136,0.0123276,3.06228,0.0830543,0,0.0736262
,24.009433106,0.819259,0.781571,0.826965,0.757759,0,0.167639,0.028586,0.0183471,1.90083,0.421925,0,0.283004,1.50919,0.4364,1.69709,0.516979,0.0623044,0.062728,0.0319817,0.0040386,3.71285,0.0995661,0,0.0725359
,24.055873015,0.76811,0.680488,0.269353,0.287675,0,0.037291,0.0879485,0,2.32016,0.420895,0,0.319944,1.41609,0.606623,0.958993,0.849547,0.0278911,0.0211494,0.0531671,0.0205109,3.85779,0.0990893,0,0.0920429
,24.102312925,0.619576,0,0.196923,0,0,0.0567218,0,0,2.43455,0,0.0137676,0.719453,1.87981,0.200278,0.24586,1.47857,0.106776,0.128817,0.0532146,0.0155354,4.19823,0,0.00337418,0.195893
,24.148752834,0.319993,0,0.497993,0.0908859,0,0.18044,0,0,2.36396,0,0.00855044,0.174613,2.17706,0.141358,0.557809,1.71907,0.0566059,0.38943,0.0591364,0.0275135,4.14313,0,0.156677,0.126319
,24.195192743,0.0894868,0,0.529311,0.329566,0,0.140934,0.000525467,0,2.38156,0,0.0152795,0.152439,2.5366,0.0391108,0.592889,1.66072,0.00516636,0.301312,0.0600893,0.0344659,4.0719,0,0.252945,0.107161
,24.241632653,0.00478529,0,0.274447,0.581652,0,0.0627882,0.120271,0,2.40489,0,0.00985687,0,2.82593,0.0178131,0.307412,1.27487,0.108357,0.133391,0.400847,0.042522,4.08892,0,0.163176,0
,24.288072562,0.00278119,0,0.0824799,0.665007,0,0.0598461,0.222567,0,2.40125,0,0,0,2.41886,0.119616,0.255595,1.04548,0.501074,0.137054,0.696891,0.0335101,3.89316,0,0,0.0353588
,24.334512471,0.00220503,0,0.133434,0.587357,0.0775311,0,0.232895,0,2.36766,0,0,0,2.20498,0.132872,0.151366,0.917199,0.569173,0.108229,0.70954,0.0268038,3.57661,0.00442791,0.0431977,0.0527683
,24.380952380,0.0913693,0.0869852,0.191164,0,0.260097,0.0950467,0,0,2.39375,0.135619,0,0,1.95263,0.204405,0.214126,0.550844,0.453932,0.327558,0.0527829,0.0165516,3.31338,0.68002,0.112728,0.0522864
,24.427392290,0.222869,0.384275,0,0.047155,0.0661902,0.188867,0,0.0369407,2.37054,0.228412,0,0,1.7436,0.473518,0.722664,0.660328,0.115943,0.414246,0.0429924,0.0225087,3.15411,0.860447,0.12014,0.0377072
,24.473832199,0.298147,0.636815,0,0.0899526,0.00791542,0.109163,0,0.0389037,2.42732,0.238087,0,0,1.69039,0.674552,1.1454,0.757664,0.0270423,0.249601,0.0310352,0.0257357,3.13512,0.826875,0.113605,0.0305776
,24.520272108,0.293782,0.660222,0,0.0540102,0.0026696,0.059475,0,0.0314289,2.40548,0.227493,0,0,1.52018,0.643037,1.13511,1.57947,0.0911457,0.128658,0.0121576,0.0435039,3.28017,0.813578,0.0231105,0.0473574
,24.566712018,0.353073,0.597108,0.00363657,0,0.0997082,0.0407709,0,0.0235049,2.38564,0.125447,0,0,1.16352,0.56397,0.448955,2.24914,0.243808,0.0866162,0.0162466,0.0453881,2.93056,0.638527,0.0768465,0.0503378
,24.613151927,0.321029,0.449618,0,0,0.117779,0.022625,0,0.0123648,2.42483,0.121865,0,0,0.673307,0.424665,0.252892,2.39134,0.196999,0.0481831,0.0655342,0.0199536,2.42694,0.642786,0.225758,6.61093e-06
,24.659591836,0.29447,0,0,0,0.0633407,0.0380335,0,0.0199619,2.34525,0.191644,0,0,0.389635,0,0.0906226,2.40505,0.105945,0.0834271,0.094541,0.0942988,2.49807,0.758196,0.179636,0
,24.706031746,0.221551,0,0,0.0384335,0,0.222795,0.0451551,0,2.26352,0.181624,0,0,0.256996,0,0.076399,2.3513,0,0.477214,0.221243,0.113566,2.55926,0.748811,0.10232,5.96427e-05
,24.752471655,0.0916481,0,0,0.420122,0,0.260434,0.0932838,0.0118785,2.21876,0.105795,0,0,0.594971,0,0.0778429,2.46146,0.01738,0.554233,0.342903,0.0689986,2.66917,0.666089,0.0505305,0.000154026
,24.798911564,0.0831884,0.247878,0.0556204,0.613132,0,0.157007,0.133005,0.00441388,2.08034,0.0327317,0,0,1.45075,0.277951,0.165938,2.55341,0.0556509,0.333554,0.417099,0.00196951,2.78116,0.457553,0,0.000211529
,24.845351473,0.0967348,0.410281,0.108091,0.866518,0.00417752,0.13576,0.1095,0.0150991,2.45907,0.0205602,0,0,1.19044,1.06382,0.689408,1.85089,0.0142924,0.298957,0.706861,0.00673736,2.28112,0.1846,0.00481009,0
,24.891791383,0.195381,0.345296,0.118426,0.812374,0.0373281,0.14558,0,0.0422833,2.48461,0.0451804,0,0,1.24712,0.984124,0.861131,1.32399,0.065602,0.606503,1.21084,0.0188672,1.6846,0.110963,0.0417333,0
,24.938231292,0.257407,0.0907399,0.564664,0.698554,0.0278783,0.133171,0.0184899,0.0170205,2.51971,0.0537453,0,0,1.25567,0.65071,0.922406,1.09179,0.0580804,0.744599,1.51445,0.00759468,1.43349,0.0436584,0.0242131,0
,24.984671201,0.492491,0.594696,0.666261,0.773991,0.019743,0,0.0751048,0,2.33724,0.0545054,0,0.461298,1.32564,0.663835,0.77415,1.13361,0.0862433,0.547149,1.49523,0,1.27304,0.125538,0.00809457,0.118234
,25.031111111,0.741398,0.246233,0,1.17784,0.914397,0.12313,0.198274,0,1.51003,0.169298,0,0.229014,1.23899,0.499205,0.209219,1.479,0.316604,0.566616,1.29727,0,0.768545,0.937563,0.0137169,0.0586979
,25.077551020,0.646669,0.312114,0,1.3158,1.11051,0,0.139762,0.366239,0.0707073,0.657741,0.0738729,0.363361,1.23371,0.672819,0.0110721,1.46612,0.527705,0.462376,0.569559,0.152748,0.697619,0.880008,0.122409,0.093132
,25.123990929,0.586783,0.393317,0,1.26794,0.899217,0.0574096,0.158218,0.148911,0.0587012,0.590579,0.0540666,0.510111,1.76719,0.890131,0.513231,1.36142,0.744986,0.149728,0.227614,0.0701005,0.8545,0.444541,0.36565,0.167084
,25.170430839,0.546824,0.227204,0,1.23315,0.714327,0.040193,0.140177,0,0.157433,0.448919,0.00213138,0.446583,2.26994,0.132701,0.773,1.40093,0.247331,0.0572489,0.273809,0.807655,0.974732,0.356608,0.324973,0.349345
,25.216870748,0.24283,0,0,1.48595,0.23343,0.0313258,0.0324964,0,0.656179,0.503717,0,0.24616,1.51299,0,0.161732,1.34513,0.0808234,0.0232084,0.308657,1.15974,1.06813,0.401978,0.386849,1.41129
,25.263310657,0.00473835,0,0,1.91752,0.125665,0.00114036,0,0,1.11716,0.252136,0,0.170097,1.05989,0,0,1.93626,0.0495723,0.0107192,0.277429,1.07388,1.15453,0.232269,0.338746,1.90343
,25.309750566,0.00469256,0,0.0129994,2.06953,0.0783513,0.0241193,0,0,1.17291,0.0650293,0,0.0206351,0.99327,0,0.00392575,2.6844,0.131052,0.0704731,0.039867,0.988245,0.884779,0.0552808,0.579403,1.86901
,25.356190476,0.308201,0,0.00301057,2.03299,0.104987,0,0.0166158,0.0312691,1.31101,0.0636044,0,0.0147847,1.20328,0.301244,0.0958523,2.95063,0.175603,0.0170085,0.0464099,0.859313,0.707635,0.0350483,0.957927,1.23998
,25.402630385,0.473131,0,0,2.21032,0.10551,0,0.0663508,0,1.1015,0.171338,0,0.00267116,1.24953,1.15263,0.245711,2.92379,0.0365321,0.00232259,0.185326,0.62176,0.745525,0.0948593,1.24216,0.106573
,25.449070294,0.257281,0,0,2.48713,0.098217,0,0.0612801,0,0.704353,0.166961,0,0,0.431151,2.20987,0.0974792,2.71376,0.034007,0,0.171163,0.665618,0.455422,0.0958912,1.36279,0
,25.495510204,0.215935,0.0174102,0,2.68423,0.0578337,0,0,0.0884073,0.416888,0.293732,0.00214275,0,0.515474,2.81733,0,2.14832,0.0200245,0.0131389,0.0236019,0.702937,0.472477,0.166879,1.51189,0
,25.541950113,0.266216,0,0,2.73533,0.0477542,0,0,0,0.78472,0.448118,0,0,0.653342,2.52926,0,1.55087,0.0165346,0.103513,0.0568944,1.09046,0.704783,0.285197,1.29818,0.0210407
,25.588390022,0.406451,0,0,2.52196,0.167355,0.0257628,0,0,0.999948,0.246704,0,0,0.328914,0.453535,1.86004,1.19726,0.0579455,0.213737,0,0.837347,0.592158,1.29683,0.95333,0.153486
,25.634829931,0.187493,0,0.0720325,2.29917,0.165723,0.0404565,0,0.0900414,0.576978,0.101629,0,0,0.151726,0.41867,2.18979,1.03236,0.0573805,0.446073,0,0.661388,0.464174,1.63688,0.505902,0.144219
,25.681269841,0.237564,0,0.132241,2.28635,0.154031,0.0225554,0,0.385958,0.155194,0.118341,0,0,0.208339,0.423418,1.94426,1.0654,0.0533321,0.41964,0,0.662024,0.561342,1.7942,0.50556,0.0940329
,25.727709750,0.395172,0,0.170767,2.33433,0.15517,0,0,0.519856,0.0982463,0.123588,0.243686,0,0.518167,0.283212,1.58906,1.17178,0.0537264,0.0552157,0,0.787446,0.566818,1.76749,0.636266,0.0396996
,25.774149659,0.38751,0,0.200879,2.39513,0.16621,0,0,0.40843,0.0781386,0.1191,0.160034,0,0.516239,0.169759,1.95552,1.18257,0.0575491,0,0,0.95403,0.572653,1.35806,0.671245,0.0202809
,25.820589569,0.17223,0,0.139876,2.38228,0.119423,0,0,0.157452,0.0749925,0.461336,0,0,0.703883,0.258373,2.44723,1.0975,0.0413492,0,0,1.18115,0.577674,1.27417,0.652017,0.0710314
,25.867029478,0.0066095,0,0.0331153,2.21623,0.0530589,0.107055,0,0.0318339,0.1529,0.77412,0,0,1.30748,0.668291,2.01633,1.05425,0.0183713,0.227434,0,1.54644,0.858823,1.10069,0.403681,0.122733
,25.913469387,0.0560902,0,0,2.05573,0.0633721,0.237756,0,0.0783761,0.179943,0.543802,0,0,1.62674,0.76817,1.82217,0.92239,0.0219421,0.505102,0.00527837,1.77078,1.0127,0.690363,0.244768,0.136002
,25.959909297,0.227481,0,0.189513,1.89636,0.253157,0.255012,0,0.210602,0.127134,0.100386,0,0,1.52987,0.997048,1.72332,0.932624,0.190274,0.541762,0.00301301,1.86895,0.715955,0.274903,0.796546,0.132553
,26.006349206,0.462348,0,0.729109,1.59541,0.457278,0.218957,0,0.186558,0.0186572,0,0,0,0.833759,0.903463,2.05258,1.2588,0.408072,0.465164,0.0592211,1.8614,0.105023,0.17616,1.55917,0.0715107
,26.052789115,0.307827,0,1.12043,1.52568,0.401131,0.118021,0,0.0802669,0.0264253,0,0.00618965,0,0.249104,0.493813,2.18063,1.41499,0.341744,0.250731,0.0825146,1.90124,0.148527,0.337747,1.90582,0
,26.099229024,0.366709,0.330073,1.16386,1.93306,0.0830948,0.0573144,0,0,0,0.108623,0,0,0.341596,0.691351,2.11008,1.54119,0.028771,0.121762,0.0767764,2.00783,0.00916873,0.1687,1.79849,0.0195342
,26.145668934,0.324296,0.688079,0.558684,1.9677,0.0199806,0,0.0660277,0,0,0.125238,0.835068,0,0.543361,0.998001,1.44998,1.27675,0.0315322,0.0490323,0.327825,2.02258,0.0280042,0.284972,1.67615,0.0022727
,26.192108843,0.781139,0.59836,0.516118,1.92008,0.0501644,0,0.0944948,0.23121,0.163112,0,0.819788,2.91992e-05,0.663292,0.987697,1.17147,1.00631,0.0459058,0.637509,0.513098,1.50427,0.0674041,0.267891,1.47669,0.00116497
,26.238548752,0.455307,0.198952,0.332321,1.74238,0.245176,0.358985,0.0512669,0.278824,0.108277,0.194145,0.312739,0.013005,0.45794,1.0632,1.10312,1.66953,0.109515,1.8198,0.341811,1.00652,0.0893266,0.306295,1.70558,0.00333327
,26.284988662,0.626397,0.149815,0.355207,1.54459,0.392562,0.560744,0,0.264087,0.184991,0.198185,0.0173259,0.46642,0.342336,0.985576,1.13517,1.29391,0.156819,2.76604,0.00269933,0.567025,0.297139,0.207854,2.22608,0.119547
,26.331428571,0.44765,0.209222,0.470835,1.57718,0.171186,0.659395,0,0.189103,0.109559,0.284024,0.216365,0.631614,0.656323,0.758919,0.839134,1.24456,0.0813432,3.093,0,0.202656,0.562122,0.158447,2.49067,0.161932
,26.377868480,0,0.58853,0.234353,1.07063,0,0.733025,0,0.957361,0,0.229623,0.357592,1.02137,0.597215,0.555869,0.54794,0.924371,0.0221524,3.07486,0,0.427182,0.453641,0.0638314,2.74057,0.274177
,26.424308390,0,0.386559,0.170015,0.42955,0,0.57029,0.0249863,1.26734,0.32372,0.0541041,0.987491,0.602816,0.429271,0.369182,0.688906,0.411989,0.0152995,2.95282,0.00535197,0.578663,0.603414,0.0230294,2.88241,0.290309
,26.470748299,0.0134391,0,0.465426,0.155382,0,0.460288,0.0164791,1.07642,0.225609,0.061478,1.32375,0.290636,0.138011,0.143669,1.15756,0.192836,0.00110926,3.23271,0.0403316,0.515403,1.01297,0.0209881,2.39514,0.345242
,26.517188208,0,0,0.332878,0.0327585,0,0.362048,0.0584491,0.751532,0.10823,0.0424264,1.6209,0.323926,0.109443,0.0891554,1.21666,0.206362,0,3.05302,0.0650294,0.387564,0.950877,0.0170255,2.55546,0.388759
,26.563628117,0,0,0.0370818,0.586569,0,0.246171,0.00138079,1.02395,0.119199,0.050135,1.61503,0.327253,0.204083,0.0817239,1.15958,0.521412,0,2.78297,0.104797,0.49407,0.747225,0.0252854,2.64637,0.386733
,26.610068027,0,0,0.0828493,0.609981,0,0.287383,0.00416137,0.962849,0.0981982,0.0389975,2.15503,0.282776,0.55264,0,1.27988,0.680719,0.0871528,2.41716,0.104408,0.449018,0.447253,0.0388127,2.91802,0.263344
,26.656507936,0,0,0.0962528,0.581862,0.232271,0.375137,0.116013,0.46924,0.00477677,0.00927908,2.25153,0.264092,0.790454,0,1.4847,0.793329,0.243213,2.3344,0.0472319,0.209379,0.406172,0.00663048,2.96314,0.0676887
,26.702947845,0,0,0.306715,0.357307,0.373463,0.431602,0.509258,0.1109,0.100614,0.111473,2.23434,0.164916,0.648839,0.0371645,1.75506,0.855381,0.209819,2.418,0.207331,0.0923367,0.924274,0.493882,2.59175,0.0477766
,26.749387755,0,0,0,0.456876,0.539281,0.31051,0.572672,0,0.0990206,0.139611,1.79784,0.107712,0.439605,0.0479905,1.75647,0.935953,0.186722,2.39714,0.233149,0.0504427,0.861712,0.770715,2.22648,0.0696566
,26.795827664,0.0555866,0.183259,0,0.268344,0.491052,0.258126,0.251772,0.0366553,0.0970046,0.165543,1.6508,0.158914,0.295769,0.221236,1.90857,0.529807,0.174149,2.29017,0.102502,0.0707623,0.799777,0.813829,2.40474,0.0929701
,26.842267573,0.196353,0.456758,0,0,0.304413,0.225327,0,0.363604,0.104706,0.177996,1.62171,0.233562,0.333925,0.473141,1.86936,0.137525,0.118321,2.36297,0,0.217887,0.805135,0.863388,2.47714,0.110357
,26.888707482,0.165633,0.459705,0,0,0.123071,0.525842,0,0.502275,0.124542,0.189485,1.64148,0.231649,0.401302,0.470297,1.82937,0.0612675,0.0592813,2.50027,0,0.276247,0.86945,0.910607,2.38958,0.0948795
,26.935147392,0.0469862,0.365041,0,0,0.184966,0.899853,0,0.357468,0.123728,0.171919,1.82888,0.230284,0.320572,0.374908,1.91545,0.0700688,0.0787049,2.40364,0,0.220245,0.867151,0.899558,2.21442,0.0911456
,26.981587301,0,0.0591722,0,0,0.119762,1.24778,0.143521,0.142455,0.110445,0.174641,1.96627,0.228195,0.167114,0.0631008,2.09881,0.0351087,0.0484094,2.11577,0.0584311,0.193398,0.90711,0.82923,1.93217,0.104355
,27.028027210,0,0,0,0,0,1.51098,0.165645,0,0.135761,0.11538,1.87197,0.248165,0.241639,0,2.23191,0.00988738,0.00231624,2.27315,0.0674382,0.113424,0.950042,0.321667,2.25367,0.101339
,27.074467120,0,0,0,0.0796452,0,1.40816,0,0,0.137163,0.0670353,1.71712,0.306959,0.273443,0,2.14902,0.107824,0.161215,2.57673,0,0.219974,0.808856,0.0529638,2.42436,0.0992035
,27.120907029,0,0,0.00571339,0.411998,0.0282018,0.913537,0.0648996,0,0.0897661,0.0680159,1.6366,0.289689,0.206574,0,2.16111,0.557642,0.240527,2.60447,0.184848,0.21047,0.649218,0.032348,2.28238,0.0978941
,27.167346938,0,0,0,0.484211,0.175807,0.625359,0.0503098,0,0.0481209,0.137179,1.86538,0.244961,0.28113,0,2.2747,0.655382,0.146331,2.47999,0.140521,0.0959871,0.556353,0.433964,2.38524,0.099502
,27.213786848,0,0.0608571,0.176023,0.514665,0.268326,0.578263,0,0.0350712,0.0344662,0.115145,2.23725,0.206198,0.229789,0.0822531,2.26523,0.723155,0.232252,2.17712,0,0.0202258,0.443225,0.382374,2.74209,0.0528499
,27.260226757,0,0.0545633,0.0683724,0.606339,0.107932,1.002,0,0.0040095,0.0174795,0.0675458,2.34825,0.20982,0.131399,0.079426,2.34335,0.692821,0.385408,1.95432,0,0.0187718,0.511878,0.10493,2.95216,0.0537784
,27.306666666,0.00332685,0,0.648771,0.48899,0.113264,1.00988,0.324067,0,0.0192627,0.00548321,2.4048,0.223048,0.0295351,0.00273483,2.51767,0.331352,0.0815611,1.81869,0.575646,0,0.489609,0.00129089,3.00129,0.139796
,27.353106575,0,0.0560879,0.186898,0.742203,0.123537,0.969192,0.169357,0,0.0354248,0,2.39008,0.291367,0,0.0159542,2.06526,0.570562,0.0580915,1.82496,0.818519,0,0.455979,0,2.88251,0.181379
,27.399546485,0,0.113511,0,0.945237,0.247691,0.837433,0,0.0144712,0.0571958,0,2.34546,0.419275,0,0.163119,1.69758,0.747998,0.0962385,1.91621,0.676843,0.0555855,0.500769,0,2.75339,0.199319
,27.445986394,0,0.341309,0,1.10897,0.0219074,0.860277,0,0.00374119,0.122695,0.0230489,1.81957,0.573808,0,0.322368,1.74119,0.88086,0.0143599,2.03493,0.570428,0.0143703,0.663153,0.00542629,2.64188,0.186869
,27.492426303,0.322472,0.48149,0,0.949208,0.00782766,0.643043,0,0,0.362776,0.0969776,0.638095,0.660945,0.0868534,0.240448,2.0195,0.713352,0.0171211,1.948,0.137356,0,0.878837,0.0254744,2.65601,0.169405
,27.538866213,0.535227,0.495346,0,0.744744,0.245354,0.48061,0,0,0.42322,0.0747341,0.432486,0.65221,0.144156,0.180985,1.98725,0.432343,0.425686,1.96351,0.0139166,0,0.943465,0.0410541,2.64492,0.186454
,27.585306122,0.224885,0.439764,0,0.536421,0.149161,0.454109,0.169489,0,0.375171,0.469809,0.761139,0.676114,0.0605699,0.169628,1.95721,0.269198,0.131996,2.24463,0.11138,0,0.819282,0.258083,2.47501,0.194609
,27.631746031,0,0.167585,0.762264,0.213778,0.704131,0.268755,0.236312,0,0.522461,0.235166,0.821894,0.649094,0,0.110308,1.94623,0.350867,0.375579,2.31356,0.108706,0,0.817205,0.129185,2.78557,0.197764
,27.678185941,0.0514075,0,0.501562,0.226654,0.30867,0.236816,0.489538,0.0950663,0.538786,0.168539,0.332005,0.783557,0.0138459,0.101698,1.88339,0.386484,0.46266,2.43276,0.21315,0.0212608,0.73551,0.0925846,2.56763,0.242111
,27.724625850,0.133728,0,0.0057608,0.528924,0.30325,0.130611,0.594696,0,0.647794,0.0824133,0.0553277,0.823332,0.0360177,0.105784,1.51609,0.298496,0.507221,2.47366,0.265034,0.000852485,0.605669,0.0452726,2.47478,0.260232
,27.771065759,0.171246,0.153853,0,0.352287,0.337442,0.185832,0.496572,0,0.671709,0.0794397,0.192923,0.695401,0.099725,0.122279,1.26322,0.342118,0.4661,2.47841,0.225507,0,0.486485,0.0187021,2.25617,0.216126
,27.817505668,0.347376,0.133486,0.147257,0.45862,0.35203,0.0817415,0.5486,0,0.521526,0.361098,0.0662914,0.491658,0.21109,0.0484144,1.22762,0.487851,0.276336,2.39394,0.274343,0,0.483537,0.0850117,1.35302,0.17514
,27.863945578,0.476064,0,0.309876,0.474878,0.343524,0,0.737756,0,0.40952,0.642354,0.361259,0.602897,0.273629,0.0168671,1.47394,0.435916,0.128564,2.04358,0.300358,0.0147029,0.657646,0.660173,1.54839,0.202623
,27.910385487,0.199282,0,0.0957096,0.422713,0,0,0.0212886,0,1.24539,0.0922206,0.807688,0,0.161266,0.00882412,1.6072,0.672668,0.00781277,1.83643,0.194336,0.0319514,0.678567,0.828007,1.61875,0.0582716
,27.956825396,0.158823,0,0.116562,0.692064,0,0,0,0,0.065942,0.427536,1.14183,0,0.14313,0.00711668,1.38771,1.01079,0.0141277,1.02729,0.70078,0.0394295,0.399978,1.09713,1.78981,0.0565061
,28.003265306,0.335714,0,0.0888169,0.734494,0,0,0,0,0.0647002,0.447175,1.06052,0,0.288437,0.0635227,1.24129,1.03406,0.0208106,0.821489,0.849485,0.0456493,0.406103,1.34374,1.72302,0.0485964
,28.049705215,0.499313,0.0503331,0,0.754833,0.08877,0,0,0,0.0625,0.420109,0.87853,0,0.408954,0.0475398,1.17377,1.03873,0.168285,0.927415,1.124,0.0488842,0.392641,1.36753,1.49625,0.0393284
,28.096145124,0.435317,0.193559,0,0.467317,0.208918,0,0.0260781,1.13368,0.0566269,0.132815,0.352027,0,0.352273,0.182817,1.18978,0.686555,0.356839,0.956996,1.46708,0.568909,0.326041,1.19249,1.49914,0.0353723
,28.142585034,0.301203,0.143964,0,0.397349,0.501424,0.906071,0.6176,0.698391,0.0319751,0.116185,0.0529071,0,0.243744,0.135974,1.12369,0.655195,0.357465,1.37235,1.50199,0.526611,0.184063,1.04317,1.99289,0.0479266
,28.189024943,0.229803,0.516269,0,0.612687,0.845497,0.03356,1.01183,0.229623,0.0108619,0.602246,0.490557,0.0303647,0.185964,0.146852,0.967972,0.928895,0.311987,1.60409,1.30398,0.402951,0.0637534,0.81005,2.06258,0.0683808
,28.235464852,0,0.158743,0,0.7372,0.908591,0.0642793,0.675422,0.535251,0.175273,0.457434,0.690641,0.147869,0,0.069736,1.00414,0.877047,0.32948,1.81061,0.903687,0.606627,0.283706,0.6915,1.83719,0.0860963
,28.281904761,0,0,0,0.938078,0.441362,0.0935059,0.267557,0.775098,0.1509,0.337463,0.629347,0.504471,0,0.0345208,0.962162,0.58217,0.214808,1.79045,0.617163,0.724417,0.30988,0.653884,2.05993,0.153475
,28.328344671,0.317843,0,0.265821,0.852449,0.295637,0.0904859,0,0.554763,0.201829,0.167642,0.202241,0.707083,0.118082,0.0335824,1.10652,0.390972,0.624754,1.51288,0.0122114,0.602348,0.0698537,1.72545,1.20544,0.181303
,28.374784580,0.431905,0,0.554735,0.971104,0.220026,0.00669399,0,0.223204,0.0662474,0.260701,0.133908,0.715167,0.163875,0.118825,1.31514,0.313095,1.28225,0.0971611,0.00409532,0.428351,0.146712,2.40238,0.545337,0.196474
,28.421224489,0.258383,0.0102142,1.00722,0.0156904,0.136187,0.0192826,0,0,0.282782,0.191061,0.0121748,0,0.251303,0.0331659,1.69624,1.74086,0.608139,0.0409651,0.0011266,0.184589,0.289821,2.43509,0.22405,0.00852351
,28.467664399,0.176014,0.485707,1.07488,0.914394,0.77244,0.390868,0.575605,0,0.845438,0.135207,0,0,0.234158,0.151136,0.998863,2.46395,0.267452,0.212871,0.434708,0.0212083,0.810905,1.3296,0.527712,0
,28.514104308,0.014816,0.573104,1.40299,0.783697,0.652401,0.227262,0.208675,0.273609,0.549639,0.081844,0.25445,0,0.203702,0.173363,0.801135,2.38352,0.225889,0.111172,0.3992,0.0845784,0.757762,1.25333,0.433599,0
,28.560544217,0.252552,0.615763,1.49314,0.776951,0.480983,0,0.138682,0.254087,0.621738,0.0140399,0.168091,0,0.365127,0.175153,1.12809,2.01016,0.166537,0.000358138,0.599728,0.05593,1.18371,0.707668,0.323928,0
,28.606984126,0.33274,0.776491,1.31851,0.701697,0.334719,0,0.137785,0.231177,0.881029,0.0120977,0.0528416,0,0.386543,0.220872,1.36652,1.44328,0.140863,0,0.639132,0.0517995,2.40506,0.00284811,0.302501,0
,28.653424036,0.716506,0.828459,1.17236,0.791458,0,0,0.0194964,0.179693,1.14896,0.20622,0.0543044,0.174406,0.388,0.235654,1.72416,1.35541,0.0292441,0.010037,0.32147,0.0484722,2.87862,0.0485493,0.22369,0.0447016
,28.699863945,0.757502,0.763824,0.66756,0.683124,0,0,0,0.100932,1.27473,0.182859,0,0.804638,0.553813,0.54566,1.30168,0.923113,0.142031,0,0,0.63727,3.07177,0.0448472,0.625545,0.206234
,28.746303854,0.431887,0.819632,0.0589375,0.141213,0,0.0233679,0.0851339,0.0852897,1.89253,0.179366,0,0.813021,0.45663,0.845523,0.0777473,1.06124,0.135245,0.00489054,0.0297245,0.621482,2.78752,0.0466935,0.905557,0.209439
,28.792743764,0.470316,0.0881511,0.43958,0,0.0090708,0,0.00456262,0.173806,2.18878,0,0,0.172955,0.380596,0.42293,0.628929,1.41075,0.0257192,0,0.035811,0.61205,2.91971,0.00130427,0.873149,0.121848
,28.839183673,0.545822,0.0718019,0.574904,0,0.0698335,0,0.0859895,0,2.222,0,0,0.115797,0.596585,0.397773,0.857478,1.70583,0.118748,0,0.277909,0.439168,2.66605,0,0.772011,0.0814022
,28.885623582,0.344032,0.103805,0.174726,0.334916,0.120398,0,0.140626,0,2.30859,0.00134847,0,0,0.776984,0.389015,0.621565,2.15322,0.20138,0,0.495815,0.340925,2.53791,0.0121073,0.648572,0
,28.932063492,0.0041415,0.118279,0.0156416,0.487687,0.172369,0,0.135196,0,2.19343,0.00624345,0,0,0.826501,0.224033,0.515868,2.66853,0.288308,0,0.486003,0.333768,2.88108,0.0560571,0.674738,0.00693715
,28.978503401,0.174766,0.304349,0,0.46904,0.216215,0,0.00942485,0,2.22389,0,0,0,0.602209,0.389617,0,3.04695,0.361645,0.00973509,0.0263248,0.359771,2.89003,0.000237197,1.01941,0.00831871
,29.024943310,0,0.380956,0,0.364644,0.752925,0,0,0,2.34698,0.0682058,0,0,0,0.479237,0,3.06186,0.401073,0.0369167,0,0.410305,2.49234,0.61298,1.01183,0
,29.071383219,0,0.166321,0,0.210675,0.26078,0,0,0,2.28092,0.168783,0,0,0,0.289641,0.0218008,3.14471,0.436185,0.024783,0,0.345173,2.43606,0.918094,0.989097,0
,29.117823129,0.180953,0.362708,0,0.317962,0,0,0,0,2.20354,0.259847,0,0,0.146433,0.4911,0.160362,3.23164,0,0,0,0.367013,2.24195,0.908135,0.968648,0
,29.164263038,0.335722,0.548269,0,0.0898879,0,0,0,0,2.22124,0.267818,0,0,0.271677,0.678261,0.275746,3.11678,0,0,0,0.417285,2.12301,0.873841,0.928352,4.27326e-06
,29.210702947,0.322229,0.564547,0,0,0,0,0,0,2.20452,0.288547,0,0,0.260758,0.684532,0.296876,2.99205,0,0,0.0196868,0.395584,1.89781,0.932561,1.67831,2.17982e-05
,29.257142857,0.212612,0.444539,0,0,0.109981,0,0,0,2.0879,0.187037,0.0660801,0,0.317939,0.486292,0.526952,2.50162,0.213658,0.00905233,0.13086,0.181998,1.78742,0.683417,2.0926,0
,29.303582766,0.137139,0.352726,0,0,0.260618,0,0,0,1.75023,0,0.122844,0,0.269213,0.390138,0.74885,2.30642,0.47927,0.00230784,0.131017,0,1.63354,0.00125595,2.25479,0
,29.350022675,0.0810725,0.0343627,0.0403232,0,0.223462,0,0,0.0151732,1.57601,0.00148549,0.147988,0,0.259936,0.0808645,0.604012,2.14961,0.391952,0,0.155684,0.00677043,1.6196,0.0790934,2.48708,0
,29.396462585,0.0164747,0.0416738,0.0631807,0.234666,0.126046,0,0.140032,0.0165325,1.66177,0.00881103,0.151105,0,0.250123,0.0818775,0.642545,2.04214,0.213364,0,0.557258,0.0083131,1.77693,0.0894287,2.6122,0
,29.442902494,0,0.0245072,0,0.596591,0.100091,0,0.255761,0.00268111,1.75754,0.0156608,0.12702,0,0.241091,0.0539029,0.634853,2.2176,0.167414,0,0.866588,0.00579077,2.05049,0.140611,2.15964,0.00204624
,29.489342403,0,0.169863,0,0.555371,0.083157,0,0.318511,0.129328,1.94804,0.0860909,0.0699949,0,0.127346,0.265343,0.512875,1.64719,0.342079,0.00436713,0.961873,0.520489,1.45621,1.65034,1.16027,0
,29.535782312,0.00187739,0.0265711,0,0.329215,0.075439,0,0.357469,0.133601,1.86145,0.14537,0.00879529,0,0.00151925,0.230385,0.1317,1.15838,0.237332,0.394136,1.08142,0.607533,0.917589,2.38606,0.373984,0.0123799
,29.582222222,0.00653882,0,0,0.603388,0.222186,0.0854786,0.330392,0.108236,1.80467,0.172841,0.0103412,0,0.00529144,0.124053,0.12259,0.790138,0.0932222,0.433616,1.00431,0.659815,0.889599,2.17461,0.469181,0.21402
,29.628662131,0.0921689,0,0.730776,0.053485,0.12591,0.234224,0.271539,0.272881,1.72457,0.152483,0.0347536,0,0.0745862,0.0484784,0.879084,0.0271148,0.0814068,0.362528,0.841073,0.821041,0.850118,1.57552,0.898984,0.316312
,29.675102040,0.542836,0.176894,0.629021,0.505495,0.0673579,0.1816,0.229765,0,1.64457,0.265795,0.309241,0.186315,0.499312,0.0503173,1.55488,0.1945,0.0233222,0.334973,1.17175,0.172156,0.812062,1.42181,0.642782,0.469186
,29.721541950,0.844026,0.293409,0.325817,0.44684,0.814584,0.442199,0.254661,0,1.40978,0.25608,0.0201423,0.0961224,0.369396,0.0834599,2.23779,0.205969,0.282044,0.195617,1.25665,0.594245,0.653079,0.96161,0.344204,0.125297
,29.767981859,0.691895,0.285662,0.0339373,0.350049,1.18884,0.216238,0.124098,0.091484,1.12594,0.410507,0,0.234771,0.202529,0.0812564,2.95819,0.117759,0.414748,0.0809131,0.810491,1.17948,0.576112,0.963077,0.670298,0.0601736
,29.814421768,0.554161,0.330687,0,0.270322,1.28558,0,0.0831176,0,0.674819,0.578776,0.0346004,0.286868,0.149883,0.0940636,3.27161,0.21223,0.472631,0,0.38359,1.29802,0.355975,1.04475,0.991296,0.0735263
,29.860861678,0.510161,0.273662,0,0.552103,1.12535,0,0.064189,0,0.769716,0.18625,0.081978,0.316162,0.137405,0.224156,3.03783,0.557846,0.675339,0,0.302369,1.2582,0.387775,0.654265,1.05444,0.0810347
,29.907301587,0.265927,0.124879,0,1.33065,0.411937,0,0.0916325,0.19202,1.25617,0.148074,0.131859,0.16598,0.215197,0.117949,2.44978,0.920663,0.253312,0,0.458984,1.09133,0.538273,0.417357,1.03139,0.0425418
,29.953741496,0.444028,0.265879,0,1.96616,0.475903,0,0.160998,0,1.48463,0.0882322,0,0,0.359322,0.382672,1.18919,0.881213,0.89933,0,0.554284,0.729131,0.767408,0.47778,1.01143,0
,30.000181405,0.00070107,0,0,2.20166,0.620717,0,0.230683,0,1.4919,0.163096,0,0,0.136855,0.358091,0.409956,1.08754,1.52656,0,0.644325,0.728043,0.78273,0.175229,0.975716,0
,30.046621315,0.344598,0,0,2.44784,0.616628,0,0.195019,0,1.22626,0.144372,0.0114479,0.000596281,0.278861,0.551541,0.048077,1.0783,1.48192,0,0.544711,0.588969,0.69324,0.213038,1.30807,0.090022
,30.093061224,0.348137,0,0,2.47498,0.457552,0,0.137083,0,0.815769,0.0132071,0.0223943,0.00357255,0.281724,0.912071,0.20459,1.10036,1.30526,0,0.382889,0.459521,0.626781,0.111916,1.52432,0.223995
,30.139501133,0.375852,0.155586,0,2.50704,0.298511,0,0.100287,0,0.384562,0,0.0274424,0.00402439,0.304152,1.02958,0.423445,1.36705,1.02857,0,0.292345,0.2286,0.568066,0,1.78569,0.194162
,30.185941043,0.326447,0.0890045,0.0166246,2.56508,0.169677,0,0.0673773,0,0.405958,0,0.0363217,0.00151187,0.264172,0.480375,0.991041,2.18654,0.354743,0,0.198802,0.0403444,0.498326,0.374904,1.80265,0.0742777
,30.232380952,0.178107,0,0.127021,2.45156,0.161021,0,0.0481074,0,0.697007,0.211022,0,0,0.144131,0.147148,1.68144,1.94744,0.130702,0,0.13866,0.0510482,0.807271,1.0015,1.27889,0.0613911
,30.278820861,0.0657291,0,0.211139,2.2964,0.139665,0,0.0281294,0.0384901,0.396547,0.0877206,0,0,0.0797177,0.113195,1.4967,1.8892,0.394987,0,0.0810798,0.096249,0.878554,0.787603,1.21483,0.150666
,30.325260770,0.115283,0,0.224347,2.26782,0.243571,0,0.0183946,0.149863,0.443486,0.0911804,0.0951671,0,0.175885,0.0832021,1.2356,1.69379,0.79968,0,0.0560613,0.248285,0.931742,0.818667,1.2563,0.118274
,30.371700680,0.27572,0.0827243,0.184819,2.28108,0.446986,0,0,0.178898,0.169145,0.101155,0,0,0.28201,0.149408,1.34997,1.57945,0.887126,0,0.0962651,0.229721,0.983133,0.910857,1.23506,0.118402
,30.418140589,0.364244,0.250597,0.1941,1.90916,0.516127,0,0,0.131488,0.411242,0.110144,0,0,0.302584,0.282359,1.72559,1.04563,0.869717,0,0.257577,0.123997,0.948499,0.99526,1.43604,0.0887385
,30.464580498,0.307473,0.22144,0.239569,1.79927,0.43439,0,0,0,0.146869,0.117584,0,0,0.248818,0.263109,2.07558,0.758685,1.00405,0,0.287007,0.00605627,0.674023,1.06296,1.47632,0.250567
,30.511020408,0.102671,0.0754991,0.266099,2.13157,0.38461,0,0.016102,0,0.0500078,0.622333,0,0,0.083085,0.133192,2.10309,1.37154,1.05586,0.00193124,0.315157,0.0202375,0.30926,0.723757,1.21799,0.347535
,30.557460317,0.0374519,0.0729874,0.215582,2.00952,0.631574,0.0594404,0.0638864,0,0.339761,0.699266,0,0,0.0303074,0.342838,1.79665,1.77226,0.896673,0.126279,0.459287,0.186924,0.249923,0.403258,1.24055,0.470032
,30.603900226,0.0702005,0.0747082,0.271046,1.68554,0.583778,0.10321,0,0,0.391503,0.298405,0.025261,0,0.0568087,0.726734,1.71924,2.032,0.676865,0.219265,0.271686,0.551825,0.209204,0.163925,1.39373,0.436759
,30.650340136,0.461597,0,0.660725,1.72526,0.497911,0.114064,0,0.0894056,0.253768,0.00956892,0.0430416,0,0.37354,0.731634,1.81294,2.18824,0.499073,0.242325,0.277731,0.758091,0.139466,0.0332907,1.64875,0.236692
,30.696780045,0.501414,0,0.726158,1.81311,0.46475,0.0842349,0,0,0.190767,0,0.0581084,0,0.405761,0.518179,1.38303,2.47752,0.441446,0.178953,0.35273,0.881761,0.118861,0.151465,1.97397,0
,30.743219954,0.287176,0,0.880645,1.69918,0.322738,0.0386611,0,0,0.101663,0,0.0827167,0,0.232392,0.425372,1.16106,2.74106,0.278354,0.0821339,0.41913,1.35755,0.209161,0,2.23652,0
,30.789659863,0.177409,0.170478,0.765168,1.97848,0.140464,0.0318025,0,0,0.00477732,0.425232,0.0917382,0,0.143565,0.472311,1.17528,2.82491,0.0486346,0.0738501,0.502282,1.43969,0.203228,0.233595,2.42543,0
,30.836099773,0,0.286146,0.698615,2.05437,0.0496868,0,5.17428e-05,0.000784551,0.0550513,0.0156413,0.503488,0.110247,0,0.654204,1.08602,2.74495,0.0575548,0.056338,0.531045,1.36953,0.142152,0.00368236,2.55124,0.0775099
,30.882539682,0,0.0997702,0.569349,1.87674,0,0.0762108,0.0780348,0.330882,0.0803012,0,0.169211,0.261213,0,0.416654,0.685846,2.59905,0.0595361,0.554148,0.68314,1.12405,0.165646,0,2.42794,0.183651
,30.928979591,0,0.0142231,0.973601,1.66952,0.0530881,0.237962,0.0720802,0.116528,0,0.00697483,0.41299,0.177673,0.0577595,0.297917,0.585192,2.38991,0.0141336,1.81468,0.620745,0.531669,0.136513,0.0769873,2.4317,0.126714
,30.975419501,0,0.106388,1.15481,1.44796,0.018275,0.2803,0.031471,0,0,0.380976,1.24323,0.139831,0.281249,0.158504,0.890205,1.8093,0.00375181,2.55023,0.172758,0,0.34779,0.209652,2.68573,0.112054
,31.021859410,0.0357105,0.521778,0.965061,1.14801,0.00040461,0.443551,0,0,0,0.354006,2.00147,0,0.547409,0.220914,1.13709,1.32753,8.66779e-05,2.28577,0.00476983,0,0.50939,0.0940703,2.96643,4.51662e-05
,31.068299319,0.12994,0.227308,0.295747,0.0923661,0.00875457,0.51957,0.0190348,0.193885,0,0.193841,2.26911,0,0.638141,0.120272,1.00509,0.802523,0.0130218,1.91648,0.00407717,0.0873906,0.559947,0.0568633,3.41894,3.97369e-05
,31.114739229,0,0,0.0787926,0.0879487,0.0818471,0.49439,0.087767,0.533095,0.0262177,0.0246281,2.28673,0,0.538233,0,1.01597,0.541931,0.0755635,2.14914,0.0187993,0.237872,0.549138,0.0163236,3.36221,0
,31.161179138,0,0,0.347918,0.204648,0.201352,0.479055,0.0723255,0.402583,0.0404574,0.0113824,2.22657,0.187893,0.534643,0.00849845,1.27318,0.375264,0.128519,2.21294,0.0616795,0.179636,0.715434,0.0100704,3.33811,0.0481583
,31.207619047,0,0,0.282001,0.39347,0.127585,0.373161,0.0167329,0.330456,0.0506165,0.0542415,2.25082,0.258676,0.612273,0.048063,1.16144,0.265102,0.15582,2.30492,0.0881533,0.147452,0.797937,0.019436,3.24637,0.0663006
,31.254058956,0,0,0.0277819,0.514405,0.148587,0.275266,0,0.264529,0.0234079,0.0583575,2.22939,0.303632,0.887524,0.0401444,0.906793,0.306259,0.262461,2.54549,0.0382643,0.118035,0.661022,0.0511087,3.19118,0.077823
,31.300498866,0,0,0,0.297226,0.396215,0.300786,0,0.144958,0,0.0409457,2.2999,0.275459,0.972607,0.137813,0.671302,0.446312,0.274057,2.62515,0.0280606,0.0646814,0.515172,0.150679,3.12353,0.0706246
,31.346938775,0,0,0,0.19115,0.743472,0.281444,0.0743705,0.0491212,0,0.018072,2.2394,0.260425,0.757583,0.0404176,0.645181,0.452773,0.257422,2.50619,0.0459939,0.0219183,0.48953,0.0300179,3.15841,0.0667832
,31.393378684,0,0,0,0.0396511,0.739928,0.150404,0.143054,0.033131,0.0404909,0.157904,2.28278,0.228583,0.370133,0.0373857,1.45683,0.0809918,0.256195,2.39522,0.0583284,0.0457599,0.511409,0.575266,3.16451,0.0631192
,31.439818594,0,0,0,0,0.585669,0,0.0975087,0.0477498,0.0811853,0.226767,1.70091,0.166465,0,0.0305331,2.33418,0.0235219,0.205452,2.21204,0.0508224,0.0828304,0.524682,0.844295,2.75699,0.0821339
,31.486258503,0,0,0,0,0.432311,0,0,0.0800598,0.104718,0.201361,1.66709,0.150289,0,0.0161915,2.62798,0.114573,0.161475,1.62981,0.0674382,0.165268,0.615664,0.887505,2.61954,0.0884062
,31.532698412,0,0,0,0,0.181176,0.151253,0,0.100841,0.123881,0.217354,1.68843,0.215636,0.232534,0.0136175,2.6821,0.0359729,0.0788279,1.90213,0.0482369,0.12187,0.69577,0.897388,2.51506,0.120006
,31.579138321,0,0,0,0,0.161937,0.403537,0,0.101532,0.121013,0.252891,1.72873,0.245737,0.412379,0.00504171,2.58768,0,0.0741843,2.31104,0,0.0831236,0.679662,0.934264,2.47027,0.121523
,31.625578231,0,0,0,0,0.106844,0.6666,0,0.0679645,0.062862,0.242601,1.88326,0.210451,0.472427,0,2.54415,0.0471514,0.0510895,2.29692,0,0.050573,0.521446,0.921007,2.2201,0.0833643
,31.672018140,0,0,0.233972,0,0,1.00319,0,0.0522206,0.014783,0.168254,2.11272,0.207592,0.469589,0,2.56186,0.00989068,0.00459899,2.29604,0,0.0380348,0.400066,0.570665,1.96625,0.0980337
,31.718458049,0,0,0,0,0.0116561,1.0937,0,0,0.0167037,0.142395,2.2063,0.258234,0.501215,0,2.50384,0.076939,0.0194962,2.1709,0.00454151,0.00956097,0.39733,0.362769,1.9685,0.0966282
,31.764897959,0,0,0,0.0526784,0.810801,0.658323,0,0,0.0245072,0.19165,2.13471,0.250209,0.645896,0.0192635,2.45725,0.23713,0.813809,1.82341,0.00621727,0,0.428803,0.128799,1.98838,0.0896043
,31.811337868,0,0,0,0.0839635,1.06357,0.33534,0,0,0.02683,0.18602,2.1357,0.217008,0.748619,0.0216741,2.45139,0.293136,0.831563,1.63529,0.0138444,0,0.510711,0.0898036,1.95029,0.0908475
,31.857777777,0,0.0658012,0,0.0468567,0.947662,0.263594,0,0,0.038184,0.239369,2.37459,0.211371,0.838109,0.0792501,2.38337,0.212783,0.700604,1.72495,0.0279702,0,0.469756,0.377729,2.16589,0.105203
,31.904217687,0,0.0362072,0,0.0183193,0.983459,0.20105,0.00622681,0,0.091945,0.193289,2.47413,0.236005,0.700725,0.0484543,2.31675,0.0247953,0.568439,1.88273,0.0173922,0.026125,0.516405,0.269508,2.60077,0.165061
,31.950657596,0,0,0,0.141652,0.588411,0.0132679,0.308686,0,0.0805535,0.101175,2.34887,0.342355,0.453496,0.00848587,2.09977,0.0944677,0.430044,1.79357,0.577916,0,0.575471,0.0238191,2.88708,0.173188
,31.997097505,0,0.0330832,0.0368367,0.470483,0.433107,0,0.787661,0.050914,0.0260028,0.0347527,2.1737,0,0.0753599,0.0094105,1.59004,0.54946,0.191654,1.95973,0.924539,0.195566,0.180222,0.00818165,2.54662,0.0699656
,32.043537414,0,0.409946,0.228225,0.834955,0.296411,0,0.974311,0.521973,0,0.135295,1.85618,0,0,0.187479,1.14841,0.639284,0.123342,2.06829,1.10581,0.314601,0.0339588,0.0318519,2.1008,0.0896735
,32.089977324,0.0561404,0.726186,0.393151,0.943185,0.240672,0,0.481827,0.89414,0,0.236242,1.29575,0,0.0151207,0.510575,0.924342,0.537812,0.134603,2.186,0.957317,0.398973,0.034052,0.0556174,1.99101,0.0825693
,32.136417233,0.168403,0.88482,0.438568,0.893,0.187855,0,0.212109,0.890964,0,0.320783,1.20632,0.0509258,0.0453571,0.540077,0.934914,0.383464,0.222336,2.20999,0.572487,0.397556,0.0349489,0.0755204,2.04529,0.0605583
,32.182857142,0.641975,0.540095,0.164684,0.686478,0.266722,0.109225,0.0122586,0.436065,0.019594,0.384715,1.58814,0.300551,0.172907,0.251637,1.4742,0.254766,0.393145,2.34333,0.117587,0.194576,0.170911,0.0905716,2.18005,0.0838095
,32.229297052,0.682706,0.318771,0,0.475545,0.267618,0.122156,0.127026,0.0821457,0.440849,0.0518624,1.97173,0.102048,0.194677,0.0906743,1.8336,0.153321,0.342399,1.85187,0.363184,0.0248049,0.228475,0.0187345,2.5429,0.039078
,32.275736961,0.605746,0.332641,0,0.262457,0.493724,0.0334497,0.256404,0.0626492,0.482677,0,2.02947,0,0.186705,0.109261,1.5383,0.094026,0.570834,1.48935,0.320052,0.0137905,0.424069,0,2.83849,0.0123975
,32.322176870,0.345163,0,0.729446,0,0.498135,0.370823,0.101641,0.123071,0.505652,0,1.85329,0.520987,0.0929651,0.0346607,1.57829,0.0227239,0.833189,1.59602,0.0700689,0.0551558,0.857592,0,3.0422,0.150469
,32.368616780,0.209814,0,0.322253,0,0.658318,0.923993,0.0735319,0,0.459591,0,1.48498,0.792388,0.0565105,0.0409035,1.43448,0.0276131,0.877754,1.71041,0.0328887,0.0077246,0.845075,0,2.98957,0.221699
,32.415056689,0.254542,0,0,0.0788613,0.641485,1.05991,0.0528349,0,0.201673,0.148899,0.353296,0.846068,0.150075,0.0489107,1.29289,0.0510435,0.816736,1.91625,0.0227994,0.000228621,0.779312,0.0354021,2.80811,0.237439
,32.461496598,0.316503,0.298133,0,0.196808,0.653246,0.688278,0.107941,0,0.0968001,0.272857,0.653132,0.470776,0.208499,0.187941,1.26342,0.0686187,0.66551,2.14275,0.0984561,0,0.76921,0.0642375,2.71158,0.120715
,32.507936507,0.229799,0.262384,0,0.358514,0.537275,0.538426,0.112072,0,0.257614,0.133241,1.16493,0.653654,0.159794,0.289711,1.27087,0.115589,0.613014,2.18057,0.0456273,0,0.579797,0.0882083,2.42244,0.167569
,32.554376417,0.416973,0.155597,0.290244,0.256765,0.660582,0.188921,0.0480155,0,0.318678,0.374174,1.19954,0.694254,0.112306,0.209644,1.28541,0.226232,0.236015,1.78741,0.0195483,0.255641,0.661625,0.709608,2.26437,0.214572
,32.600816326,0.0483261,0.328407,0.993537,0.517337,0.776312,0.0740804,0.13693,0,0.307521,0.0864866,0.871216,0,0.013016,0.148501,1.14858,0.725588,0.48321,1.10743,0.0557476,0.416597,0.468603,0.776524,1.69761,0.0390444
,32.647256235,0,0.0627568,1.0676,0.723871,0.991201,0.057397,0,0.466132,0.217153,0.0976235,0.660247,0,0,0.108427,1.05451,0.733058,0.77834,0.746594,0.00641308,0.492905,0.561196,0.876517,1.59546,0.0220021
,32.693696145,0,0.396239,0.960338,0.472356,1.07216,0.211499,0,0.714837,0.22733,0.109442,0.612793,0,0,0.406111,1.02035,0.525921,0.76614,0.737653,0.292221,0.527117,0.583445,0.982629,1.74914,0.0342362
,32.740136054,0,0.729771,0,0.217632,1.06049,0.637946,0,0.762932,0.242795,0.140206,0.467005,0,0,0.69575,0.8359,0.374265,0.959982,1.12993,0.89807,0.43836,0.577836,1.25884,1.94306,0.0292241
,32.786575963,0,0.725653,0,0.0339738,0.758288,1.15395,0.0341253,0.389116,0.0365263,0.137084,0.109975,0,0,0.685382,0.849551,0.28057,1.14662,1.59285,1.07208,0.210842,0.427338,1.23081,1.97694,0.00178515
,32.833015873,0,0.925457,0,0.0568035,0.719345,0.91229,0.399281,0,0,0.687705,0.188555,0.413614,0,0.366529,0.815912,0.464455,0.646422,1.55393,1.27235,0.0411771,0.273119,1.0361,2.01356,0.106012
,32.879455782,0.00768118,0.407418,0,0.0898272,1.31666,0,0.782751,0,0.440486,0.470789,0.614129,0.119519,0.00621587,0.118637,0.624327,0.55535,0.52247,1.31764,1.33717,0.466098,0.614048,0.737894,2.07034,0.0306336
,32.925895691,0,0.0653061,0,0.560647,0.924997,0.052782,0.715595,0.245335,0.77978,0.374692,0.707478,0.191222,0,0.131589,0.678236,0.440685,0.339711,1.42399,1.06166,0.450532,0.80988,0.580329,1.91965,0.0696561
,32.972335600,0,0.0718278,0.344073,0.990748,0.348854,0.192599,0.287641,0.696318,0.324333,0.162028,0.578147,0.54541,0,0.316255,0.871002,0.319428,0.484257,1.74038,0.642108,0.378654,0.548855,0.311315,2.14947,0.176469
,33.018775510,0.143826,0.0998496,0.675492,0.918452,0.362045,0.185919,0,0.73739,0.0904893,0.149221,0.356595,0.657344,0.0522737,0.271065,1.40206,0.383634,0.425774,0.662327,0,0.387009,1.74184,0.558894,1.11604,0.178585
,33.065215419,0.340162,0.0649408,0.754222,0.877672,0.361009,0.0197459,0,0.22512,0.282797,0.0855234,0.379299,0.6937,0.182323,0.165648,1.50599,0.559745,0.33551,0.221642,0,0.206868,2.5123,0.234096,0.806218,0.1778
,33.111655328,0.191179,0.0441233,1.18031,0.850816,0.843423,0.0693653,0.318261,0.170846,0.359202,0,0,0,0.31337,0.179446,1.75501,0.684825,0.31129,0.253741,0.135398,0.150271,2.69318,0,0.653818,1.35656e-05
,33.158095238,0.201945,0.601928,1.1377,0.708252,0.703691,0.464293,0.409589,0.0998082,0.50153,0,0,0.154246,0.856238,0.494557,1.96718,0.267606,0.281749,0.410171,0.28122,0.0816039,2.76195,0,0.318831,0.0398123
,33.204535147,0.641051,0.709138,1.43508,0.509066,0.650812,0,0.0993664,0,1.26007,0,0.664783,0,1.43752,0.456769,2.16467,0.164129,0.265685,0.340461,0.478103,0,2.5582,0.0685991,0.237871,0.0018388
,33.250975056,0.929778,0.673068,1.57857,0.56,0.208898,0.0137514,0.0887309,0,1.42382,0,0.667943,0.213159,1.77056,0.39376,2.33682,0.18055,0.123823,0.223189,0.405586,0,2.74289,0.119437,0.1944,0.0598506
,33.297414965,1.34151,0.656805,1.32901,0.677302,0,0.00740574,0.0365707,0,1.44136,0,0.43605,0.338892,2.41059,0.372321,2.16512,0.21837,0.0460279,0.143869,0.17439,0,3.09172,0.166304,0.106868,0.103483
,33.343854875,1.66478,0.552638,0.966934,0.708107,0,0,0,0,1.58347,0.321221,0.0924341,0.210259,2.93196,0.227649,1.52833,0.228302,1.28997,0.00167233,0.00120577,0,3.24516,0.186294,0.0226538,0.0544156
,33.390294784,0.917655,0.749474,0.46801,0.521024,0,0.00574754,0,0,1.91439,0.419267,0,0.465292,2.67324,0.213187,0.964181,0.167984,2.25955,0.0122104,0.000201228,0,2.79292,0.0987492,0,0.310991
,33.436734693,0.322715,0.803735,0.105527,0.193805,0,0,0,0.535809,1.5607,0.330259,0,0.613018,2.48889,0.228622,0.266543,0.0624849,2.72578,0,0.0104521,0.217681,2.73934,0.0781597,0,0.346111
,33.483174603,0.579809,0,1.16895,0,0.296106,0.018682,0,0.513827,2.00558,0,0,0.0803586,1.98657,0,0.462146,0,2.55291,0.150268,0.0632868,0.229274,3.22336,0.000535408,0,0.258178
,33.529614512,0.304984,0.00177625,0.643206,0,0.49992,0.0374091,0,0.113494,1.9571,0,0.0175466,0.84619,1.55666,0.00167768,1.17658,0,2.02489,0.0817527,0.0541631,0.050642,3.58397,0.000502169,0.00430034,0.414203
,33.576054421,0,0.147169,0.281176,0,0.749232,0,0,0.101377,2.03396,0,0,0.0439731,1.42264,0.183469,1.76069,0.386583,1.55029,0.00240791,0.031492,0.0452351,3.92442,0.0421537,0,0.190924
,33.622494331,0,0.207146,0.19438,0,0.445852,0,0,0.161108,2.07656,0,0,0,1.22583,0.270761,1.67254,1.10257,0.745739,0,0,0.0718875,3.40653,0.0891676,0.678572,0
,33.668934240,0.165142,0.460214,0.179935,0,0.268444,0.046581,0,0.193535,2.22309,0,0,0,0.932298,0.508178,1.33784,1.43875,0.449003,0.184544,0,0.0917656,2.83116,0.0262513,0.865968,0
,33.715374149,0.22335,0.946028,0.372598,0,0.354059,0.193245,0,0.139624,2.28748,0,0,0,0.924283,0.382941,1.1454,1.64458,0.12259,0.522389,0,0.0709825,2.55103,0,0.820118,0
,33.761814058,0.258352,1.19051,0.343633,0,0.38827,0.218625,0,0,2.22421,0.034633,0,0,1.23657,0.516343,0.760478,1.97205,0.134436,0.570221,0,0.0118876,2.28246,0.17137,0.628813,0
,33.808253968,0.293427,0.779703,0.0745336,0,0,0.202307,0,0,2.32771,0.137306,0,0,1.63669,0.787998,0.543329,1.69274,0,0.485404,0,0.0183359,2.35183,0.492512,0.514414,0
,33.854693877,0.354399,0.824041,0.0626606,0,0,0.126202,0,0.00736086,2.31037,0.145917,0,0,2.03784,0.830212,0.682637,1.02225,0,0.268111,0,0.16784,2.50538,0.811954,0.341416,3.70348e-05
,33.901133786,0.420777,0.784437,0,0,0.0072477,0.0420283,0,0,2.34127,0.207861,0,0,2.02793,0.995846,0.322321,1.72022,0.0121226,0.0892873,0.00780985,0.163902,2.70572,0.840177,0.0255501,0.0312303
,33.947573696,0.421336,0.655568,0,0,0.0101382,0.00546312,0,0,2.39902,0.203947,0,0,1.64859,0.946486,0.199737,1.91764,0.0169574,0.0116062,0.0114093,0.277937,2.78752,0.728882,0.0040774,0.0364435
,33.994013605,0.347574,0.348883,0,0,0.0313602,0.00256559,0,0,2.46758,0.0952349,0,0,1.20952,0.668419,0.262188,2.03318,0.0524536,0.0330308,0,0.377394,2.91175,0.393958,0,0.072715
,34.040453514,0.252406,0,0,0,0.082033,0.0330582,0,0,2.46095,0.0141355,0,0,1.09102,0.343591,0.257472,2.16441,0.187181,0.118782,0,0.360576,3.12902,0.0828283,0,0.0623771
,34.086893424,0.125179,0.179979,0,0,0.290898,0.0665207,0,0,2.43331,0.00253061,0,0,1.29736,0.513307,0.240898,2.29569,0.48656,0.204036,0.0170545,0.247123,3.15035,0.0227212,0,0.0200164
,34.133333333,0.0281316,0.469203,0,0.00792234,0.435955,0.108406,0,0,2.44781,0,0,0,1.44902,0.782589,0.406832,2.24422,0.729185,0.303407,0.00889086,0.0736946,3.10957,0.101652,0,0.0009892
,34.179773242,0.10345,0.563872,0,0.110955,0.449309,0.0879874,0,0,2.78844,0,0,0,1.81112,0.719253,0.79227,0.789913,0.751521,1.6993,0,0.0449899,2.2382,0.348089,0,0.0157417
,34.226213151,0.21479,0.551682,0,0,0.404715,0,0,0,2.51836,0,0,0,2.15933,0.521066,0.93732,0.0818924,0.676933,2.5261,0,0.0491505,1.64314,0.339572,0,0.0175173
,34.272653061,0.239327,0.340465,0,0,0.362141,0,0,0,2.16716,0,0,0,1.77224,0.32157,0.756777,0.0299123,0.605723,3.10622,0,0.0567737,1.70227,0.335159,0,0.168104
,34.319092970,0.354147,0.65634,0.485038,0.02033,1.01409,0,0.0219526,0,2.16696,0,0,0,1.18046,0.199565,0.146479,0.0330005,0.623045,2.7742,0.0613162,0.0616808,1.7643,0.372613,1.03176,0.257547
,34.365532879,0.95233,0.243719,0.0115981,0.147864,1.1132,0,0.0902506,0,1.95555,0.620027,0,0,0.47872,0.224447,0.00350258,1.42727,0.398792,2.14537,0.252081,0.0963376,1.67499,0.483352,1.39136,0.189382
,34.411972789,1.0904,0.306964,0,0.13227,1.28962,0.0790186,0.0481772,0,1.48749,0.413282,0.0366107,0.113696,0.293685,0.352851,0,2.62697,0.464599,1.03436,0.135107,0.385997,1.2959,0.258469,1.73087,0.0822909
,34.458412698,0.919849,0.311454,0.100774,0.185771,1.30207,0.024154,0,0,1.28722,0.173294,0.0959677,0.201139,0.247749,0.362902,0.112878,2.87814,0.450833,0.0593764,0.000655054,0.85252,1.07037,0.0452895,1.89214,0.0515535
,34.504852607,0.822567,0.379473,0.103241,0.342662,1.18061,0,0,0,1.62742,0.122585,0.203106,0.185198,0.221547,0.477314,0.115641,2.56487,0.40878,0.0226656,0,1.03125,0.802224,0.0334762,1.88462,0.0474676
,34.551292517,0.801032,0.274207,0,1.25207,0.434544,0,0,0,1.86197,0.088683,0.258285,0,0.215747,0.568791,0,2.47237,0.137985,0.0124913,0,0.983001,1.06763,0.0468099,1.41861,0
,34.597732426,0.376771,0.135913,0,1.84268,0.0848753,0,0,0.0516394,1.42257,0.323691,0.249431,0,0.101478,0.41174,0,2.5982,0.105989,0.00924209,0.00578913,0.840034,1.36593,0.269014,1.19371,0.0692949
,34.644172335,0.0334132,0,0,2.72955,0.114612,0,0,0.0975161,1.48904,0.471818,0,0,0.0270391,0.150788,1.05059,2.36343,0.176546,0,0.0282932,0.794605,1.62737,0.26708,0.901795,0.182067
,34.690612244,0.15221,0,0,2.79971,0.216375,0,0,0.105719,1.01085,0.617963,0.0167091,0,0.123173,0.450198,1.4875,1.93614,0.230387,0,0.0239315,0.544453,1.45039,0.346464,0.905786,0.200535
,34.737052154,0.37874,0,0,2.82877,0.246756,0,0,0.0772833,0.534534,0.526363,0.018969,0,0.306489,0.795021,1.53171,1.80395,0.249186,0,0.01527,0.33352,1.16406,0.294207,0.920186,0.201835
,34.783492063,0.462476,0,0,2.6203,0.200164,0,0,0.0678858,0.766045,0.0789883,0.00890984,0,0.445442,0.778259,1.79843,1.63636,0.238279,0,0.141946,0.280167,0.831943,0.0447935,1.0124,0.125703
,34.829931972,0.506862,0,0.01821,2.34358,0.185492,0,0,0.0377631,0.535343,0.0467727,0,0,0.655107,0.343868,2.6236,1.19514,0.215556,0,0.585303,0.540184,0.702839,0.0270689,1.06882,0.0020536
,34.876371882,0.34491,0,0.162486,2.116,0.168416,0,0,0,0.367724,0.297867,0,0,0.848395,0.129363,2.77901,0.976735,0.194296,0,0.686983,0.624486,0.647128,0.267706,1.06802,0
,34.922811791,0.237317,0,0.204428,2.14932,0.142177,0,0,0,0.202739,0.405892,0,0,0.985183,0.00409529,2.88602,0.983497,0.160096,0,0.683787,0.532909,0.410915,0.664931,0.708617,0
,34.969251700,0.00402546,0,0.20146,2.31837,0.241128,0,0,0.127136,0.346881,0.0968129,0,0.032566,0.938885,0.0248849,2.93705,1.23805,0.13683,0.00503775,0.527896,0.291443,0.366612,0.874857,0.522478,0.141346
,35.015691609,0.0021891,0,0.226172,2.38667,0.303576,0,0,0.38646,0.317427,0.111063,0.0562853,0,0.475245,0.506459,2.38932,1.37158,0.186436,0.00923557,0.299036,0.172442,0.447486,1.19464,0.641827,0.0457748
,35.062131519,0,0,0.246399,2.48007,0.184738,0,0,0.54012,0.155882,0.125124,0,0,0.0511749,1.34222,2.11253,1.54035,0.156728,0.0109355,0.169977,0.241006,0.499053,1.38335,0.60677,0
,35.108571428,0,0,0.271159,2.38756,0.0517015,0,0,0.542821,0.0694881,0.135253,0,0,0.0685089,1.68684,1.7839,1.34387,0.0479876,0,0.103611,0.242211,0.512242,1.50227,0.754311,0
,35.155011337,0.00887282,0,0.299055,2.32369,0.0772688,0,0,0.166508,0.0574237,0.124527,0,0,0.0736114,1.35048,1.64823,1.34917,0.194031,0.0174812,0.0273895,0.151934,0.640384,1.42889,0.940979,0
,35.201451247,0.148539,0,0.156585,2.28043,0.107891,0,0,0.0322594,0.084881,0.293051,0,0,0.2374,0.70122,1.47714,1.66505,0.190022,0.0880961,0.0575491,0.275436,0.730147,1.04095,1.04076,0
,35.247891156,0.244319,0,0.0358607,2.26095,0.126911,0,0,0.0741671,0.238481,0.174928,0,0,0.82261,0.633581,1.35928,1.75995,0.0740024,0.00954097,0.0552751,0.247033,0.488855,0.547731,1.24281,3.07935e-05
,35.294331065,0.325996,0,0,2.26464,0.070332,0,0,0.257065,0.0866818,0.0434547,0.508536,0.294597,1.14318,0.655189,1.28814,1.89751,0.024352,0,0.233614,0.578754,0.305617,0.462325,1.22969,0.0976266
,35.340770975,0.357768,0.0209163,0,2.50856,0.0452275,0,0,0.338432,0,0.092886,0.367614,0.350239,1.22116,0.530866,1.047,2.29341,0.0156597,0,0.283776,0.561795,0.036446,0.465313,1.33447,0.126409
,35.387210884,0.419728,0,0.015164,2.72744,0.00448286,0,0,0.279476,0.0406594,0.0204914,0,0.496043,1.18758,0.37059,0.719777,2.55932,0.0531632,0.0292071,0.0285248,0.690659,0.262893,0.640503,1.37486,0.127139
,35.433650793,0.00429062,0,0,2.86814,0.0686577,0,0,0.12617,0.199903,0.212994,0.0170881,0,0.959991,0.427019,0.406507,3.03566,0.0595335,0,0.000486794,1.01239,0.176748,0.546161,1.58504,0
,35.480090702,0.261389,0,0,2.5939,0.0692257,0,0.010516,0.645706,0.757443,0.0768996,0.729769,0.0962668,0.27713,0.45691,0.489384,2.96638,0.0385042,0,0.131866,1.01129,0.412744,0.12546,2.06111,0.0246739
,35.526530612,0.838812,0.110226,0,1.79156,0.0962367,0,0,0.943133,0.600077,0,0.429834,0.584741,0.443603,0.398458,0.474686,2.73019,0.0525569,0.130331,0.257613,0.912025,0.306156,0,2.42368,0.149902
,35.572970521,1.19872,0.124145,0,1.59929,0.195016,0,0.0249032,0.996513,0.325938,0,0.534044,0.666643,0.705217,0.174046,0.439589,2.4156,0.0864889,0.739263,0.222118,0.656082,0.194079,0,2.43281,0.170918
,35.619410430,1.04123,0.140537,0.156496,1.45776,0.10869,0,0.0398938,0.646674,0,0.0659298,1.15586,0.503954,0.729501,0.0623738,0.736521,1.81767,0.0533657,1.65,0.143228,0.288551,0.0585221,0.0155215,2.72394,0.129214
,35.665850340,0.607592,0.0973124,0.545621,1.27443,0,0,0.0806958,0.214022,0,0.180104,1.73584,0.0692842,0.474571,0.0276804,1.37262,0.865547,0.00501764,2.27123,0.225393,0.0954986,0.38248,0.042401,3.18834,0.017758
,35.712290249,0,0.0666572,0.713869,0.985988,0,0.0598691,0,0.439608,0,0.132829,2.20615,0,0.0935046,0.0272276,1.49096,0.376117,0,2.47977,0,0.196157,0.520934,0.0312713,3.51014,0
,35.758730158,0,0.0971879,0.133364,0.703596,0,0.132975,0.00790053,0.645032,0,0.046692,2.32191,0,0.0726239,0.0917943,1.30949,0.291105,0,2.46983,0.00169226,0.287819,0.492227,0.0109925,3.57607,0
,35.805170068,0,0,0.093304,0.385655,0.096141,0,0,0.629174,0.0180724,0.0276249,2.31927,0.210154,0.0416344,0.0695552,1.15974,0.309052,0.0332881,2.15885,0.00994659,0.280743,0.559038,0.0065036,3.6563,0.0538641
,35.851609977,0,0,0.103151,0.148375,0.298472,0,0,0.52765,0.104995,0.037668,2.36017,0.213783,0,0.0516751,1.30221,0.17609,0.103344,1.80841,0.0248311,0.301847,0.938226,0.00887688,3.77242,0.0548291
,35.898049886,0,0,0.120399,0,0.706668,0,0,0.326061,0.149478,0.124285,2.39047,0.170683,0,0.0188715,1.68483,0.121112,0.367297,1.63618,0.0188246,0.262722,1.10578,0.0293195,3.75484,0.0437999
,35.944489795,0,0,0.0748861,0,0.626407,0,0,0.149385,0.145114,0.148783,2.04274,0.197024,0,0,1.74538,0.0996127,0.535215,1.7969,0.0280464,0.107107,1.04957,0.0350273,3.73156,0.0505068
,35.990929705,0,0,0.0420615,0.00357514,0.757542,0,0.0463359,0.0203947,0.0750008,0.109096,2.30293,0.201638,0,0.00707498,1.76692,0.0426017,0.361906,1.86564,0.0715941,0.119372,0.67908,0.025684,3.7341,0.0517004
,36.037369614,0,0,0,0.0763652,0.686025,0,0.229578,0.00193854,0,0.16646,1.89579,0.160174,0,0.0111633,1.91384,0.152085,0.237531,2.06882,0.0934669,0.0692188,0.433189,0.811628,3.22268,0.0442909
,36.083809523,0,0,0,0.0402672,0.721232,0.183207,0.0878519,0,0.0377173,0.139941,1.80222,0.192847,0,0.0262344,1.80556,0.184441,0.249721,2.1624,0.0357666,0.0441154,0.614633,0.839653,2.97627,0.0913339
,36.130249433,0,0,0,0,0.664868,0.160742,0,0,0.0451928,0.136893,1.84159,0.263077,0,0.0370867,1.80366,0.344377,0.239668,2.20075,0,0.0500093,0.553885,0.853001,2.93415,0.12491
,36.176689342,0,0.0297697,0,0,0.571047,0.086525,0,0,0.0471375,0.155327,1.87277,0.268927,0,0.13937,1.76223,0.456412,0.216819,2.15472,0,0.0516678,0.482642,0.900101,2.92293,0.12614
,36.223129251,0,0.0305539,0,0,0,0.195931,0,0,0.0634219,0.246999,1.89386,0.271663,0,0.105119,1.7273,0.386471,0.0268768,2.14399,0,0.0514146,0.532465,0.969548,2.98956,0.113141
,36.269569160,0,0,0,0,0,0.319136,0,0.0268398,0.0729736,0.274714,1.89816,0.251209,0,0.0156513,1.90142,0.195101,0.029676,2.08884,0,0.0587551,0.757644,1.06314,3.10257,0.0812198
,36.316009070,0,0,0,0,0,0.571228,0,0.0212305,0.0412299,0.286165,2.04157,0.214064,0,0.00935481,2.05802,0.161843,0.0258807,1.96188,0,0.0559855,0.79121,1.1056,3.10316,0.0885866
,36.362448979,0,0,0.157432,0.0225354,0,0.838258,0,0,0.00201519,0.176618,2.54257,0.196331,0,0,2.06566,0.0598043,0.0184882,1.74605,0,0.112485,0.660657,0.575587,3.2183,0.106151
,36.408888888,0,0,0,0.0578534,0.0775393,0.78701,0,0,0,0.128476,2.48704,0.172518,0,0,1.99764,0.0783049,0.0329826,1.56983,0.0104371,0.114882,0.693326,0.34683,3.33837,0.120581
,36.455328798,0,0,0,0.0657062,0.475167,0.739055,0,0.00146061,0.00184994,0.0816959,2.38059,0.174458,0,0,1.84072,0.0889337,0.190001,1.6001,0.0424066,0.0739674,0.561521,0.261228,3.35907,0.182086
,36.501768707,0,0,0,0.0793428,0.524754,0.782322,0,0,0.00801767,0.11236,2.36258,0.219918,0,0,1.76087,0.107391,0.242464,1.66239,0.0587245,0.0563944,0.528875,0.2395,3.3989,0.183906
,36.548208616,0,0,0.0459299,0.229519,0.344943,0.836998,0,0,0.021202,0.0472157,2.4083,0.2576,0,0,1.87097,0.0739996,0.269283,1.66263,0.0479905,0.00235766,0.67359,0.0812663,3.53688,0.162357
,36.594648526,0,0,0.0478486,0.251358,0.21279,0.772667,0,0,0.0209738,0.0174946,2.48519,0.273495,0.0423158,0,1.9286,0.120121,0.233707,1.77841,0.0314428,0.00529451,0.818416,0.00411867,3.47948,0.20242
,36.641088435,0,0,0,0,0.811363,0.169116,0.0413944,0.0165563,0.035179,0.0572872,2.47752,0.268028,0,0.151885,1.79249,0.0265442,0.376005,1.74418,0.0861165,0.0635947,0.604357,0.0134869,3.59886,0.177035
,36.687528344,0,0,0,0.0246891,0.873124,0,0.147743,0.0505097,0.0336093,0.20192,2.36762,0.0542368,0.134892,0.227827,1.86122,0.0346245,0.618821,1.752,0.258499,0.194013,0.20626,0.0475371,3.39603,0.0360277
,36.733968253,0.164785,0.36195,0.228941,0,0.74606,0.0206532,0.0813066,0.152648,0.0167887,0.394937,2.33165,0,0.350113,0.339656,1.59515,0.174809,0.613231,1.79827,0.24184,0.373526,0.180402,0.103249,3.14757,0.0172313
,36.780408163,0.286087,0.558591,0.251019,0,0.628426,0.0531229,0,0.288904,0.0170355,0.48173,2.28389,0,0.345902,0.395158,1.52016,0.224843,0.562298,1.91099,0.204874,0.286437,0.288707,0.118673,2.91563,0.026684
,36.826848072,0.317326,0.616954,0.243718,0.235555,0.293007,0.0521671,0.00289227,0.266746,0.0405952,0.613143,1.90436,0,0.265893,0.386817,1.78374,0.108889,0.494998,2.15787,0.221587,0.119024,0.453285,0.144349,2.53293,0.0419612
,36.873287981,0.673115,0.223023,0.240866,0.202761,0.220626,0.0478852,0.00460809,0.0931493,0.199168,0.627487,1.60994,0.0057879,0.181294,0.0669915,1.87878,0.0869517,0.307767,2.20409,0.0192251,0.145753,0.645362,0.147726,1.98827,0.00148348
,36.919727891,0.72072,0.271102,0.0679268,0,0.0617583,0.160321,0.0120429,0.0994029,0.441599,0.250252,1.79225,0.0315275,0.194116,0.0827551,2.1531,0,0.0638435,1.8298,0.0427676,0.375524,0.824522,0.0589156,2.15201,0.0177047
,36.966167800,0.606298,0.260293,0.0551467,0,0.199087,1.02067,0,0.203842,0.418603,0.277079,1.72643,0,0.163298,0.101942,2.16057,0,0.267256,1.9768,0.0109799,0.517431,0.929979,0.0652314,2.40087,0.103517
,37.012607709,0.504283,0,0.647214,0,0.20745,1.45988,0,0,0.626368,0.216657,1.6474,0.0761956,0.135822,0.0839329,2.18195,0,0.368274,1.96026,0.00497019,0.505689,1.07763,0.0510066,2.56285,0.166488
,37.059047619,0.507488,0,0.155592,0.0955249,0.125903,1.58975,0,0,0.559196,0.467714,1.40939,0.308932,0.136685,0.0982127,2.15615,0.0307983,0.0739208,1.94854,0.00308137,0.242243,1.15702,0.110112,2.54265,0.232764
,37.105487528,0.403637,0,0.15538,0.287551,0.326102,1.11516,0,0,0.3553,0.279128,0.63604,0.57916,0.143237,0.0621062,2.17279,0.0927096,0.138989,2.09552,0.00432106,0.14017,1.07351,0.0657137,2.28864,0.261592
,37.151927437,0.364363,0.340649,0.199177,0.506816,0.344852,0.76289,0,0,0.247946,0,0.907924,0.440615,0.232452,0.135086,1.86929,0.163403,0.135009,1.71712,0.419092,0.0988291,0.722574,0,2.65948,0.135274
,37.198367346,0.137664,0.312962,0,0.392345,0.297117,0.886744,0,0.0172036,0.26408,0.0522065,1.47812,0.539234,0.0707079,0.252796,1.17637,0.126497,0.110031,1.74413,0.529238,0.0907459,0.110737,0.468738,2.53758,0.15693
,37.244807256,0.337258,0.121153,0.307657,0.0519821,0.731831,0.940667,0,0,0.238742,0.552435,1.48537,0.585929,0.0990806,0.129932,0.993845,0.200237,0.270081,1.77166,0.391565,0.0366143,0.353227,0.698114,2.58832,0.188245
,37.291247165,0.37292,0.00400918,0.25832,0,0.980671,0.993946,0,0,0.27629,0.103701,1.09112,0.538336,0.109471,0.291195,0.847019,0.218806,0.640867,1.79963,0.170936,0.0414241,0.452472,0.931089,2.38641,0.18454
,37.337687074,0.239084,0,0,0,0.982328,1.02584,0,0.517004,0.354341,0.153584,0.209184,0.530273,0.072085,0.356337,0.786872,0.176261,0.655466,1.959,0.0322022,0.283459,0.523503,1.08685,2.04035,0.175705
,37.384126984,0.129505,0.228853,0,0,0.808402,0.855444,0,0.788781,0.635176,0.101899,0.502766,0.406413,0.744847,1.13701,0.825152,0.00676863,0.425635,1.66695,0,0.395898,0.535967,0.914907,1.53901,0.151501
,37.430566893,0.0360062,0.667985,0.725469,0.119696,0.60254,0.998645,0.0374996,0.873252,0.537316,0.0675313,0,0,0.914671,1.25381,1.78523,0.0385913,0.87477,0.704022,0.104741,0.417342,0.578674,0.687427,0.821759,0
,37.477006802,0.288144,0.589485,0,0.0208511,0,0.102488,0.821038,0.850565,0.377359,0.631383,0,0,1.11932,0.983416,2.2317,0.0282221,0.567496,0.407468,0.334264,0.379529,0.510023,1.13131,0.551155,0
,37.523446712,0.36821,0.52506,0.0528967,0.0920226,0.012703,0.153826,0.0471928,0,0.0444504,0.0650946,0,0,1.03236,1.01901,2.80431,0.280509,0.197826,0.326797,0.134128,0,0.255042,0.860993,0.309133,8.36775e-05
,37.569886621,0.188858,0.218953,0.536853,0,0,0.12334,1.23151,0.274803,0.310812,0.393412,0,0,0.732977,0.373019,2.17001,0.919695,0.155834,0.26203,0.501376,1.05959,0.454493,0.529875,0.370152,3.10519e-05
,37.616326530,0,0.193902,0.530432,0.325696,1.08159,0.248846,0.0703797,0.528653,0.316721,0.0233514,0,0,0.0468271,0.228448,1.35096,1.70666,0.455671,0.449696,0.0286533,1.6194,0.42792,0.219723,0.422376,0
,37.662766439,0,0.0316041,1.06286,1.12133,0.606461,0.357379,0.0513565,0.770306,0.174951,0,0,0,0,0.133817,0.831001,2.18784,0.400319,0.549767,0.239973,1.30263,0.206907,0,0.354524,0
,37.709206349,0.00136826,0,0.696076,0.371101,0.294302,0.210184,0,0,0.0205323,0.0383219,0,0,0.267096,0.280428,0.909333,1.78597,0.492253,0.474023,1.66133,0.0147809,0.136395,0.414285,0.09415,0
,37.755646258,0.149083,0,0.817457,0.30644,0.192006,0.235491,0,0,0.0192824,0.0592149,0,0,0.378489,0.127001,0.915646,1.26481,0.321152,0.52298,1.93977,0.00231032,0.113314,0.674552,0.00025009,9.79584e-05
,37.802086167,0.304897,0.379245,0.834533,0.140381,0,0.282408,0,0,0.0103777,0.0633837,0,0.368549,0.419617,0.482515,0.934772,0.224908,0,0.640407,1.66053,0.000943698,0.0636402,0.692558,0.0103336,0.259231
,37.848526077,0.517662,0.99685,1.44042,0.312092,0.454955,0.0703624,0.511362,0,0.011165,0.0654975,0.0932727,0.151367,0.795353,0.453584,0.575894,0.135857,0.157525,0.239733,1.58488,0,0.0855508,0.401868,0.0688152,0.0389468
,37.894965986,0.508676,1.02941,1.44682,0.19536,0.0641016,0,0.541759,0,0.309799,0.225445,0.271555,0.069333,1.18529,0.442873,0.530086,0.0990697,0.0221947,0.139261,1.47205,0,0.333746,0.367926,0.0684767,0.0178406
,37.941405895,0.697025,0.850185,1.19295,0.69831,0,0.0542931,0.193515,0,0.151255,0.228475,0,0.209307,1.51667,0.331311,0.554435,0.4705,0,0.377653,1.26823,0,0.863213,0.30468,0,0.0536752
,37.987845804,1.0496,0.620194,0.666741,0.96515,0,0,0.16252,0.0737127,0.448919,0.336482,0,0.197488,1.68513,0.249144,0.402816,0.573602,0,0.517795,1.33753,0.0162258,1.18895,0.339018,0,0.0506708
,38.034285714,1.36278,0.234811,0,0.984704,0,0.135922,0.055463,0.231474,0.82122,0.538312,0,0.0943375,1.86439,0.157938,0.194434,0.685926,0,0.590644,1.22376,0.0509524,1.23676,0.399644,0.00102779,0.0243081
,38.080725623,1.23423,0.180703,0,0.51695,0,0.390849,0.0236815,0.271875,1.56665,0.136468,0,0.0871099,1.55529,0.362049,0.148466,0.733678,0,0.446763,1.11004,0.0598456,1.32561,0.177254,0.0281335,0.0224909
,38.127165532,0.939463,0.0448354,0.293503,0.260153,0.013114,1.28389,0.036296,0.279945,2.34104,0,0,0.116914,1.01892,0.196393,0.117285,0.611076,0.00269227,0.641137,0.934754,0.0645559,1.77022,0.173103,0.256454,0.0301088
,38.173605442,0.904184,0,0.726852,0.533633,0,1.81696,0.0156205,0,1.94974,0,0,0.195076,1.00026,0.0479218,0.394147,1.00265,0,0.807355,0.691895,0.0110277,2.2815,0.19063,0.482956,0.0501298
,38.220045351,1.07623,0.00543134,0.0733205,0.708069,0,1.82034,0,0,1.65098,0.389605,0,0.304712,1.12261,0.00154494,0.335678,1.19668,0,0.865424,0.68313,0.0165533,2.43947,0.288092,0.47286,0.0782315
,38.266485260,1.04343,0.060843,0,0.928596,0,1.33553,0.0494929,0.143327,2.16893,0.560749,0.18039,0.159075,1.21254,0.0173068,0.287138,1.4682,0,0.702789,0.659805,0.0502898,2.54405,0.301911,0.368048,0.0409103
,38.312925170,0.804906,0.262899,0,0.938836,0.249266,0.847249,0.0245157,0.142226,2.19241,0.420852,0.434822,0,1.27763,0.211544,0.302244,1.43601,0.0863068,0.492143,0.651404,0.0393678,2.30045,0.238907,0.425097,0.000166289
,38.359365079,0.646303,0.330082,0,0.914049,0.396115,0.601026,0.0179911,0.279201,1.74956,0.349725,0.0311018,0,1.05743,0.266981,0.453955,1.46501,0.137152,0.377379,0.805931,0.068295,2.18214,0.430749,0.208162,0.000161113
,38.405804988,0.457572,0.225751,0.171014,0.524612,0.587485,0.498626,0,0.204286,1.89456,0.0695967,0,0.503741,0.715652,0.213222,0.655739,1.14766,0.203413,0.57875,0.445241,0.117893,2.12688,0.452251,0.168722,0.178194
,38.452244897,0.11905,0.203968,1.18554,0.146583,0.907847,0.744033,0,0.22897,2.18981,0.0125685,0,0,0.34752,0.192649,0.834626,1.48119,0.455869,0.90413,0.0425179,0.147949,1.97836,0.404387,0.0287183,0.0840486
,38.498684807,0.411452,0.0973403,0.733237,0.677989,0.85261,0.778728,0,0.169917,2.2274,0.0257831,0,0,0.456864,0.0919383,0.698673,1.86626,0.29521,0.915415,0.0282145,0.123375,2.04283,0.552625,0.00431209,0.105549
,38.545124716,0.544638,0.0202794,0.334039,0.872373,0.682512,0.894294,0,0,2.50607,0.0357503,0,0,0.496128,0.00576845,0.640532,1.92962,0.236315,0.889115,0.0174807,0.050883,2.17144,0.64216,0.0046473,0.122289
,38.591564625,0.710985,0.0455397,0,1.00058,0.160044,0.823349,0,0,2.59647,0.561274,0.318419,0.108512,0.633113,0.0430124,0.503154,1.80779,0.0554142,0.744497,0.0128754,0.0531928,2.2684,0.7677,0.0831301,0.162509
,38.638004535,0.562067,0.110095,0,0.698364,0.194398,0.691678,0,0,2.18097,0.581964,0.352411,0.0137516,0.893052,0.095347,0.395693,1.50434,0.0689647,0.703501,0.209088,0.0416934,2.26086,1.00947,0.114335,0.0915294
,38.684444444,0.439874,0.137563,0.00788924,0.459142,0.271521,0.744167,0,0.0215962,1.62144,0.735432,0,0.613636,1.06597,0.129929,0.12876,1.25836,0.0940123,0.725873,0.2434,0.0226717,2.12383,1.17528,0.0796868,0.231049
,38.730884353,0.53616,0.459313,0.429364,0.3714,0.303275,1.06237,0,0.122456,1.68979,0.0329089,0,0.464931,1.24264,0.433823,0.553274,1.17422,0.105007,0.858286,0.49208,0.0546407,2.24417,0.699876,0.0212443,0.158198
,38.777324263,0.812127,0.173956,0.260659,0.336111,0.308099,1.33033,0,0,2.14159,0.00557694,0,0.371787,1.16764,0.164302,0.66997,1.31793,0.106677,0.992891,0.473331,0,2.54039,0.421231,0.00358015,0.174849
,38.823764172,0.989689,0,0,0.724515,0.0918707,1.365,0,0,2.5275,0.507992,0,0.33668,1.19684,0,0.708145,1.53264,0.0318096,1.00943,0.416218,0,2.70537,0.394496,0.00373356,0.161487
,38.870204081,0.826339,0.00723025,0,0.861619,0.085813,0.956751,0.0208686,0.206504,2.52917,0.507793,0.306113,0.0254128,0.464683,0.030033,0.665605,1.65169,0.0297122,0.964015,0.164581,0.151938,2.14313,0.119547,0.0848192,0.594218
,38.916643990,0.322415,0.147287,0,0.934641,0.173752,0.418521,0.00681378,0.241289,1.93586,0.29377,0.512805,0.00401153,0.175573,0.059402,0.714784,1.42334,0.0691058,0.441566,0.0266312,0.113772,1.70161,0.0691608,0.503874,0.573527
,38.963083900,0.224094,0.0331585,0.122169,1.05578,0.85996,0,0,0,1.27038,0.643215,0.500766,0.578682,0.102808,0.0389651,0.722351,1.65472,0.310643,0.205939,0.0474073,0.0444102,1.25323,0.353342,0.773923,0.387959
,39.009523809,0.67244,0.610338,1.24558,0.23057,0.705597,0.0552606,0,0,0.498985,0.595829,0.145938,0.112438,0.232219,0.174885,0.969612,1.54957,0.259059,0.242945,0.027181,0.200195,0.708329,0.327311,1.01238,0.142142
,39.055963718,0.75347,0.672699,1.30041,0.256751,0.319599,0.251085,0,0,0.484702,0.409877,0.0559085,0.0811925,0.261776,0.236557,0.769554,1.34047,0.12874,0.588242,0.0392678,0.741624,0.542699,0.165177,0.981707,0.155043
,39.102403628,0.833932,0.591999,1.23843,0.416497,0,0.346278,0,0.174212,0.627435,0.0936035,0.0402321,0.0999372,0.285895,0.261898,0.866981,0.839207,0.0313187,0.762319,0.048355,0.991784,0.581263,0.0521875,1.01959,0.272038
,39.148843537,0.903664,0.402386,1.31396,0.77519,0,0.333319,0,0.0502553,0.713452,0,0.0455123,0.246532,0.304196,0.267954,1.19859,0.540293,0.0496393,0.583727,0.0374705,1.06253,0.582845,0.000709024,1.00912,0.43612
,39.195283446,1.00054,0.106299,1.16424,0.9971,0,0.112506,0.106792,0.177467,0.806921,0,0.129216,0.251696,0.324246,0.233074,1.1996,0.862726,0.0809505,0.147435,0.0270656,1.14586,0.644253,6.46494e-05,1.03599,0.581601
,39.241723356,1.12493,0,1.04059,0.773478,0,0,0.342939,0.438566,0.856193,0,0.257288,0.0411382,0.330235,0.267557,1.13087,1.29243,0.078978,0.344226,0.106646,1.22299,0.686709,0,1.12795,0.474506
,39.288163265,0.908324,0,1.07402,0.426517,0.10118,0.0793275,0.121687,1.72175,0.167654,0,0.376642,0,0.244645,0.491795,0.917403,1.86551,0.0375673,0.77672,0.026065,1.71146,0.107809,0.0904008,0.509582,0.643815
,39.334603174,0.471038,0.310719,1.26326,0.202451,0,1.08945,0,2.14068,0.0245623,0.175067,0.00461623,0.432517,0.126868,0.752857,0.954241,1.46416,0,1.04861,0.0121778,2.31938,0.0121078,0.251738,0.0780544,1.14115
,39.381043083,0.482737,0.0803451,1.09941,0.148594,0.133399,0.8825,0,2.40599,0.00297442,0.280938,0,0.522125,0.130019,0.499296,1.03357,1.18426,0.0461885,1.00369,0.0234101,2.63226,0.00146622,0.211039,0.0297372,1.51158
,39.427482993,0.730406,0.0307602,0.752047,0.0392606,0.223018,0.419573,0.0164861,2.25537,0.236131,0.120916,0,0.311871,0.196725,0.439464,1.14122,0.888536,0.0804792,0.907982,0.0256301,2.67066,0.0536385,0.0311701,0.111286,1.65446
,39.473922902,0.658059,0,0.880867,0,0.165944,0.0660598,0.0262593,2.32542,0.455056,0.12325,0,0.10231,0.177239,0.402754,1.14818,0.63688,0.0574571,0.834332,0.0100321,2.92226,0.109113,0.0317423,0.204182,1.6753
,39.520362811,0.526251,0.00514226,0.932272,0.00568853,0.152112,0.0849334,0.0163013,2.29035,0.486698,0.161467,0,0.0667939,0.141739,0.57506,1.1911,0.582843,0.0526678,1.05795,0.00349167,2.86881,0.134889,0.0398603,0.373112,1.43171
,39.566802721,0.467036,0,1.2832,0.137744,0.224149,0.0635824,0.168939,1.96948,0.660145,0.185845,0,0,0.12579,0.664654,1.29099,0.806919,0.0776099,0.890721,0.0632445,1.87028,0.29726,0.416139,0.506743,1.1853
,39.613242630,0.527959,0.125004,1.3983,0.475509,0.158136,0.689401,0,1.19129,0.625745,0.0675868,0,0.390679,0.142199,0.726208,1.09643,0.895335,0.316763,0.759725,0,1.37845,1.03752,0.71206,0.50029,0.883185
,39.659682539,0.658212,0.150086,0.70054,0.497952,0.276741,0.730485,0,1.12568,0.380717,0.0918571,0,0.0606372,0.177281,0.678891,0.91132,1.1106,0.281414,0.773764,0,1.44204,1.03311,0.913399,0.321375,0.588069
,39.706122448,0.559065,0,0.628999,0.551769,0.153047,0.418334,0,1.39782,0.230387,0.100034,0.272188,0.508097,0.273223,0.640345,0.82726,1.16124,0.0667435,0.726611,0,1.51224,1.04189,0.996059,0.268231,0.640349
,39.752562358,0.481164,0.0882689,0.782917,0.510618,0,0.389022,0,1.43767,0.218051,0.702198,0,0.321819,0.266914,0.65387,0.976051,1.28329,0.0217574,0.74803,0,1.56659,1.07807,0.932316,0.162221,0.513464
,39.799002267,0.127344,0.11678,0.867572,0.0627604,0,0.200492,0.0313051,1.43107,0.759985,0.222703,0,0.225705,0.0667992,0.578558,1.06914,1.28613,0.0297198,0.653387,0.00670544,1.92327,0.936647,0.992807,0.247799,0.327676
,39.845442176,0.0514415,0.0325595,1.04517,0.269087,0,0.101248,0.0328967,1.66598,0.718729,0.128349,0,0.341394,0.0416282,0.275708,1.24701,1.53817,0.0309616,0.609787,0.00704634,2.30736,0.679901,0.43175,0.0603632,0.471432
,39.891882086,0.298412,0.184306,1.22892,0.35244,0.151136,0.391676,0,1.92996,0.646566,0.0709565,0,0.437284,0.0803732,0.708333,1.22315,1.24419,0.0546242,0.972497,0.0227642,2.10536,0.754938,0.0194488,0.377034,0.775003
,39.938321995,0.329239,0.080423,0.977361,0.358474,0.178391,0.850423,0,2.17046,0.242607,0.342178,0,0.509747,0.0886761,0.654217,1.2178,0.763151,0.0617665,1.0654,0.0403694,1.85263,1.23077,0.0857497,0.538486,0.754036
,39.984761904,0.507701,0.0030973,0.709621,0.253093,0.332747,0.692529,0.00439315,2.39376,0.183253,0.249349,0,0.548636,0.136743,0.573684,1.20374,0.748288,0.115211,1.02563,0.0447327,1.78182,1.09065,0.0645003,0.526789,0.917352
,40.031201814,0.554556,0,0.780552,0.322961,0.131904,0.103095,0.146923,2.5285,0.408087,0.241859,0,0.280419,0.149362,0.399955,1.09378,0.6657,0.045671,0.520642,0.0687185,1.91527,1.16704,0.0626066,0.252706,1.13987
,40.077641723,0.487302,0,0.692587,0.325094,0.0614011,0.0449613,0.128517,2.12855,0.68117,0,0,0.0181809,0.131248,0.0187794,1.11527,0.51567,0.0484062,0.274142,0.079701,1.47638,1.79888,0.000205794,0.000181461,0.973818
,40.124081632,0.569503,0,0.916792,0.271897,0.352464,0,0.000303913,1.68624,0.817998,0,0,0.204032,0.153388,0.0806348,1.24472,0.572635,0.122038,0.207301,0.0626976,1.49559,1.69551,0.0632436,0,0.246458
,40.170521541,0.910532,0.206783,1.26863,0.473063,0.706991,0,0.282516,0.526956,0.21118,0,0,0.165945,0.245239,0.0588192,1.05986,0.706737,0.244791,0.161702,0.350243,1.63057,1.43751,0.0758169,0.0214205,0.229557
,40.216961451,0.652628,0.742532,1.02318,0.260794,0.669513,0.366821,0.434065,0.655176,0.0945051,0.0163205,0.125761,0.145229,0.75286,0.211213,1.17376,0.447764,0.231814,0.903246,0.772009,1.89398,0.684092,0.0732002,0.135603,0.217849
,40.263401360,0.689888,0.931716,0.562772,0.502917,0.429646,0.516403,0.359974,0.35954,0.00581474,0,0.139685,0.189704,0.879213,0.265026,1.8022,0.312956,0.148762,1.89431,0.6828,1.5721,0.115898,0.0239878,0.335609,0.236243
,40.309841269,0.765499,0.699036,0.356819,0.871003,0,0.653296,0.306453,0.168086,0,0,0.155527,0.288188,1.10383,0.207446,2.0179,0.290954,0.00969604,2.2575,0.450125,0.766045,0.0442041,0,0.796117,0.30389
,40.356281179,0.727376,0.491368,0.149021,0.937218,0.00864108,0.822067,0.199422,0.0969098,0,0,0.547571,0.39198,1.36222,0.313817,1.60336,0.365433,0.0243748,2.45037,0.167316,0.349855,0.000610011,0,1.43909,0.142888
,40.402721088,0.608697,0.564389,0.0292371,0.438983,0.0292702,1.2764,0.194296,0.141748,0,0,1.31456,0.330663,1.41157,0.480248,1.3935,0.216394,0.0316691,2.22874,0.105684,0.382473,0,0,1.74188,0.108955
,40.449160997,0.506428,0.203668,0.136516,0.151296,0.034935,1.68605,0.239813,0.189351,0,0.0111958,0.919977,0.0847372,1.54174,0.283156,1.1759,0.169795,0.0255452,1.83065,0.189297,0.453686,0.000659276,0.0389046,1.85322,0.0340202
,40.495600907,0.562654,0,0.128129,0.890263,0,1.77801,0.0887928,0.199655,0,0.192115,1.96486,0.0164098,1.4065,0.283055,0.918159,0.884831,0.0491074,1.59968,0.276475,0.405184,0,0.112245,1.76901,0.0155554
,40.542040816,0.391005,0,0.304476,1.07952,0.104319,1.31725,0,0.148094,0.527031,0.0282573,2.28343,0.0322028,1.30752,0.318106,1.11469,0.686908,0.281027,1.41645,0.0275425,0.398383,0.119718,0.0559065,1.86383,0.00953162
,40.588480725,0.101687,0,0.184507,1.37629,0,1.31435,0,0.117823,0.229863,0.466373,2.33732,0,1.11003,0.358285,1.12728,0.788943,0.140774,1.48561,0.0248292,0.402325,0.0522149,0.131122,1.80098,0.0869318
,40.634920634,0.137172,0,0.0607932,1.38514,0.19255,1.24979,0.0178004,0.0784601,0.0817421,0.500029,2.30038,0,0.918984,0.544619,1.02783,0.835459,0.12317,1.60594,0.0716583,0.541086,0.0918437,0.121707,1.85478,0.0446878
,40.681360544,0.525707,0.00196957,0.069942,1.00502,0.199004,1.07381,0.0207885,0.0133641,0.0963133,0.571698,2.11198,0,0.842957,0.659023,1.05932,0.768027,0.0689038,1.52289,0.1114,0.547498,0.153056,0.171781,2.19062,0.0795754
,40.727800453,0.621289,0,0.182836,0.604414,0,0.965345,0.0333416,0.319722,0.464658,0.538578,1.4152,0.0341761,0.963111,0.485119,0.91383,0.656899,0,1.64665,0.0931271,1.15686,0.569666,0.220184,2.46635,0.0108212
,40.774240362,0.541502,0,0.528085,0.788039,0.0150696,0.846286,0,0.288036,0.12729,0.874754,0.378045,0.137822,0.705825,0.327988,1.05066,0.914243,0.00521775,2.24711,0,1.38049,0.715534,0.480821,1.82621,0.0354101
,40.820680272,0,0,1.05667,0.640995,0.103568,1.27553,0,0.283603,0.129287,0.364479,1.24153,0,0.189566,0.34726,1.28606,0.803706,0.125033,2.02081,0,1.36661,0.72918,0.200735,2.32201,0.0293089
,40.867120181,0,0,0.848613,0.710585,0.188034,1.45733,0,0.400929,0.134339,0.274412,1.36076,0,0.0371537,0.23925,1.31742,0.691445,0.169211,2.07801,0,1.17109,0.759548,0.284954,2.5155,0.0275638
,40.913560090,0,0,0.672446,0.678379,0.1218,1.44081,0,0.601981,0.144223,0.234745,1.36946,0,0.274338,0.223245,1.10775,0.679696,0.0951521,2.13905,0,0.99372,0.813917,0.417326,2.50658,0.0360222
,40.960000000,0.540907,0.200298,0,0.373617,0.142328,1.30067,0,0.581395,0.127758,0.280354,1.30483,0.320217,0.610464,0.103822,0.792497,0.516084,0.0566173,1.91079,0,1.20789,0.723663,0.783574,2.5429,0.112394
,41.006439909,0.542762,0.157146,0,0.165769,0.371687,0.877988,0,0.475944,0.049779,0.349358,1.20838,0.042095,0.950711,0.0948741,0.667854,0.625192,0.130148,2.11496,0,1.18604,0.283969,0.849568,2.45711,0.0114796
,41.052879818,0.571866,0,0.27626,0.690226,0.340726,0.558582,0.00943547,0.468925,0.0206014,0.804246,0.395228,0,1.33926,0.0199057,1.16096,0.759399,0.169367,2.55386,0.0263544,0.894059,0.122724,0.614732,1.7268,0
,41.099319727,0.532619,0,0.402788,0.697971,0.507225,0.58037,0.0681197,0.440814,0.0152225,0.661445,0.533749,0.123061,1.16511,0.0448586,1.71361,0.530193,0.304697,2.38649,0.190267,0.780909,0.0933892,0.379668,1.63463,0.0392016
,41.145759637,0.241195,0,0.161551,0.665244,0.604035,0.708245,0.164708,0.327896,0.508008,0.21346,1.50873,0,0.978082,0.0461042,1.67355,0.214482,0.424052,1.82734,0.460051,0.749572,0.115853,0.251996,2.17177,0.0801871
,41.192199546,0.26098,0.00358163,0,1.09524,0.367871,0.851165,0.212292,0.359376,0.185839,0.543891,1.82612,0,0.927981,0.049942,1.56695,0.479796,0.261374,1.71434,0.592958,0.883082,0.0422145,0.34045,2.20725,0.0378541
,41.238639455,0.417214,0.0725022,0.0185174,1.18133,0.0734608,0.961012,0.0937235,0.456894,0.0865139,0.573573,1.76744,0,1.07869,0.071046,1.36966,0.557205,0.163448,1.75018,0.261781,1.35917,0.0230684,0.225047,2.1937,0.000107427
,41.285079365,0.880823,0.123628,0,0.566647,0.408113,0.529509,0.0293268,0.413961,0.173926,0.552738,1.40008,0.0049072,1.02585,0.125531,0.775932,0.459383,0.199027,1.86879,0.0837908,1.33726,0.0572331,0.189059,2.20411,0.00146977
,41.331519274,0.800481,0,0.928694,0.0269222,0.808057,0.283504,0.763535,0.0454371,0.257706,0.213603,1.28114,0.11347,0.759683,0.0415329,0.537881,0.0588279,0.317431,1.74982,0.73131,1.10801,0.0855159,0.294387,2.45533,0.0290833
,41.377959183,0.682151,0.449045,0.865661,0.341451,0.619383,0.292878,0.498648,0,0,0.119448,1.45097,0.12079,0.264938,0.146004,1.39061,0.516396,0.288701,1.68967,1.00037,0.515105,0.029916,0.18764,2.25568,0.092421
,41.424399092,0.661231,0.622322,0.475848,0.441721,0.248557,0.416084,0.382581,0.173951,0,0,1.46789,0.112848,0.178094,0.193138,1.65838,0.614147,0.177771,1.47898,0.968029,0.315369,0.0605089,0.160329,2.35228,0.148405
,41.470839002,0.709827,0.56335,0.304575,0.887433,0.0144353,0.520832,0.448901,0.0338715,0,0,1.37979,0.15838,0.191182,0.179255,1.94736,0.574262,0.142336,1.5321,0.747505,0.281271,0.0269301,0.169387,2.44711,0.146644
,41.517278911,0.795524,0.397687,0.126175,1.11346,0.0404622,0.635624,0.356136,0.0553056,0,0,1.35593,0.250581,0.214264,0.132128,1.91143,0.530251,0.186911,1.54971,0.579905,0.360688,0.0194017,0.164977,2.62323,0.171371
,41.563718820,0.852332,0.236472,0.0359489,0.884998,0.0999117,0.855291,0.181557,0.172648,0,0,1.53372,0.198929,0.273571,0.105967,1.43444,0.362757,0.211138,1.63303,0.151178,0.347706,0.0321533,0.304654,2.90738,0.207187
,41.610158730,0.772421,0.0131853,0.00797083,0.333575,0.0622655,1.24679,0.119804,0.323509,0,0,0.83705,0.112236,0.297787,0.238299,1.34522,0.25922,0.197069,1.83569,0.0543291,0.398599,0.0929606,0.341343,2.73298,0.205836
,41.656598639,0.473227,0,0.0252257,0.214985,0.536023,1.11232,0.262801,0.394213,0.204074,0,1.87614,0.0485111,0.43945,0.312874,1.32505,0.290984,1.03131,1.48122,0.365297,0.174016,0.359871,0.297493,2.30769,0.40146
,41.703038548,0.332473,0,0.434114,0.415007,0.469614,1.24437,0.0823321,0.28116,0.479994,0,2.20783,0.153907,0.42939,0.33797,1.58125,0.184267,0.943335,1.28801,0.125978,0.120676,0.515687,0.288239,2.21605,0.545315
,41.749478458,0.072792,0.0206963,0.175468,0.892598,0.329718,1.30167,0.0677172,0.13747,0.269591,0.589198,2.3775,0,0.42575,0.317881,1.695,0.414798,0.715919,1.17817,0.189142,0.0676455,0.458037,0.416392,2.01951,0.515247
,41.795918367,0.0457321,0.062058,0,1.06294,0.372201,1.24799,0.0564988,0.0966636,0.0838172,0.604517,2.45224,0,0.552282,0.292242,1.70852,0.578627,0.60448,1.01848,0.158073,0.0639957,0.312478,0.41246,1.9689,0.405209
,41.842358276,0.352502,0.024065,0,0.747315,0.455052,1.00784,0.0229883,0.166318,0.0717672,0.679385,2.20742,0,1.00612,0.133009,1.56437,0.409299,0.375455,1.18959,0.064209,0.100253,0.118509,0.396889,2.13314,0.0967146
,41.888798185,0.539988,0.113719,0,0.0765917,0.292589,0.997087,0,0.467266,0.328274,0.675883,1.12232,0.1361,0.932573,0.138689,1.45691,0.024694,0.216445,1.22743,0,0.516053,0.338726,0.322897,2.58427,0.0633998
,41.935238095,0.519483,0,0.243233,0.109083,0.517434,0.913641,0,0.291152,0.125939,0.753174,0.621051,0.0570645,0.585147,0.0829567,0.812538,0.127572,0.754122,1.68561,0,0.476205,0.921157,0.723621,2.02264,0.062775
,41.981678004,0,0,0.924294,0.15634,0.664444,1.21433,0.0588058,0.24003,0.141547,0.232755,1.35968,0,0.692116,0.181655,0.670355,0.137523,1.21525,1.08921,0.0239412,0.449667,0.960914,0.563009,2.22814,0.0315444
,42.028117913,0,0,0,0.51136,0.748388,1.31726,0.107773,0.369444,0.15293,0.0740663,1.43965,0,0.812638,0.152499,0.489416,0.164868,1.01483,0.865972,0.0438769,0.493957,0.981301,0.873296,2.3512,0.0526998
,42.074557823,0,0,0.588932,0.25504,0.587737,1.33395,0,0.539342,0.15129,0.0683495,1.42284,0,1.11409,0.0236554,0.399137,0.0990812,1.4292,0.751217,0.0344142,0.484656,0.862368,0.684451,2.37252,1.63696e-05
,42.120997732,0,0,0.00431461,0.291519,0.556242,1.25862,0,0.829896,0.123189,0.153665,1.0465,0.00531834,0.894848,0.0239784,0.377895,0.250128,1.16229,0.730029,0.133572,0.375371,0.691885,1.37969,1.42883,0.477302
,42.167437641,0,0,0.0724851,0.451856,0.775948,1.23898,0,0.849964,0.0839975,0.138774,0.703219,0.0825682,0.700987,0.0288358,0.331644,0.258924,1.00201,0.517487,0.0750216,0.440778,0.471768,1.24599,0.834546,1.1552
,42.213877551,0.00580615,0,0.137208,0.0482429,1.54122,0.685107,0,0.90252,0.0686777,0.748854,0.361168,0,1.33531,0.0116911,0.922067,0.138742,0.981197,0.284149,0.481217,0.439361,0.394495,0.692484,0.484493,0.815073
,42.260317460,0.00621745,0,0,0.818475,1.23069,0.689802,0.0621862,0.736708,0.0537997,0.549781,0.546038,0,1.44544,0,1.65322,0.263885,0.974031,0.26766,0.771399,0.357628,0.326209,0.302015,0.383136,0.371309
,42.306757369,0.00378598,0.114584,0.797644,0.737939,0.852315,1.007,0.0798376,0.386174,0.00444517,0,1.16335,0,1.00217,0.0325934,1.84825,0.23792,0.82957,0.376805,0.58859,0.895083,0.0552414,0.0258552,1.24861,0
,42.353197278,0.479263,0.0365413,0.036475,1.02284,0.637806,1.3355,0,0.120159,0,0,1.52465,0.454736,0.438403,0.0103942,1.90698,0.330318,0.80796,0.499723,0.208939,1.15607,0.0351961,0.0668534,1.61619,0.116552
,42.399637188,0.561868,0,0,1.30508,0.491109,1.43193,0,0.105333,0,0.00202678,1.42672,0.476694,0.459587,0,1.42762,0.866817,0.666591,0.535806,0.109954,1.11402,0.0366488,0.477677,1.45916,0.122623
,42.446077097,0.368704,0.0248526,0,1.38183,0.893436,0.934841,0,0.427215,0.0272364,0.0371175,1.18289,0,0.685671,0.0234733,0.456707,2.03524,0.581973,0.412531,0,0.359706,0.083738,1.28603,1.28339,0.528953
,42.492517006,0.74605,0.266883,0.705501,0.418791,1.29611,0.151783,0.33833,0,0.450094,0.041146,0.843272,0,0.774217,0.0759148,0.213058,2.20355,0.688592,0.322457,0.137742,0.204908,0.282717,1.10237,0.983536,0.61953
,42.538956916,0.808252,0.324901,1.31029,0.47372,1.27596,0.06504,0.525094,0,0.354951,0.0261825,0.692129,0.0937226,0.588053,0.0924179,0.395704,2.0321,0.861691,0.024337,0.213779,0.205261,1.05221,0.65354,0.516346,0.578528
,42.585396825,0.62743,0.622326,1.09692,0.539991,1.10073,0.0953977,0.262234,0.145677,0.208625,0.00663434,0.549764,0.0636349,0.698894,0.17702,0.452402,1.6013,0.995673,0.0356964,0.198662,0.21761,1.34001,0.107667,0.636843,0.388995
,42.631836734,0.647159,0.63516,0.794009,1.04536,0.367867,0.430298,0.153676,0.10562,0.208368,0,0.168024,0.0627689,0.645692,0.180671,1.0854,0.877878,1.08821,0.161011,0.143116,0.2255,1.63953,0.00165114,1.02054,0.116092
,42.678276643,0.651407,0.505746,0.379808,1.37727,0.13379,0.492293,0.058899,0.283157,0.331468,0.0657254,0,0.0199862,0.552338,0.143859,1.22814,0.95331,1.03801,0.184208,0.123247,0.271406,1.84184,0.0216861,1.0633,0.0954994
,42.724716553,0.636712,0.226277,0,1.14779,0.0691747,0.535276,0.0135839,0.488014,0.665193,0.313502,0,0.0023199,0.298885,0.164259,1.32824,0.984057,0.908414,0.200292,0.00290961,0.349869,1.8734,0.138553,1.01638,0.192192
,42.771156462,0.555918,0.189727,0,0.713971,0.00885312,0.703776,0.0334429,0.437641,0.735211,0.268937,0,0.00616811,0.149729,0.179198,1.53554,0.992944,0.708377,0.263342,0.00716335,0.419227,2.12837,0.0657014,0.712436,0.217834
,42.817596371,0.512103,0,0.028267,0.45636,0,1.10205,0,0,1.09912,0.539458,0,0.0861619,0.61367,0.0448054,1.4564,0.97356,0.415235,0.502596,0.00536592,0.45522,2.01169,0.150196,0.565675,0.224763
,42.864036281,0.625149,0,0.0891602,1.3296,0.0433824,1.21056,0.0673246,0,2.3056,0,0,0.335887,0.862912,0.014923,0.550184,1.57242,0.365323,0.618933,0.08315,0.487597,2.27307,0.0662831,0.354824,0.319887
,42.910476190,0.655679,0,0.0486637,1.32481,0.166414,1.19776,0,0,2.49816,0,0,0.488854,1.01757,0.0163791,0.339328,1.54553,0.341688,0.640974,0.193145,0.497957,2.409,0.087445,0.503473,0.357576
,42.956916099,0.477334,0,0,0.969635,0.445125,0.83487,0,0,2.37844,0,0.263416,0.423483,1.13031,0.0172316,0.384373,1.28844,0.364855,0.345438,0.0940124,0.468542,2.23196,0.072629,0.802186,0.34293
,43.003356009,0.356898,0.0827376,0,1.07084,0.638703,0.345608,0.0147734,0.287109,2.49372,0.0362666,0.644181,0,1.17114,0.0870852,0.347528,1.62417,0.439423,0.129321,0.00402114,0.468416,2.18158,0.206581,0.741108,0.260064
,43.049795918,0.549674,0.0888549,0,1.07201,0.534193,0.219915,0.0115978,0.385183,2.14675,0.0429045,0.585762,0.0721758,0.575589,0.100919,0.405577,1.68707,0.436917,0.0889223,0.0024842,0.567702,2.2625,0.301396,0.471621,0.284041
,43.096235827,0.578656,0,0.177949,1.13183,0.355812,0.631837,0,0.44569,1.61146,0.0443762,0,0.576415,0.36592,0.0440098,0.473475,1.61696,0.308442,0.302597,0.00447707,0.530406,2.22656,0.708289,0.150365,0.297182
,43.142675736,0,0,0.835601,1.18039,0.437929,0.81459,0,0.518185,1.69861,0.0262876,0,0,0.178229,0.0387412,0.613849,1.96349,0.380769,0.409003,0.0385921,0.316666,2.06645,0.683177,0,0.102584
,43.189115646,0,0,0,1.44449,0.611726,0.942232,0,0.403559,2.08516,0.05538,0,0,0.159658,0.0337646,0.407416,1.97488,0.356013,0.483447,0.0444039,0.236254,2.0956,0.929932,0,0.102359
,43.235555555,0,0,0.604267,1.266,0.542266,1.12021,0,0.0701006,2.43521,0.0272607,0,0,0.288207,0.0311442,0.559416,1.83111,0.414938,0.596151,0.0505015,0.0872857,2.14646,0.735239,0,0.109885
,43.281995464,0.394441,0.0216003,0,0.973178,0.410736,1.10618,0,0,2.5123,0.0963069,0,0.655232,0.589049,0.0263337,0.385925,1.44765,0.358273,0.740921,0.0350033,0.0513073,2.17942,0.950156,0.00175421,0.298653
,43.328435374,0.146347,0.0382796,0,0.761822,0.407431,0.790453,0,0,2.41816,0.603241,0.462208,0.0978797,0.708449,0.0624562,0.594175,1.43284,0.152371,0.70876,0.132212,0.037263,2.40208,1.12847,0.117021,0.250199
,43.374875283,0.356051,0.141984,0,0.651819,0.823429,0.393481,0,0.490583,1.53685,0.213331,0.0274826,0.661478,1.17893,0.134104,0.379056,1.84942,0.293607,0.376502,0.427492,0.363791,2.29935,0.829276,0.0331765,0.264517
,43.421315192,0.427897,0,0.229952,0.681256,0.974068,0.397006,0,0.501275,1.69676,0.042714,0,0.540458,1.29964,0.0608851,0.355562,1.79789,0.389205,0.43228,0.427702,0.343431,2.03227,0.52908,0.460478,0.201807
,43.467755102,0.581241,0,0.136044,1.02317,0.915933,0.626289,0,0.0134401,2.31725,0.0185697,0,0.490329,1.29009,0.0785959,0.529714,1.76389,0.317136,0.527332,0.358843,0.132921,2.11868,0.329201,0.506246,0.183081
,43.514195011,0.539721,0,0.0929341,1.26082,0.717219,0.727443,0,0,2.50433,0.163523,0,0.538677,1.0699,0.0593751,0.12399,2.19887,0.252314,0.318954,0.72348,0.126901,2.19554,0.0384973,0.417823,0.963971
,43.560634920,0.282825,0.0821993,0.0112827,1.16027,0.507623,0.400894,0,0,2.28803,0.0629605,0.302212,0.271145,0.358533,0.0233815,0.0190288,1.7316,0.218379,0.150009,0.531992,0.0103046,2.07809,0.0424141,0.281929,2.07486
,43.607074829,0.404175,0.125715,0,1.41243,0.493735,0.208875,0,0.0530288,2.07487,0.0107377,0,0.629124,0.108859,0.0439308,0,1.73187,0.20521,0.0781577,0.383138,0.0361467,1.88774,0.16951,0,3.04246
,43.653514739,0.0937506,0,0,1.6283,1.13285,0,0,0.694679,0.634072,0.677031,0,0.0454932,0.0758661,0.000690149,0.149674,2.11374,0.39224,0,0.437256,0.319733,1.19309,0.518935,0,2.76031
,43.699954648,0.672317,0.418194,0.948763,0.750863,1.38194,0,0,0.0398929,0.0636139,0.370669,0.284795,0.0386832,0.18108,0.118955,0.608329,2.12468,0.924116,0,0.399437,0.271808,0.383599,0.769239,0.134929,2.35464
,43.746394557,0.67879,0.710155,1.5122,0.486181,1.36419,0,0,0.00922453,0,0,0,0.0391053,0.182823,0.202003,1.21721,1.66405,1.54084,0.00475925,0.173195,0.895266,0.0257895,0.717343,0.12327,1.82513
,43.792834467,0.837542,0.5659,1.51897,0.794293,0.81618,0.212069,0.0971246,0.367135,0,0,0,0.0754175,0.244938,0.381805,1.25835,1.26488,1.51818,0.0816085,0.0208037,1.35999,0.0211433,0.466575,0.331515,1.39089
,43.839274376,0.878785,0.350288,1.14309,1.18223,0.729365,0.189919,0.0960876,0.567943,0.327488,0,0.0461047,0.208113,0.492336,0.33876,0.963365,0.987568,1.29003,0.0637368,0.0205816,1.49566,0.185648,0.153938,1.05738,1.05345
,43.885714285,0.85193,0.00104309,0.629817,1.12305,0.525656,0.162212,0.181427,0.587178,0.462182,0,0.149648,0.197344,0.442861,0.0387685,0.624967,1.20931,0.763045,0.0479163,0.0388609,1.353,0.267449,0,1.33212,1.07381
,43.932154195,0.755212,0.0542871,0.386632,0.614178,0.30253,0.10213,0.284153,1.28134,0.0818679,0,0.32992,0.0265129,0.244217,0.0561731,0.444338,1.76355,0.475718,0.0213743,0.0608645,1.30742,0.0726913,0.000149629,1.66274,1.16976
,43.978594104,0.635365,0.0730357,0.632048,0.113427,0.497449,0.536627,0.0119229,1.79087,0.0187508,0.0419926,0.357827,0.0257408,0.171127,0.0853834,0.753283,2.17172,0.532508,0.201315,0.0048541,1.70612,0.0301552,0.010809,2.03079,1.15936
,44.025034013,0.507026,0,0.762278,0.334585,0.456573,0.851852,0,1.92214,0.0951233,0,0.0905708,0.428793,0.136561,0.0792236,0.794893,1.98765,0.690039,0.386534,0,2.04342,0.111826,0.00114348,1.67874,1.36649
,44.071473922,0.469002,0,1.03251,0.4489,0.366786,0.55621,0,2.22175,0.0134398,0.389783,0.0758238,0.495192,0.126319,0.143778,1.16548,1.63404,0.583947,0.42095,0.0194118,2.44632,0.0807759,0.0932209,0.808521,1.70365
,44.117913832,0.455269,0,0.713653,0.507892,0.432309,0.295294,0.0287471,2.21705,0,0.0764236,0.0869282,0.367189,0.122621,0.150369,1.12228,1.35867,0.739531,0.306245,0.010276,2.39116,0.0308267,0.0196682,0.522453,1.75937
,44.164353741,0.361366,0,0.511665,0.473887,0.349378,0.0799466,0.15618,2.40365,0.30687,0,0,0.0659839,0.0973291,0.0684225,1.07469,1.10674,0.591558,0.141417,0.0334531,2.37273,0.0826593,0.00270161,0.329376,1.83921
,44.210793650,0.613834,0.168584,0.446223,0.378206,0.274626,0,0.109029,2.41806,0.387281,0,0,0.0369582,0.165328,0.202445,0.822428,1.43027,0.459964,0.107606,0.0233536,2.17262,0.100349,0.0026948,0.621008,1.37696
,44.257233560,0.666126,0.0689437,0.487801,0.157031,0.474969,0,0.348263,2.00995,0.534144,0.0768759,0,0.0898034,0.179412,0.162519,0.456646,1.58672,0.577917,0.401878,0.12876,1.58057,0.544866,0.691912,0.716433,1.13108
,44.303673469,0.148603,0.313188,0.826617,0.345138,0.626266,0.510469,0.0427886,1.54356,0.432739,0.08191,0,0,0.120255,0.659143,0.605414,1.1362,0.788214,0.675504,0.0174203,1.33504,0.75345,0.736787,0.919285,0.54749
,44.350113378,0.0813839,0.131282,1.25405,0.391334,0.60936,0.43929,0.0205831,1.59374,0.260305,0.0762096,0,0,0.0658586,0.725808,0.669373,0.718066,0.819868,0.731609,0.00837987,1.56045,0.941427,0.6854,0.969276,0.491054
,44.396553287,0.476996,0.136566,0.672204,0.204225,0.449075,0.207439,0.0773393,1.58894,0.27194,0.117256,0,0.0266165,0.128472,0.751272,0.752946,0.700013,0.767797,0.900804,0.0314867,1.68369,0.918013,1.05301,0.902879,0.501892
,44.442993197,0.324329,0.258234,0.550743,0.259807,0.369349,0.0303313,0,1.59737,0.196124,0.141184,0.347164,0.302415,0.0873536,0.840136,0.647139,0.888168,0.640122,1.06332,0,1.85909,0.734405,1.26763,0.980686,0.450713
,44.489433106,0.292285,0.381936,0.121775,0.0869997,0.228638,0,0.0628142,1.28435,0.387264,0.312552,0,0,0.210115,0.914465,0.759556,1.41756,0.398217,0.738772,0.0134546,2.13242,0.200184,1.43571,0.730049,0
,44.535873015,0.451904,0.289356,0.639272,0.1695,0.113609,0,0.125303,1.677,0.0244015,0.736417,0,0.0925215,0.509424,0.555091,0.969387,1.80184,0.0434876,0.709395,0.0510138,2.26501,0.13705,0.694036,0.760294,0.471037
,44.582312925,0.472685,0.151531,1.12756,0.262041,0.635387,0,0,1.99189,0.0628895,0.0384172,0.0140701,0.36101,0.218139,0.302608,0.923072,1.56751,0.447556,0.686324,0,2.57526,0.353216,0.345432,0.991572,0.354665
,44.628752834,0.40371,0,1.15175,0.354851,0.542957,0.108251,0,2.08193,0.103538,0.277029,0,0.453051,0.108734,0.341567,1.04271,1.2345,0.243857,0.848999,0,2.67573,0.581515,0.066075,1.12182,0.327041
,44.675192743,0.298161,0,1.02681,0.326282,0.323965,0.394557,0,2.00293,0.131597,0.238531,0.0441061,0.579589,0.0803057,0.276449,1.15014,1.29617,0.190238,0.993714,0,2.579,0.229037,0.0573124,1.25143,0.496059
,44.721632653,0.141906,0,0.62667,0.527112,0.29002,0.501455,0.212649,1.46175,0.0706127,0,0,0.448752,0.26166,0.24757,0.701942,1.36125,0.485092,1.12449,0.0479034,1.42997,0.994045,0,0.694419,0.673935
,44.768072562,0.194801,0.223192,0.453449,0.863825,0.0237264,0.818874,0,1.32094,0.181102,0.529857,0.0148672,0.482053,0.644534,0.90347,0.507914,0.851205,0.0910925,1.10243,0.0178174,0.592595,1.55453,0.124742,0.49982,0.563818
,44.814512471,0.122704,0.0440237,0.275631,0.144352,0.208811,0.41854,0.00995522,1.08569,0.128154,0,0.194834,0.00327129,0.78026,1.21236,0.308738,0.661881,0.358586,1.01588,0.0353802,0.488451,1.51429,0,0.648744,0.269697
,44.860952380,1.01214,0.256474,0.949975,0.101415,1.03155,0.378008,0.0981476,0.2216,0.117908,0.0532325,0.789478,0.116696,0.642945,1.25036,0.286889,0.521683,0.656821,0.939159,0.0838092,0.168241,1.09372,0.036243,0.641044,0.108145
,44.907392290,1.05295,0.512729,0.787059,0.0808869,0.9719,0.495823,0.323997,0.146035,0,0.310025,0.977383,0,0.376727,1.22119,0.237689,0.968844,0.574896,1.2069,0.178232,0.330508,0.850544,0.150602,0.650623,0.0408942
,44.953832199,0.82253,0.553868,0.593315,0.236698,0.55347,0.617108,0.299133,0.330155,0,0.0808156,0.972026,0,0.22586,0.864005,0.519922,1.62521,0.584177,1.51217,0.155403,0.225914,0.890206,0.044395,0.687615,0.0338409
,45.000272108,0.664514,0.281193,0.580463,0.69783,0.414621,0.871489,0.134629,0.0783831,0,0,1.48389,0.178486,0.228856,0.249166,2.17918,1.13185,0.467283,1.73221,0.0380169,0.0736128,0.714481,0,1.38364,0.0516602
,45.046712018,0.576915,0.0307004,0.161981,0.673291,0.326298,1.10943,0.120161,0.0732982,0,0,1.70539,0.274675,0.284986,0.0742445,2.77778,0.371403,0.369673,1.30489,0.167881,0.0771491,0.239096,0,1.83001,0.0788423
,45.093151927,0.582211,0.0703631,0,0.381323,0.158811,1.14494,0.227532,0.135768,0,0,1.57915,0.344634,0.280601,0.0760508,2.94206,0.15111,0.134699,1.08102,0.12232,0.0881647,0.00416446,0,1.51654,0.13272
,45.139591836,0.650694,0.0302719,0.00214862,0.17887,0.0834484,1.01335,0.0354546,0.0134896,0.0100474,0.252809,0.916532,0.217961,0.449711,0.0346168,2.9025,0.17219,0.063173,0.665811,0.0990292,0.0480137,0.0607078,0.0933706,1.44209,0.18107
,45.186031746,0.512072,0,0.596213,0.479738,0.195453,0.808743,0.0291609,0.332325,0.0476411,0.0548095,2.07841,0.0925542,0.586744,0.004067,2.42955,0.295334,0.251732,0.36351,0.0814499,0.218047,0.267985,0.115881,1.83667,0.0916982
,45.232471655,0.00121,0,0.468786,0.811341,0.0516695,0.707199,0.0120921,0.427784,0.300529,0.438399,2.38921,0,0.766867,0.0346497,1.94652,0.541756,0.156016,0.787128,0.138963,0.285158,0.372657,0.257763,2.25569,0.045703
,45.278911564,0.00194314,0,0.369575,1.08935,0.0517122,0.363774,0.0134432,0.347797,0.0342204,0.532452,2.52546,0,1.06895,0.0782355,1.49921,0.428296,0.196763,0.98208,0.1114,0.355829,0.441185,0.224702,2.26715,0.00673475
,45.325351473,8.04926e-05,0,0.0248936,1.07033,0.0174927,0.456283,0.0216368,0.339558,0,0.581046,2.56787,0.0122924,0.921186,0.123354,0.898867,0.383924,0.0967806,1.03993,0.121776,0.5323,0.450563,0.13698,2.44841,0.00864125
,45.371791383,0.440724,0,0,0.700053,0,0.60528,0,0.349803,0.0288286,0.64272,2.35277,0.121041,1.01519,0.0942681,0.781704,0.667983,0.00440346,1.33674,0.0796571,0.54692,0.558542,0.151403,2.65694,0.0310238
,45.418231292,0.587815,0,0.117045,0.342469,0.131361,0.925422,0,0.481017,0.192762,0.85135,1.25539,0.0806764,1.01989,0.091604,0.622665,0.53457,0.211274,1.83605,0,0.513213,1.17813,0.326693,2.29183,0.0206779
,45.464671201,0,0,0.907822,0.396803,0.593188,0.870627,0.010822,0.562036,0.178354,0.404047,1.01818,0,1.16201,0.0675522,1.05264,0.461175,0.90857,1.78678,0.00440591,0.52036,1.01203,0.292087,1.84669,0
,45.511111111,0,0,0,0.680457,0.753191,1.01702,0.0108948,0.768451,0.159246,0.0805402,1.32237,0,1.19713,0.0597178,1.08461,0.304135,0.862231,1.47685,0.00443554,0.710303,0.90505,0.569207,2.14463,0.00772945
,45.557551020,0,0,0.677037,0.428347,0.58171,1.1012,0,0.895055,0.158878,0.0296045,1.3906,0,1.05438,0.0504425,1.23344,0.140122,0.863974,1.32806,0,0.892206,0.900751,0.351065,2.44334,0.0195857
,45.603990929,0.212636,0.380894,0,0.15647,0.400657,1.10808,0,0.871266,0.156187,0.0548269,1.48902,0.529702,1.05794,0.140079,0.826564,0.408793,0.726045,0.916356,0,1.12516,0.879109,0.567393,2.67522,0.170354
,45.650430839,0.18758,0.359956,0,0.115095,0.0205431,1.12133,0,0.809258,0.133513,0.835622,1.44831,0.132136,1.21049,0.136798,0.375803,0.940643,0.217603,0.722706,0.0739243,1.29807,0.749871,0.716268,2.53957,0.0974491
,45.696870748,0.513621,0,0,0.184149,0.0023399,1.08092,0.0208447,0.590549,0.0786976,0.863679,0.95218,0.360185,1.34903,0.0623141,0.18436,1.0862,0.251657,0.926315,0.235379,1.00039,0.466316,0.853951,2.11116,0.158164
,45.743310657,0.489363,0.0575926,0.290276,0.42246,0.560677,0.478535,0,0.598442,0.059143,0.919735,0.280209,0.135719,1.44155,0.148314,0.296467,0.709759,0.911323,1.72012,0.0311342,0.796354,0.350297,0.876461,1.67014,0.0347857
,45.789750566,0.346866,0.110749,0.24892,0.387623,0.512097,0.473643,0,0.632868,0.487728,0.431963,1.03317,0.151138,1.27744,0.232044,0.740623,0.124974,0.965948,1.63835,0,0.67796,0.202535,0.71365,2.05772,0.0387377
,45.836190476,0,0.149657,0.0954129,0.692269,0.217129,0.496593,0,0.582161,0.284819,0.569757,1.95189,0,1.24005,0.186198,0.857067,0.223195,0.627527,1.32404,0,0.575539,0.108564,0.631484,2.41772,0
,45.882630385,0,0.118552,0.108307,0.778521,0.158787,0.636654,0.0407112,0.518849,0,0.600332,2.08876,0,1.23547,0.175437,1.12486,0.251004,0.377529,1.45691,0.113711,0.628063,0.0116661,0.574727,2.66506,0
,45.929070294,0.132106,0.293246,0,0.629651,0.0559724,0.761784,0.0300103,0.502951,0,0.635356,2.07466,0,1.29108,0.281732,1.23974,0.203007,0.242963,1.54508,0.0838224,0.956656,0,0.46854,2.93057,0
,45.975510204,0.662149,0.130659,0,0.230677,0.707588,0.621737,0.0119599,0.0231183,0.145565,0.499064,1.75421,0.0455108,1.23153,0.299852,1.39285,0.146052,0.414962,1.87254,0.0334056,0.726684,0.0432072,0.418529,2.93783,0.0116648
,46.021950113,0.602939,0.269669,0.634654,0.170974,1.35786,0.0618887,0.177377,0,0.0701468,0.423084,2.04221,0,1.35533,0.317071,1.1408,0.155195,0.683406,1.39853,0.281587,0.194626,0.0683595,0.332885,3.00153,1.24911e-05
,46.068390022,0.498231,0.664734,0.685549,0.210106,1.28456,0.284458,0.0863098,0.162534,0,0,1.86327,0,0.836562,0.427185,1.23153,0.0677406,0.852951,1.57691,0.236545,0.240131,0.053132,0.226253,2.97908,4.88065e-05
,46.114829931,0.750446,0.603977,0.605639,0.439637,0.873682,0.583615,0.167968,0.0293657,0,0,1.2355,0,0.61531,0.404216,1.56349,0.141744,0.776602,1.92779,0.138913,0.236707,0.0536791,0.232166,2.70545,3.48765e-05
,46.161269841,0.815857,0.465298,0.412468,0.773698,0.401745,0.897845,0.0854773,0.00120294,0,0,0.89268,0.128248,0.547179,0.355637,1.69355,0.250839,0.677682,2.09493,0.0679204,0.22858,0.0503742,0.229926,2.62755,0.0328742
,46.207709750,0.782073,0.114304,0.165952,0.876134,0.290264,1.12245,0.104345,0.0365382,0,0,0.883416,0.28068,0.617422,0.220187,1.60432,0.290259,0.656361,2.13323,0.0240106,0.256042,0.0414788,0.194591,2.82096,0.0719402
,46.254149659,0.736859,0.0965964,0,0.545718,0.108293,1.36036,0.114553,0.146885,0,0.00141683,0.953911,0.373394,0.970188,0.144836,1.28922,0.183271,0.462281,1.8387,0.0245368,0.192562,0.0173989,0.195964,3.06018,0.118998
,46.300589569,0.520822,0,0.00327905,0.0288478,0.263311,1.53781,0.167109,0.194073,0.0385709,0.137391,0.823992,0.182486,0.962987,0.21438,1.40192,0.00583256,0.525309,1.8706,0.0357941,0.2298,0.233757,0.207234,3.01921,0.0612011
,46.347029478,0.362473,0.216641,0,0,0.451806,1.23365,0.0535678,0.327738,0.493188,0,1.6445,0.0173475,0.586762,0.466846,1.53142,0,1.04167,1.54705,0.011474,0.30183,0.219044,0.180107,2.73203,0.00471153
,46.393469387,0,0.0249393,0.573428,0.232541,0.164227,1.06519,0,0.609602,0.402539,0.596588,2.06473,0,0.0660105,0.301816,1.56254,0.0749738,0.595895,1.68162,0,0.516718,0.25457,0.344885,2.42776,0.0129386
,46.439909297,0,0,0.556464,0.617947,0,0.538918,0.00810571,0.531222,0.101352,0.565337,2.15339,0,0.0454453,0.267607,1.5464,0.199233,0.400832,1.74438,0.0226402,0.475429,0.18035,0.354368,2.17389,0.0181357
,46.486349206,0,0.0549386,0.154841,0.719955,0,0.531972,0.0350706,0.449352,0,0.530477,2.13401,0,0.361093,0.260888,1.40484,0.232122,0.440516,1.66819,0.0979564,0.383837,0.000214311,0.399994,2.22895,0.000203894
,46.532789115,0,0.160169,0,0.432525,0,0.700874,0.0579033,0.402631,0.000411285,0.576051,1.96047,0.113907,0.955556,0.199914,1.5051,0.139451,0.364408,1.23213,0.197511,0.271298,0.0167596,0.397361,2.45322,0.0291953
,46.579229024,0.589373,0.0661603,0.155739,0.0311738,0,0.899275,0,0.226617,0.474108,0.590529,0.812627,0.243953,0.77734,0.200158,2.01485,0.0100508,0.186467,1.72758,0,0.245518,0.369067,0.479765,2.23039,0.11181
,46.625668934,0.613325,0,0.288655,0.249714,0.350437,0.738789,0,0.159712,0.0843029,0.782053,0.552741,0.176229,0.364388,0.12059,2.05331,0.0832599,0.565143,2.2518,0,0.292146,0.530359,0.540595,1.82867,0.0971536
,46.672108843,0,0,0.931694,0.450683,0.814746,0.980498,0.0107352,0.41702,0.0920207,0.18346,1.26022,0,0.0452041,0.131692,1.98509,0.145305,0.712701,2.15378,0.00437057,0.426414,0.569836,0.41576,2.3256,0.0648544
,46.718548752,0,0.0738158,0.612206,0.475292,0.756227,1.09531,0,0.600831,0.103029,0.12359,1.30961,0,0,0.177673,1.97077,0.153239,0.540936,2.20461,0,0.494342,0.626302,0.573041,2.41068,0.0807505
,46.764988662,0.123198,0.641332,0,0.116859,0.302776,1.15485,0,0.716226,0.0875925,0.0859443,1.32826,0.567934,0.0331816,0.216127,2.39031,0.0376765,0.397045,1.85128,0,0.411358,0.515473,0.882123,2.25626,0.272431
,46.811428571,0,0.39833,0,0.478637,0.0453896,1.4041,0,0.695055,0.146661,0.254928,1.05135,0.0338611,0.402891,0.376224,2.86253,0.154318,0.219064,1.24696,0,0.31014,0.823717,1.07816,1.56877,0.0758295
,46.857868480,0.0675839,0.355135,0,0,0,0.293951,0,0,0.106466,0.455174,0.855232,0.097585,0.55598,0.335426,3.28788,0,0.133684,0.74211,0.374681,0,0.598998,1.04579,1.3153,0.197851
,46.904308390,0.144047,0.389833,0,0,0.26137,0.104582,0,0,0.0534382,0.0217215,0.0422228,0,0.483034,0.368198,2.70923,0.314197,0.558855,0.222179,0.639772,0.0761512,0.301493,0.562463,1.14529,6.37102e-05
,46.950748299,0.0397789,0.302368,0.111727,0,0.340626,0.142322,0,0,0.032098,0.357724,1.07013,0,0.164135,0.285588,1.91206,1.21827,0.680991,0.302356,0.412447,0.396311,0.180421,0.555826,1.73367,8.60385e-05
,46.997188208,0.0266286,0.00493442,0.916543,0.898234,0.33775,0.683003,0,0.677777,0.0214426,0,1.32498,0,0.129408,0.00466057,1.27695,1.93367,0.446252,0.710712,0.268445,0.590559,0.331097,0.269574,1.6595,7.33839e-05
,47.043628117,0.224231,0,0.0580305,0.707126,0.103542,0.381406,0,0.450932,0.0363227,0.472863,1.74419,0,0.182337,0.0493468,0.110713,2.35115,0.489785,0.443289,0.193173,0.407851,0.364784,0.283759,1.62624,0.0445143
,47.090068027,0.244157,0,0,0.740709,0.0128542,0.450062,0.0761224,0.151206,0.00907961,0.515914,1.82642,0.0744199,0.19758,0.00764297,0,1.92649,0.487226,0.7562,0.509643,0.0674693,0.433221,0.440329,1.3951,0.103541
,47.136507936,0.137175,0.0456147,0,0,0,0.482294,0.0111298,0,0,0.170178,1.48687,0.00492836,0.111007,0.360767,0,0.426392,0.0354569,1.11903,1.12336,0,0.300391,0.492111,1.57162,0.0775878
,47.182947845,0.729489,0.0435988,0.498631,0.867462,0.608881,0.667557,0.0264996,0,0.0575337,0,1.30599,0.0411374,0.505548,0.328856,0.150585,0.375901,0.323486,0.993202,1.11108,0,0.218287,0.40899,1.28639,0.0603981
,47.229387755,0.631284,0.457284,0.982904,0.932548,0.5803,0.71021,0,0,0.0221363,0.499277,1.21348,0,0.844004,0.42475,0.296833,0.489689,0.373298,1.19995,0.932542,0,0.131296,0.615208,0.751542,0.0161928
,47.275827664,0.727923,0.576558,0.832155,1.06178,0.40723,0.576105,0,0.0952157,0,0.0459543,0.580063,0,1.25273,0.404573,0.383939,0.893634,0.352942,1.53506,0.852796,0.020959,0.147408,0.67699,0.360487,7.26254e-05
,47.322267573,0.889064,0.600003,0.509545,1.35029,0.259787,0.528735,0.000292392,0.0257723,0.0818757,0.0191922,0.265729,0.0284422,1.23348,0.351008,0.370509,0.82673,0.17507,2.17924,0.977668,0.00585258,0.497309,0.390135,0.166515,0.00832446
,47.368707482,0.930266,0.475929,0.0578258,1.41164,0.0700383,0.436502,0,0.166173,0.580798,0.19738,0,0.0435553,1.27177,0.221685,0.272891,0.64181,0.0242503,2.16228,1.16784,0.0458542,0.785008,0.171125,0.045958,0.0150219
,47.415147392,0.895567,0.389763,0,0.974574,0,0.571957,0,0.31718,0.753252,0.357288,0,0.0130426,1.38999,0.224933,0.212367,0.381354,0.0155279,1.9113,1.06145,0.0967498,0.72583,0.116509,0.26951,0.0130176
,47.461587301,0.747692,0.245409,0,0.111597,0,0.984029,0.0507194,0.346515,1.22391,0.345833,0,0.025684,0.980184,0.290045,0.0554297,0.183814,0.0521481,2.06818,0.940065,0.106742,0.820551,0.0814179,0.292902,0.0147591
,47.508027210,0.665088,0.362175,0,0.0123863,0.242935,1.54892,0,0.110848,2.3086,0,0,0.253882,0.886176,0.37894,0.0258075,0.381434,0.412648,2.11203,1.10638,0.0943421,1.30444,0,0.349738,0.0655971
,47.554467120,0.820092,0.0926692,0.335282,0.881635,0.0234848,1.1558,0,0,2.46379,0,0,0.425087,0.953358,0.12307,0.287542,1.65983,0.0512881,1.72808,1.07758,0.176116,1.90579,0,0,0.10948
,47.600907029,0.922398,0.0917508,0.204713,0.909092,0,0.66249,0,0,2.24977,0,0,0.535064,1.10261,0.119211,0.335358,1.75719,0.0167561,1.27897,0.373636,0.134039,2.24947,0,0,0.209061
,47.647346938,0.755115,0,0,1.22625,0.0105436,0.359382,0.0712084,0.285561,2.41478,0,0.077206,0.367112,1.22445,0.114677,0.267567,1.68474,0.0244007,1.2725,0.243066,0.138817,2.53232,0,0.0189217,0.26203
,47.693786848,0.629633,0.0894615,0,1.22663,0.152631,0,0.0414325,0.322849,2.42917,0.0191023,0.627322,0,1.33272,0.168725,0.070345,1.60879,0.0830998,1.32123,0.483496,0.0946267,2.67086,0.00449717,0.15442,0.223068
,47.740226757,0.538738,0.2004,0,1.24606,0.213944,0,0,0.387353,2.12693,0.108109,0.587602,0.174391,0.870111,0.218164,0.23409,1.72473,0.0762405,1.44689,0.404398,0.126768,2.45398,0.369625,0.14401,0.094325
,47.786666666,0.0669475,0.222434,0.0808838,0.975633,0.824652,0.3142,0,0.739955,1.64236,0.0479888,0,0,0.530403,0.215423,0.530645,1.27768,0.53777,1.27463,0.430527,0.373384,1.90298,0.602798,0.497397,0.0568974
,47.833106575,0,0,0.237779,0.358102,0.991811,0.678644,0,0.683261,1.87875,0.0337323,0,0,0.444711,0.0702285,0.677742,1.30817,0.54107,1.20869,0.443826,0.349127,1.84652,0.515113,0.749992,0.0629838
,47.879546485,0,0,0.114228,0.732176,1.06973,0.861068,0.0360316,0.360531,2.43462,0.0318351,0,0,0.428413,0.0419069,0.573555,1.37387,0.476898,1.08978,0.452327,0.206914,1.93767,0.483449,0.685021,0.0676018
,47.925986394,0,0.150628,0.0357723,1.5533,0.537799,1.07791,0,0.00109662,2.55675,0.0466763,0,0,0.406992,0.142269,0.498637,1.4452,0.48677,1.09573,0.580905,0.0491443,1.91138,0.549971,0.737096,0.0761229
,47.972426303,0.36701,0.220944,0,0.807575,0.243962,0.8444,0,0.0150033,2.10106,0.463998,0.159338,0,0.620632,0.199341,0.276167,1.54848,0.0844703,1.10726,0.786539,0.0520088,1.74385,0.87398,0.746463,0.0939878
,48.018866213,0.247961,0.280918,0,0.622766,0.0494878,0.574419,0,0.620685,1.47536,0.667678,0.0982707,0,0.768225,0.24969,0.215699,1.90567,0.0171348,0.662887,0.854399,0.303302,1.80583,0.956082,0.503837,0.0927757
,48.065306122,0.500836,0.469481,0,0.433456,0.343976,0.248426,0,0.61698,1.49899,0.064194,0,0.611904,0.838933,0.375566,0.104796,1.33651,0.119099,0.504264,0.504152,0.307452,2.41651,0.496217,0.639593,0.239804
,48.111746031,0.685781,0.640091,0.039886,0.368318,0.49523,0.452208,0,0.134987,2.43754,0.0329778,0,0.472803,0.885239,0.604568,0.217701,0.84906,0.377339,0.623456,0.29954,0.0925013,2.81031,0.296092,0.804477,0.140697
,48.158185941,0.961448,0.104683,0.0560188,1.04876,0.251145,0.558577,0,0,2.73066,0.00563757,0,0.532253,1.02207,0.118279,0.345803,1.28662,0.285771,0.638599,0.219609,0.033405,3.14662,0.0506172,0.606558,0.160771
,48.204625850,1.01967,0.189871,0.104431,1.09713,0.105668,0.539295,0,0,2.59998,0,0,0.595296,0.977311,0.179334,0.178179,0.926946,0.297492,0.418547,0.542651,0.0314525,2.22844,0,0.596234,0.468548
,48.251065759,0.77904,0.216537,0,1.22075,0.0589516,0.0860167,0,0,2.44216,0.0804214,0.42015,0.221028,0.484584,0.116833,0.358851,1.02468,0.162995,0.327074,0.447011,0.000820641,1.92122,0.0284311,0.408989,0.516507
,48.297505668,0.0402377,0.0700551,0,1.89317,0.452094,0,0,0.496478,1.9283,0.458742,0.0434539,0.00389627,0.0586156,0.0661673,0.412942,1.16088,0.304002,0.343686,0.380309,0.221682,1.49551,0.252004,0.91952,0.229976
,48.343945578,0.130072,0.964479,0.252805,0.51978,1.09874,0,0,0.278748,0.52848,0.806621,0.112017,0,0.0549109,0.274345,0.478907,0.558209,0.418569,0.55679,0.283298,0.12438,0.561987,0.443106,2.06728,0.0937887
,48.390385487,0.565243,0.976356,1.10087,0.273507,1.17433,0,0,0.0681846,0,0.375283,0.464153,0,0.152241,0.277724,0.962925,0.188128,0.495034,0.837977,0.0439899,0.463784,0.0931795,0.206157,2.83377,0.0790622
,48.436825396,0.70164,0.74166,1.22213,0.397053,0.576183,0.00505554,0,0.290437,0,0.0102422,0.148344,0,0.188977,0.234143,1.17953,0.173193,0.469879,0.951809,0.00425381,0.804257,0.0668559,0.00562641,3.22151,0.0319729
,48.483265306,0.828119,0.53879,1.37973,0.715459,0.232635,0.171867,0.112314,0.308688,0.0741559,0,0.131846,0.0250648,0.223043,0.186502,1.23767,0.454835,0.354424,0.951286,0.0358556,1.06858,0.204091,0.00563359,3.11266,0.00642429
,48.529705215,0.870569,0.22918,1.23519,0.955979,0.115012,0.0837658,0.111158,0.572222,0.402054,0,0.12482,0.25035,0.234476,0.0849305,1.11831,0.67625,0.195481,0.688017,0.0345928,1.1117,0.495129,0.0133424,2.97304,0.0641665
,48.576145124,0.871714,0,1.08415,0.829511,0,0.0863014,0.180335,0.514084,0.562954,0,0.125193,0.286896,0.234784,0,1.2111,0.718391,0,0.396931,0.038627,1.0546,0.602888,0.0147706,2.97349,0.0735335
,48.622585034,0.799673,0,0.705028,0.189219,0.0112434,0.172441,0.347411,0.876544,0.435065,0,0.228928,0.124034,0.215381,0,1.08322,0.762487,0.00230825,0.290246,0.0778668,1.33299,0.593467,0.00841331,3.094,0.247252
,48.669024943,0.600972,0.69395,0.334477,0,0,1.3174,0,2.11589,0.419701,0,0.215203,0.061991,0.161864,0.692866,0.66573,0.864162,0,0.859746,0.0510914,1.88836,0.27071,0.00778152,2.37715,1.08472
,48.715464852,0.595253,0.175219,1.06473,0.132809,0,0.95583,0,2.0552,0.278806,0,0.253289,0.437408,0.160323,0.384032,1.03233,0.787372,0,0.851632,0.0578281,2.53936,0.20516,0.00914039,1.03921,1.52487
,48.761904761,0.591851,0.133053,1.11532,0.226483,0.0740741,0.450425,0,2.4599,0.0540161,0,0.100636,0.578639,0.159407,0.354519,1.12698,0.775165,0.0256476,0.714906,0.0621681,2.90887,0.135821,0.00986913,0.438177,1.68561
,48.808344671,0.48947,0,0.779946,0.278904,0.0476666,0.0985441,0.218652,2.30703,0.018993,0,0,0.36425,0.131832,0.228378,1.14276,0.752693,0.0165042,0.67486,0.105738,2.9482,0.156177,0.00976408,0.264948,1.56366
,48.854784580,0.534135,0,0.817146,0.141928,0,0.0225409,0.178239,2.18733,0.232388,0,0,0.108292,0.143862,0.140922,1.13883,0.622809,0,1.01445,0.0599875,2.83859,0.253888,0.00604457,0.293277,1.42974
,48.901224489,0.688014,0.183757,0.769165,0.0756692,0,0,0.169327,2.1149,0.350107,0.0165395,0,0,0.185307,0.261697,1.05555,0.944938,0,1.07795,0.0362692,2.30525,0.201844,0.149268,0.600954,1.10346
,48.947664399,0.621796,0.301699,0.434665,0.203717,0.397719,0,0,2.00583,0.369336,0.0719493,0,0.321124,0.167472,0.387751,0.702087,0.973882,0.582541,1.07937,0.0132477,1.65957,0.764816,0.663789,1.06226,0.735748
,48.994104308,0,0,1.57311,0.492532,0.450155,0.276276,0,1.54528,0.565147,0.0346785,0,0,0,0.51024,0.84801,0.870873,0.544434,1.20269,0.016729,1.89214,0.981973,0.371762,0.849798,0.631592
,49.040544217,0,0,1.54641,0.45284,0.236153,0.286636,0,1.58791,0.461013,0.0365064,0,0,0,0.682643,0.890714,0.653764,0.290244,1.20085,0.0138981,1.99025,1.05315,0.438178,0.764984,0.66404
,49.086984126,0,0.452892,0.77766,0.244247,0.0469401,0.145523,0,1.5948,0.404766,0.0751407,0,0,0,0.782343,1.01658,0.326756,0.0735933,1.14529,0.0047167,2.0544,0.926176,0.711355,0.782032,0.487869
,49.133424036,0.293468,0.148238,0.602939,0.0893089,0,0.025437,0.0304925,1.18764,0.49945,0.214314,0,0.0273082,0.0790418,0.659203,0.79818,0.306709,0.0182497,0.990189,0.00653139,1.7532,0.975908,0.989334,0.90999,0.226588
,49.179863945,0.243928,0.140661,0.727361,0,0,0.0439244,0.139048,1.35317,0.521712,0.176858,0,0,0.126736,0.453299,0.922177,0.978758,0.0190967,0.858899,0.0297835,1.63304,0.697166,1.01013,0.94319,0.210007
,49.226303854,0.467051,0.40668,0.0902173,0,0.0593331,0.0437445,0.136132,1.79711,0.422894,0.0924561,0,0,0.204541,0.583822,0.735132,1.26458,0.0500647,0.914513,0.0291589,1.73903,0.246878,0.833437,0.743217,0.350781
,49.272743764,0.669013,0.722843,0.310399,0.132064,0.432552,0.231458,0,2.21925,0.0356668,0.060974,0,0.234674,0.18019,0.943323,0.684955,1.11702,0.149768,1.39502,0.0420929,1.77482,0.200321,0.551904,0.761343,0.152692
,49.319183673,0.590168,0.169931,0.868891,0.152897,0.155931,0.311924,0,2.13829,0.0559313,0.365018,0,0.363934,0.158954,0.753405,0.990939,0.94485,0.0539901,1.62528,0.0529689,1.73069,0.284883,0.111829,0.779943,0.344786
,49.365623582,0.486247,0,0.714614,0.215779,0.091707,0.257902,0.233606,1.68359,0.0226571,0.128967,0,0.235027,0.130964,0.549725,0.913931,0.267625,0.682845,0.893074,0.138171,1.73167,0.127252,0.956254,0.693414,0.352767
,49.412063492,0.372896,0.0136587,1.07149,0.18814,0,0.0488361,0.214084,1.2319,0.407365,0.129047,0,0.0484039,0.131388,0.43786,1.32496,0.0776079,0.743932,0.0161799,0.619759,1.36802,1.66969,1.16535,0.41961,0.0124063
,49.458503401,0.168018,0.485911,1.26186,0.326035,0,0,0.221017,1.15166,0.209434,0.0871276,0,0,0.16489,0.439147,1.54998,0.612395,0.602296,0.0322507,0.616834,1.24671,1.47249,0.788961,0.402315,0
,49.504943310,0.353897,0,0.969612,0.0697296,0.65521,0,0.631791,0.871984,0.728296,0.0631852,0,0,0.286386,0.22081,1.37973,0.907676,0.736813,0.0925937,0.723796,1.35805,1.30221,0.960325,0.43293,0
,49.551383219,1.12821,0.798149,0.806929,0,0.258176,0,0.793359,0.186307,0.772322,0.418787,0.121741,0.0404068,0.309636,0.333792,0.795441,1.10878,0.689143,0.125429,0.835416,1.33655,0.733232,1.2641,0.52385,0.0184968
,49.597823129,1.03089,0.832383,0.656357,0,0,0.447531,0.839408,0,0.46924,0.687785,0.488693,0.0931831,0.277657,0.374928,1.02661,1.06143,0.250619,1.07153,0.657153,1.30028,0.416155,0.843929,1.06787,0.106228
,49.644263038,0.904834,0.575544,0.398467,0.455342,0,0.650954,0.160023,0.0282306,0,0.304874,0.800789,0.172301,0.254675,0.333671,1.75159,0.606817,0.0118622,1.34636,0.192726,0.937006,0,0.169739,1.82611,0.201213
,49.690702947,0.814512,0.231625,0.232142,0.756004,0,0.885589,0.0921603,0,0,0.126243,1.12908,0.28077,0.340034,0.155185,2.26622,0.373571,0.00851449,1.52379,0.139768,0.462256,0,0.0707854,1.78244,0.253146
,49.737142857,0.717189,0.064509,0,0.765335,0,1.05817,0.110063,0.0574155,0,0.0685398,1.35043,0.348242,0.833875,0.108921,2.38475,0.499225,0,1.72208,0.118482,0.322222,0,0.0602928,1.58691,0.176896
,49.783582766,0.64692,0.0489841,0,0.470794,0.011882,0.871138,0.15867,0.150305,0,0.0444839,1.65293,0.323411,1.20694,0.0631506,2.07945,0.336846,0.00243935,1.71124,0.12941,0.895542,0,0.0261331,1.77674,0.0828926
,49.830022675,0.458133,0.174506,0.16157,0.417172,0.548414,0.344285,0.294384,0.764647,0.094673,0.12361,2.12579,0.106473,1.10839,0.0846352,1.41709,0.580434,0.648058,1.17549,0.796226,1.14286,0.204163,0.146473,2.02198,0.0272899
,49.876462585,0.169095,0,1.07406,0.452654,0.319714,0.0280499,0.19124,0.784778,0.54804,0.00537599,2.3424,0.016319,0.662138,0.0440766,1.24522,0.530025,0.50809,1.42824,0.534156,0.554135,0.50539,0.178317,2.22162,0.0224745
,49.922902494,0.0860741,0.142566,0.610701,1.2108,0,0.387853,0.0321904,0.532577,0.223122,0.426982,2.23655,0,0.349667,0.0945166,1.41734,0.512319,0.095426,1.80519,0.0899118,0.442902,0.498743,0.31955,2.40016,0
,49.969342403,0.217416,0.0863997,0.301198,1.20905,0,0.410741,0.0330914,0.38939,0.0339763,0.455382,2.20537,0,0.499148,0.0869932,1.37425,0.439009,0.0884528,1.81125,0.0992017,0.369652,0.453008,0.310161,2.69755,0
,50.015782312,0.294538,0,0.129961,0.95351,0,0.362599,0.0398739,0.374934,0.00919495,0.511077,2.12566,0,1.1331,0.0302507,1.02887,1.05493,0.0295474,1.46381,0.304292,0.53739,0.30886,0.232437,2.76945,0
,50.062222222,0.568394,0,0.0935428,0.579696,0,0.352037,0.0168737,0.394913,0.0435159,0.542132,1.77915,0.295105,1.38664,0,0.757635,1.27482,0,1.32386,0.394992,0.97986,0.220302,0.131387,2.4971,0.0756399
,50.108662131,0.715,0,0,0.161646,0.0635157,0.10717,0.103764,0.346014,0.144171,0.498368,0.907419,0.0629206,0.991159,0,0.8041,0.478475,0.0219919,1.74884,0.744144,1.22254,0.812548,0.694606,1.83736,0.0523991
,50.155102040,0.231862,0,0,0,0.703598,0.557922,0.271826,0.734655,0.130777,0.354439,0.961657,0,0.537255,0.0189554,0.986793,0.0631601,0.287144,1.94892,0.426298,1.17642,0.742847,0.709112,2.27641,0.0504161
,50.201541950,0.0985994,0,0,0.0279728,0.411206,0.839677,0.0788473,1.00514,0.154271,0.214917,1.32973,0,0.364663,0.0435577,1.0175,0.0486961,0.228349,2.0872,0.0987985,1.11012,0.872553,0.610371,2.3658,0.0515519
,50.247981859,0.0170367,0,0,0.0813819,0.234901,1.07789,0.0171313,1.08272,0.167733,0.186788,1.39218,0,0.201124,0.0457274,1.12417,0.115189,0.162793,2.28264,0.00697455,1.01491,0.942062,0.50912,2.28714,0.0528512
,50.294421768,0,0.149365,0.709154,0.0663264,0,1.23259,0,1.00023,0.155064,0.190428,1.37725,0,0.11197,0.176769,1.22047,0.0849762,0.0415396,2.2934,0,1.17511,0.870912,0.269388,2.3436,0.0343834
,50.340861678,0.190139,0.216752,0,0.0849313,0,1.28803,0.0259648,0.743995,0.149919,0.695878,1.15009,0.0534561,0.520803,0.237863,0.907586,0.219791,0.0157451,2.00931,0.0725228,1.16356,0.608426,0.571523,2.23094,0.0239921
,50.387301587,0.611479,0.207613,0,0.49013,0.0955791,0.902734,0.160551,0.399324,0.0378048,0.40908,0.732397,0.0773853,0.63216,0.302491,0.851536,0.803922,0.0330936,2.21515,0.0653644,0.97637,0.22537,0.678792,1.60623,0.0200644
,50.433741496,0.569276,0.0811646,0,0.906309,0.308182,0.10609,0.0750563,0.515577,0.0435208,0.25215,1.28821,0.0282731,0.827942,0.276803,1.49759,1.01438,0.113796,2.27125,0.209641,0.806111,0.254633,0.412034,1.0981,0.00756999
,50.480181405,0.0979862,0,0.0679429,0.896722,0.310269,0.0646886,0.0174316,0.629889,0.5516,0.106242,1.74755,0.270498,0.771798,0.213219,1.74019,0.38381,0.156396,2.22707,0.0486886,0.579461,0.180912,0.0360116,1.6246,0.137042
,50.526621315,0.326795,0,0.126378,1.1249,0,0.290378,0.0904368,0.571492,0.0636315,0.439481,1.86358,0,0.832891,0.203486,1.8146,0.402992,0.0665899,2.3684,0.197772,0.500681,0.0212621,0.113722,1.73457,0.0769896
,50.573061224,0.476178,0,0.115003,0.886947,0,0.291047,0.0479832,0.499214,0,0.448216,1.88647,0,1.29413,0.151072,1.51567,0.285962,0.0612772,2.19113,0.134023,0.765898,0,0.111274,2.0724,0.000164587
,50.619501133,0.572529,0,0.0827659,0.52911,0,0.284305,0.019644,0.548183,0,0.50899,1.78343,0.160219,2.13528,0,0.997722,0.281583,0.00607197,1.81012,0.054868,0.828391,0.00996809,0.225575,2.45176,0.0413051
,50.665941043,0.707002,0.0562845,0.466973,0.0534221,0.341617,0.193601,0.358947,0.0234807,0.224585,0.302283,1.59661,0.12738,1.93422,0.0671199,1.09642,0.17571,0.118283,1.56194,0.283628,1.21018,0.0696959,0.313345,2.5348,0.0329255
,50.712380952,0.541903,0.889295,0.884258,0.392008,0.520154,0.0767453,0.498005,0.0264489,0,0.223659,1.6372,0.0789046,1.10049,0.292586,1.03127,0.129034,0.192649,1.29106,0.727538,0.90462,0.17749,0.285141,2.17934,0.500294
,50.758820861,0.554877,0.98455,0.640406,0.366446,0.278646,0.58029,0.278751,0.240913,0,0,1.32398,0.0800573,0.252719,0.320662,1.37225,0.118146,0.170707,1.74537,0.623648,0.752432,0.28546,0.24018,1.96322,0.667925
,50.805260770,0.817416,0.659579,0.561463,0.611894,0,0.78844,0.220243,0.0543675,0,0,1.1058,0.144278,0.2386,0.227589,1.69825,0.197281,0.0978314,2.03904,0.25227,0.552487,0.285167,0.242477,1.95308,0.669533
,50.851700680,0.890763,0.38766,0.456945,0.902543,0,0.88466,0.0984764,0.0137666,0,0,1.05803,0.311384,0.247658,0.156625,1.73079,0.291344,0.117618,2.1924,0.0210933,0.712929,0.225634,0.237029,2.08638,0.448598
,50.898140589,0.815398,0.0558777,0.258455,0.938701,0,0.924607,0.119893,0.0719661,0,0,1.31723,0.343663,0.719623,0.0689752,1.26946,0.306596,0.178054,2.18644,0.0256806,1.0677,0.00508848,0.174415,2.42801,0.0883946
,50.944580498,0.70379,0.155748,0.00458898,0.598566,0,1.12951,0.150317,0.186875,0.0109831,0.00843831,1.44191,0.386845,1.16546,0.154244,0.930785,0.361379,0.0563293,1.83273,0.0321974,1.2621,0.0667486,0.255719,2.18046,0.0995672
,50.991020408,0.566769,0,0,0.469687,0.0330706,0.560328,0.322238,0.44248,0.0349083,0.0939958,1.04499,0.088657,1.20007,0.0861808,0.774959,0.586793,0.116215,1.22509,0.301225,0.944005,0.246523,0.322715,2.02423,0.285645
,51.037460317,0.282694,0,0.762971,0.424575,0,0.309346,0.189072,0.789585,0.528692,0.0333767,1.76699,0.0783873,0.694837,0.0816612,1.22745,0.503447,0.19505,1.24815,0.528102,0.63387,0.241377,0.282664,1.95489,0.34033
,51.083900226,0.0112666,0,0.656355,0.981104,0,0.132388,0.200253,0.623671,0.215262,0.423238,2.06389,0,0.399058,0.0834458,1.40154,0.536455,0.210894,1.36085,0.378513,0.418386,0.26388,0.369422,1.85537,0.251858
,51.130340136,0.124112,0,0.561085,1.08433,0,0.225249,0.180085,0.426377,0.0275508,0.41631,2.11326,0,0.294102,0.0909943,1.41716,0.547197,0.185042,1.48375,0.246692,0.342975,0.240082,0.370051,1.87563,0.190377
,51.176780045,0.247279,0,0.253486,1.07508,0,0.227717,0.0710509,0.477865,0.0107821,0.463009,2.13845,0,0.544992,0.0764165,1.18477,0.497006,0.117573,1.53744,0.128487,0.448601,0.193852,0.304639,2.03622,0.216104
,51.223219954,0.336233,0.0291018,0.118943,0.724852,0,0.274315,0,0.592237,0.0259291,0.542939,1.76155,0.541563,0.920044,0.241418,0.991512,0.768711,0.0661473,1.4758,0,0.83908,0.11202,0.246175,2.09905,0.419455
,51.269659863,0.586068,0,0,0.0909954,0,0.201845,0.0132673,0.457557,0.106095,0.844278,0.444959,0.475357,0.612981,0.467879,0.505874,0.13557,0.0468507,1.63217,0.0370573,1.2988,0.597153,1.10617,1.39461,0.371995
,51.316099773,0.208452,0,0,0,1.14847,0.412035,0.239878,0.589701,0.0836817,0.580768,1.20496,0,0.609445,0.618672,0.4688,0.0110379,0.882856,1.2034,0.0977202,1.11741,0.469994,1.4803,1.43213,0.0589684
,51.362539682,0.00644301,0,0,0,0.729672,1.10603,0.194082,0.658641,0.110628,0.240202,1.51348,0,0.335364,0.686209,0.485595,0.00737851,0.926859,1.34093,0.0790154,0.875859,0.621337,1.46715,1.54853,0.0443087
,51.408979591,0,0,0,0.216905,0.561586,1.35588,0.135209,0.771382,0.142338,0.229027,1.45958,0,0.176276,0.667451,0.510723,0.369216,0.823699,1.41559,0.0988212,0.812418,0.799434,1.39987,1.43413,0.106447
,51.455419501,0,0.338475,0,0.0821062,0.477585,1.54949,0.00393433,0.729358,0.142616,0.337988,1.2555,0,0.0363336,0.348621,1.14304,0.112231,0.467684,1.0908,0.160364,1.61025,0.801867,0.928234,1.45259,0.148384
,51.501859410,0,0.622552,0,0.0803134,0,0.701844,0.395283,0.692954,0.153995,0.124572,0.388243,0.45858,0.0033371,0.588002,1.25139,0.108705,0.182823,0.99236,0.349925,1.42803,0.889141,1.12143,0.52976,0.497865
,51.548299319,0.00578005,0.662626,0.0119931,0.314246,0,0.307979,0,0.559155,0.149907,0.277527,0.269607,0.787506,0.00467742,0.625852,0.968343,0.425334,0,0.659179,0.715342,0.750024,1.34305,0.788576,0.166644,0.705422
,51.594739229,0.301035,0.0775287,0.435481,0.132764,0,0.102535,0.0825821,0.765698,0.524757,0.605921,0.491923,0.656433,0.738323,0.0732261,1.14973,0.179697,0,0.2305,0.691059,0.59271,1.90202,0.332854,0.402857,0.627554
,51.641179138,0.135472,0,0.308643,0.720161,0.470094,0.30375,0.13985,1.01243,0.56709,0.558805,0.338307,0.12308,0.941055,0,1.33799,0.232188,0.176855,0.65682,0.760243,0.6052,1.83772,0.306972,0.788261,0.187615
,51.687619047,0.00433161,0,0.203704,0.657612,0.676138,0.272009,0.386097,1.00674,0.269664,0.278071,0.984752,0.269515,0.845569,0,1.62645,0.212021,0.257623,0.58421,0.782392,0.575771,1.31313,0.142984,1.35089,0.136017
,51.734058956,0.00247999,0,0.407551,1.17022,0.689395,0.234909,0.623655,0.632199,0.0303236,0,1.23475,0.0647034,0.484117,0,1.54128,0.377294,0.303551,0.499054,0.49154,0.486116,0.374602,0.109925,1.49772,0.13256
,51.780498866,0.319686,0.152139,1.00575,1.70726,0.441274,0.24285,0.184029,0,0,0,1.36366,0,0.0861031,0.0606399,1.16493,1.58442,0.305119,0.0908706,0.0749228,0.527014,0.751046,0.102167,1.33789,0.45956
,51.826938775,0.611274,0.548632,1.03979,1.42577,0.759327,0.36275,0,0,0,0.124198,0.56899,0,0.164638,0.271987,0.543106,2.24299,0.611634,0.135736,0,0.582526,0.676748,0.0727653,1.60528,0.427692
,51.873378684,0.0226569,0.860958,0.642942,1.01311,0.551927,0,0,0,0.0208409,0.999049,0.421037,0,0.00610232,0.404425,0.261863,2.45426,0.287249,0,0,0.631235,0.984227,0.238345,1.52799,0.2959
,51.919818594,0.0227058,0.680161,1.10817,1.06271,0.613636,0,0,0.0955607,0.768343,0.654537,0.393869,0,0.131911,0.32701,0.414038,2.69382,0.348744,0,0,0.726146,1.36318,0.154095,1.04878,0.246959
,51.966258503,0.381049,0.583323,1.20925,1.07992,0.202707,0,0,0.175924,0.945747,0.538919,0,0.0538806,0.418832,0.184158,0.421733,2.90723,0.107228,0,0,0.854306,1.73947,0.126875,0.6378,0.525253
,52.012698412,0.656481,0.52384,0.87297,1.38312,0,0,0,0.0595802,1.15591,0.295131,0,0.495346,0.460823,0.149006,0.283701,2.59684,0.161794,0,0,0.532179,2.22721,0.0694813,0.304311,0.738467
,52.059138321,0.639097,0.186601,0.445175,1.41291,0,0,0,0,1.28206,0.0384293,0,0.840795,0.451111,0.0530786,0.50532,1.69016,0.196071,0,0,0.352917,2.86952,0.00904722,0.382951,0.641465
,52.105578231,0.564648,0.0214721,0.0223753,1.1706,0,0,0,0.0296688,2.01529,0,0,0.786797,0.380909,0.00610773,0.406407,1.28818,0.115717,0,0,0.448811,3.18722,0.00290458,0.611607,0.359782
,52.152018140,0.355702,0,0,0.739353,0,0,0.0483428,0.0688663,1.62852,0.0334881,0,0.432263,0.443803,0,0.410195,1.87326,0.129335,0,0.0196815,0.46323,3.27486,0.0233727,0.69421,0.184001
,52.198458049,0.102608,0,0,0.732935,0,0,0,0.0937572,1.79966,0.00425702,0,0.203273,0.491021,0,1.11279,1.92799,0.119115,0,0.00181373,0.462987,3.11998,0.00286851,0.803235,0.174944
,52.244897959,0.036119,0,0,0.795811,0,0,0,0.109606,1.86736,0.112085,0,0.202676,0.412052,0,1.20778,2.16471,0.0887479,0.261942,0.00689345,0.453457,2.76064,0.0263875,1.19655,0.210048
,52.291337868,0.0605631,0.133989,0,0.73721,0,0,0,0.043018,1.95246,0.250796,0.0420486,0.0745624,0.178424,0.126553,0.933237,2.48247,0.0681707,0.40374,0.0069664,0.470847,2.43069,0.0590437,1.64278,0.119986
,52.337777777,0,0.0790775,0,0.816615,0,0,0,0.0373358,1.98096,0.312628,0.0435135,0,0.0624658,0.0746889,0.522707,2.69836,0.0517244,0.436803,0.00145721,0.515264,2.5607,0.0736004,1.64847,0.0233812
,52.384217687,0,0.202739,0,0.845093,0.138627,0,0,0.0290549,2.05381,0.283547,0.0383359,0,0.15449,0.0576691,0.242135,2.65888,0.0871156,0.373722,0,0.486232,2.70391,0.0667541,1.58766,0.0109338
,52.430657596,0.0147426,0.36012,0.104593,1.32306,0.0956599,0,0,0,2.3008,0,0.02879,0.638219,0.11108,0.102436,0.19905,2.46471,0.089692,0.599204,0,0.586623,2.84942,0,1.47512,0.178208
,52.477097505,0.0375186,0.448086,0.453719,1.40667,0,0,0,0,2.1018,0.51689,0.00471159,0.398865,0.0832093,0.161968,0.171367,2.4659,0.0554488,0.855864,0,0.714679,2.71345,0.121689,1.42408,0.102274
,52.523537414,0.337644,0.559983,0.705373,1.79362,0.0574485,0,0,0,1.96804,0.0475773,0.0817862,0.600693,0.09094,0.19866,0.21302,2.74417,0.0329699,0.983093,0,0.747089,2.73466,0.117141,1.34485,0.15402
,52.569977324,0.529365,0.476811,0.512966,2.01807,0,0,0,0.151144,2.06542,0.0170223,0.0826854,0.501697,0.142577,0.180974,0.154914,2.96913,0.0053698,0.93616,0,0.79255,2.67552,0.153886,1.3912,0.144426
,52.616417233,0.704109,0.207188,0.387398,1.95341,0,0,0.0864516,0.0236514,2.16482,0.0150484,0.0260121,0.411039,0.189642,0.103265,0.116993,2.96548,0.008055,0.83868,0.0185176,0.771344,2.71528,0.136948,1.33503,0.137174
,52.662857142,0.812692,0.07552,0.294076,1.65687,0,0.0059571,0.0852697,0,2.24008,0.0255802,0.0187346,0.152412,0.218888,0.0591057,0.107191,2.89209,0.0192468,0.786227,0.0182644,0.744253,2.97894,0.17823,1.25381,0.0640139
,52.709297052,0.770088,0.0958814,0.223912,0.352635,0,0,0.000614884,0.186675,2.22757,0.425267,0.0350077,0.0149213,0.207413,0.092702,0.187759,2.62208,0.0240754,0.793558,0.000131706,0.779452,2.92135,0.203762,1.16163,0.00905864
,52.755736961,0.0312509,0.111347,0.15392,0.29485,0.0855765,0,0,0,2.47314,0.0533534,0,0,0.0252893,0.109819,0.781865,2.24389,0.172905,0.808907,0,0.733823,2.9146,0.118501,1.12057,3.85666e-05
,52.802176870,0,0.374725,0.268921,0.343172,0,0.0513607,0,0,2.49787,0,0,0,0.168917,0.353929,1.18731,1.85889,0.0319126,0.855784,0,0.581414,2.78595,0,1.04244,4.73263e-05
,52.848616780,0,0.539366,0.13765,0.376647,0,0.0518868,0,0,2.5401,0,0,0,0.346326,0.509433,1.15179,1.79139,0.0307423,0.788849,0,0.339297,2.7626,0,1.15712,3.78643e-05
,52.895056689,0.10615,0.605905,0.0336922,0.464181,0,0.0559698,0,0,2.56532,0,0.0338061,0,0.379524,0.625202,0.928041,1.66712,0.0251472,0.801573,0.00156304,0.346247,2.83692,0,1.60552,7.77482e-05
,52.941496598,0.293452,0.53281,0.00973501,0.580804,0,0.0180968,0,0,2.47726,0,0.0758781,0,0.597602,0.63765,0.673586,1.54959,0.0738052,0.670051,0.00770795,0.38584,2.63451,0,2.00163,0.0632491
,52.987936507,0.460122,0.223658,0,0.162831,0.324113,0.00629246,0,0,2.2226,0.0224644,0.0912491,0,0.765092,0.396949,0.563048,0.677361,1.48173,0.351195,0.00488659,0.326483,2.25543,0.0123405,2.54708,0.103588
,53.034376417,0.947629,0.334912,0.291129,0,0.609082,0.117881,0,0,2.09616,0,0.089905,0,0.625829,0.401302,0.456162,0.853794,1.95319,0.462365,0.00529312,0.384329,1.47532,0,2.69083,0.112329
,53.080816326,0.958888,0.525077,0.430445,0.124643,0.526477,0.138645,0,0,1.98091,0,0.281785,0.250552,0.390551,0.261381,0.40763,1.27523,1.74362,0.544434,0.00389665,0.974106,1.17575,0,2.36561,0.183133
,53.127256235,0.891768,0.555389,0.414443,0.204813,0.394027,0.106693,0,0.530278,1.536,0,0.207841,0.341671,0.240186,0.173765,0.399063,1.96744,1.0192,0.527802,0,1.73665,0.757162,0,1.68806,0.436446
,53.173696145,0.856665,0.43097,0.309071,0.290448,0.226064,0.0527887,0,1.03103,0.75584,0,0.149371,0.37439,0.230731,0.129515,0.34563,2.43886,0.401615,0.332519,0,2.48316,0.372587,0,1.49594,0.526173
,53.220136054,0.919293,0.246967,0.360948,0.397461,0.0192905,0.0144658,0.0783537,1.68859,0.00751551,0,0.0907051,0.377269,0.247599,0.104655,0.277631,3.16197,0.0601354,0.179261,0.0167831,2.88156,0.00370472,0,1.49102,0.66814
,53.266575963,1.0072,0.221896,0,1.17131,0,0.00104233,0.10382,1.80189,0.0809445,0,0.0817218,0.368467,0.271277,0.102988,0.0328102,3.67784,0.0146242,0.33208,0.0222379,2.65632,0.394476,0,1.25141,0.435051
,53.313015873,0.910126,0.37488,0,0.81864,0,0,0,1.98534,0.242577,0.355088,0.068772,0.24327,0.24513,0.149953,0.375238,3.55422,0.0138519,0.709873,0,2.91267,0.588175,0.0835967,1.02801,0.334253
,53.359455782,0,0.20713,0,0.580625,0,0.24518,0,2.21457,0.343583,0.00377825,0,0.00552382,0,0.196235,0.626314,3.05734,0.0183042,1.38093,0,3.42622,0.355587,0.0339232,1.14528,0.511904
,53.405895691,0.176311,0.0147426,0,0.396085,0,0.321045,0,2.29852,0.160776,0,0.0298864,0.00507951,0.142677,0.015001,0.797093,2.82941,0.021674,1.56245,0,3.23856,0.111564,0,1.55515,0.539363
,53.452335600,0.580397,0,0,0.33846,0,0.2457,0.0330815,2.36886,0,0,0.0720328,0,0.469677,0,0.827054,2.84891,0.0250734,1.27512,0.0924007,2.86461,0.00301553,0,2.04595,0.527716
,53.498775510,0.677436,0.00263965,0,0.488596,0,0.0824082,0.139416,2.31353,0,0,0.105737,0,0.548204,0.00249315,0.650408,2.93856,0.0302163,0.876971,0.334511,2.48114,0.000170937,0,2.47377,0.607709
,53.545215419,0.590291,0.0898401,0.0840853,0.684801,0,0,0.0977377,2.50647,0.0562693,0,0.124044,0,0.477684,0.0860456,0.663803,2.72017,0.0308701,0.750989,0.140213,2.58162,0.0303026,0,2.82675,0.433675
,53.591655328,0.210986,0.0560329,0,0,0.625293,0.0143304,0.0169736,2.46391,0.239587,0.0382,0.127241,0,0.170737,0.0529232,1.00037,1.61502,0.807973,0.720067,0.00691037,2.67689,0.159597,0.34298,3.48856,0.0362076
,53.638095238,0.540765,0.753606,0.775481,0,0.468016,0,0,1.79566,0.0400122,0.0540477,0.501992,0.0376886,0.145648,0.284001,1.14554,0.859627,0.793725,1.01086,0,2.48932,0.22657,0.48527,3.24538,0.070219
,53.684535147,0.494862,0.830341,1.04282,0.0946289,0.428902,0.084582,0,1.74447,0.0774452,0.0537262,0.226944,0.115278,0.133284,0.336111,0.701164,1.03974,0.656022,1.422,0,2.61225,0.437078,0.482383,2.56992,0.29479
,53.730975056,0.565069,0.724197,0.943721,0.392142,0.308724,0.0991079,0,1.68351,0.21037,0.0593787,0.077788,0.33385,0.152194,0.30239,0.503715,1.65216,0.509053,1.45743,0,2.64436,0.583353,0.533134,2.30156,0.412116
,53.777414965,0.739476,0.484485,0.85609,0.617119,0.168986,0.0647801,0,1.55835,0.277781,0.0669937,0,0.391755,0.199168,0.206847,0.632519,2.3878,0.271855,1.17192,0,2.72178,0.640257,0.601506,2.08348,0.318027
,53.823854875,0.941497,0.250667,0.552152,0.668796,0,0.0136789,0.0310949,1.85729,0.17797,0.0935563,0,0.337314,0.25358,0.113688,0.3454,3.02066,0.00417554,0.842963,0.0066604,2.91017,0.461596,0.840303,1.71488,0.307328
,53.870294784,0.989716,0.377564,0,0.833287,0,0.00988446,0.11889,1.91741,0,0.179925,0,0.111733,0.266567,0.279204,0.179689,3.63892,0.00761825,0.806299,0.0254657,2.83726,0,0.789185,1.30961,0.3042
,53.916734693,0.798054,0.473616,0.164292,0.211566,0.0740438,0,0,2.36554,0,0.0980155,0.290046,0.0945913,0.214945,0.405864,0.234454,3.28867,0.134139,0.791227,0,3.18912,0,0.364138,1.55316,0.149543
,53.963174603,0,0.475728,0.934294,0.303295,0.281267,0.0251877,0,2.88685,0,0,0,0,0,0.452598,0.685783,2.37283,0.493116,0.862603,0,3.47513,0,0,1.93104,0.0307105
,54.009614512,0,0.384724,0.916343,0.415507,0.31969,0.00142815,0,3.00152,0,0,0.0461847,0,0,0.301751,0.895467,1.72462,0.559338,0.705426,0,3.32381,0.140439,0,2.63328,0
,54.056054421,0,0.143271,0.371313,0.497212,0.250503,0,0,2.90181,0,0,0.110961,0,0,0.139015,0.757216,1.84651,0.445673,0.525995,0,3.0314,0.419837,0,2.4441,0
,54.102494331,0.0218539,0.0974753,0.648797,0.470304,0.137212,0,0,2.62197,0.0226101,0,0.124875,0.00762093,0.0176849,0.0959291,0.835033,1.70561,0.269838,0.286764,0,2.90145,0.394441,0.00488348,2.19353,0.428233
,54.148934240,0.228751,0.140337,0.91674,0.163583,0.0298332,0,0,2.4928,0.0435214,0,0.116921,0.0198716,0.185113,0.132549,1.02685,1.16281,0.0760041,0.00192563,0.1211,2.58048,0.327011,0.139695,1.96891,1.30466
,54.195374149,0.207565,0.379155,1.63352,0.622814,0.151506,0,0,2.35836,0,0,0.0742865,0.0225623,0.167969,0.382829,0.876918,1.14325,0.067655,0,0.33983,2.51825,0.226922,0.265459,1.23169,1.79776
,54.241814058,0.64407,0.638035,1.74266,0.709476,0.363833,0,0.246553,1.18474,0,0,0.675355,0.0223987,0.435767,0.384948,0.840942,1.17243,0.24334,0,0.243825,2.33607,0.0337081,0.363355,0.865128,2.00148
,54.288253968,1.03393,0.658527,1.47959,0.890242,0.449889,0,0.221319,0.881287,0,0,0.581748,0.0124311,0.717966,0.546516,0.592018,1.1412,0.385892,0,0.2424,2.09638,0.0139786,0.254461,1.03474,1.43435
,54.334693877,1.36183,0.651842,1.20244,1.08312,0.145188,0,0.535308,0.829347,0,0.0151797,0.247664,0.191387,0.661328,0.653284,0.460657,0.892741,0.388252,0,1.4959,1.5437,0.00565343,0.00357368,1.21076,0.834402
,54.381133786,1.58087,0.437114,0.734557,0.993038,0,0.121671,0.758151,0.32438,0.0993107,0.240707,0.0743776,0.312872,0.771383,0.932104,0.35463,1.12551,0.240413,0.0455274,2.09178,1.11064,0.025878,0.0614294,1.35195,0.410931
,54.427573696,1.49314,0.534156,0.163197,0.707073,0,0.0157776,0.756699,0.599115,0.229542,0.397117,0.0200275,0.392657,1.10922,1.35566,0.140115,1.26958,0.00793057,0.00330202,2.52066,1.08541,0.0547137,0.103666,1.22886,0.398279
,54.474013605,1.16972,0.571591,0,0.13761,0,0,0.90235,0.781698,0.438048,0.34557,0.0104016,0.432199,0.921773,1.26754,0,1.13613,0,0.0226307,2.49869,0.879994,0.100166,0.0813559,1.3383,0.496711
,54.520453514,1.18402,0.164456,0,0,0,0,1.32374,1.02039,0.252316,0,0,0.15688,0.958146,0.423281,0,1.39064,0.056735,0.0242852,2.30476,0.772338,0.124378,0,1.69599,0.330414
,54.566893424,0.590968,0.264348,0,0,0,0.102353,1.76524,0.924604,0,0,0,0.594431,0.499234,0.476475,0.0013346,1.79614,0.0236077,0.0643521,2.0452,0.795208,0,0,1.70448,0.457057
,54.613333333,0.110123,0.419362,0,0.169545,0,0.0373531,1.81918,0.616252,0,0,0,0.525908,0.0891149,0.608598,0.0931248,2.31809,0.0042771,0.0512313,2.01527,0.694197,0,0,1.54115,0.371856
,54.659773242,0,0.545942,0.014576,0.289695,0,0,1.81794,0.532619,0,0,0,0.0959349,0,0.888532,0.0163268,2.64554,0.00491515,0.269105,2.19994,0.6611,0,0,1.30433,0.0702203
,54.706213151,0.172255,0.38053,0.1271,0.489248,0,0,2.12925,0.38765,0,0,0,0,0.139395,1.32895,0.161171,2.14985,0.0123542,0.850779,2.1676,0.192616,0.0190239,0,1.07231,0
,54.752653061,0.093883,0.29001,0.320234,0,0,0,2.55622,0.0305513,0,0.0889008,0,0.000535378,0.0759733,1.19943,0.464637,0.953964,0.0148219,1.12566,1.9766,0.0136323,0.0251648,0.312381,1.24936,0.0213602
,54.799092970,0.436721,0.856388,1.18896,0,0,0,2.55149,0,0.00786055,0.0591566,0.134861,0.0860676,0.117625,1.08039,0.35906,0.23532,0.0135812,0.789137,2.13158,0,0.0699886,0.451706,1.50369,0.0220597
,54.845532879,0.181735,0.644425,1.48738,0,0,0.0168485,1.96665,0,0.0735096,0.30405,0.200544,0.666381,0.0489478,0.812393,0.449183,0.0507146,0.00677268,0.670247,2.0799,0.000509109,0.438507,0.409195,1.70974,0.170798
,54.891972789,0.546003,0.718254,1.40324,0.216261,0,0,1.75996,0.0404827,0.0730056,0.0438767,0.171784,0.613599,0.147059,0.680577,0.423774,1.22331,0.00512506,1.03621,1.94687,0.0148575,0.464186,0.500549,1.5567,0.15727
,54.938412698,0.76193,0.486657,1.02601,0.432673,0,0,1.89603,0,0.101579,0.0677672,0.0973952,0.50959,0.205215,0.476855,0.309852,1.83805,0.107478,0.949386,1.38661,0.176296,0.570513,0.692833,1.53152,0.130612
,54.984852607,0.954739,0.17406,0.419397,0.41852,0,0,1.89944,0,0.0658699,0.103819,0.0989961,0.308674,0.257146,0.300478,0.126656,1.87539,1.38322,0.191918,1.49093,0.324301,0.626814,0.937503,1.4446,0.189266
,55.031292517,1.40005,0,0,0.0227487,0,0,2.14376,0.15631,0.140031,0.213491,0.157559,0.0767482,0.409569,0.362554,0,1.68857,1.67947,0.00198766,1.68209,0.184556,0.333436,1.03641,1.38426,0.117159
,55.077732426,0.700511,0,0.0534846,0,0,0,2.21349,0.05852,0,0.0898241,0.0133098,0,0.669334,0.423434,0.393083,1.5263,1.76659,0,1.88198,0.117977,0.213893,0.80649,1.5134,0.102409
,55.124172335,0.604497,0,0.275525,0,0,0,2.19078,0.233773,0.0119572,0.0274002,0.0145825,0,0.713705,0.358306,1.78836,0.664978,1.27633,0,2.19292,0.26666,0.22677,0.246851,1.73654,0.0442176
,55.170612244,0.0210149,0.216412,0.123299,0.158341,0,0.0827584,2.2069,0.228757,0.0248909,0.00278636,0.0581383,0,0.327984,0.3969,1.92869,0.506706,0.02609,0.170956,2.33424,0.319172,0.189235,0.0259193,2.12698,0
,55.217052154,0.0321622,0.325726,0.0563357,0.32242,0,0.0960131,2.27101,0.0965271,0,0,0.0877488,0,0.359598,0.30765,1.72776,1.08234,0,0.290993,2.52139,0.1902,0.00692866,0,2.22674,0
,55.263492063,0.0429738,0.384067,0.0453562,0.400666,0,0.0631825,2.27506,0.0396221,0,0,0.0874041,0,0.397803,0.381499,0.869007,1.99652,0,0.161563,2.83623,0.218198,0.00941129,0,2.13553,0
,55.309931972,0.0440648,0.350685,0,0.46328,0,0.0533629,2.24945,0.0597961,0,0.00295983,0.0776229,0,0.220331,0.331223,0.677827,2.42881,0.0321784,0.0599147,2.74991,0.106331,0.0938357,0.0270843,1.8599,0
,55.356371882,0.00354735,0.296408,0.229437,0.50127,0,0.00571884,2.08966,0.151668,0,0,0.310506,0,0.174803,0.366609,0.668314,2.50185,0,0.0446024,2.37367,0.114136,0.00734457,0.00093978,1.86545,0
,55.402811791,0.0570511,0.624823,0.747509,0.679122,0,0,0.855776,0.825759,0,0,0.848569,0,0.226236,0.511679,0.277091,2.60516,0,0.0467051,1.58764,0.409102,0,0.334232,2.15729,0.00912864
,55.449251700,0.318919,0.51461,0.433446,0.839439,0.334629,0.245221,0.0713041,1.20465,0,0,0.82302,0.0166216,0.273602,0.400255,0.130899,2.92042,0.115863,0.583566,0.781669,0.56371,0,0.773791,2.32063,0.0172684
,55.495691609,0.965313,0.111978,0.213702,0.634012,0.414625,0.636216,0.146834,0.821126,0,0,0.369664,0.324321,0.393167,0.0886664,0.678507,2.94675,0.143561,1.24818,0.539472,0.364165,0.000340917,0.970975,1.95057,0.0892206
,55.542131519,1.55437,0,0.198909,0.506016,0.686357,0.827234,0.391956,0.0485644,0,0,0.166662,0.322816,0.83345,0,1.23899,2.76738,0.237646,1.69863,0.706885,0.020275,0,1.16137,1.17688,0.08274
,55.588571428,1.27646,0,0.397933,0.0469499,0.104469,2.31708,0.140592,0,0,0,0,0.370987,0.970369,0,1.33453,2.09821,0.0361716,1.80158,0.583899,0.0139958,0,1.29046,0.663668,0.0950866
,55.635011337,0.817294,0.0395779,0.164696,0,0,2.34964,0.0800737,0.19772,0.0404608,0.383037,0.0631564,0.270604,1.01049,0.0112579,1.01433,1.92774,0,1.97911,0.601505,0.0591807,0.0108515,1.63799,0.612619,0.0693577
,55.681451247,0,0.19505,0.0388343,0,0,2.34573,0.188602,0,0.0429597,0,0.334827,0,0.481765,0.184286,1.14586,2.03372,0,2.50896,0.413965,0.0068767,0.251253,1.36509,1.2103,0
,55.727891156,0,0.00933022,0,0,0,2.42817,0.177692,0,0.0684458,0,0.171872,0,0.25837,0.251708,1.79051,1.48202,0,3.04158,0.230891,0.00342868,0.452351,1.11801,1.80414,0.0336277
,55.774331065,0.371595,0,0.0950484,0,0,2.31828,0.1959,0,0.0581111,0.0151091,0,0,0.322822,0.282198,1.8518,1.14805,0.0110321,3.29004,0.179455,0.000780291,0.423222,0.77336,2.25166,0.0547342
,55.820770975,0.448777,0.0526698,0.184279,0.0281513,0,2.33055,0.176848,0,0.0387306,0.00340682,0,0,0.363166,0.255345,1.76214,0.865326,0.0223856,3.3357,0.13335,0,0.221296,0.416606,2.78871,0
,55.867210884,0.523155,0.222576,0.176293,0,0,2.62743,0.0159308,0,0.0194557,0.00254779,0,0,0.425828,0.232652,1.62169,1.07093,0.0274379,3.40354,0.0156904,0,0.112273,0.124511,2.81464,0
,55.913650793,0.516032,0,0,0,0,2.80314,0.0297556,0,0.0868771,0.220563,0,0,0.631444,0.00753678,1.30964,1.09202,0.0265015,3.34499,0.0381251,0,0.490987,0.511753,2.70665,0
,55.960090702,0.785275,0.48711,0.106451,0,0,2.1879,0.0734494,0,0.0926058,0.249655,0.304422,0.0854289,0.783652,0.138558,1.7674,0.289751,0.0145971,3.14647,0.169431,0.0101968,0.526025,0.525626,2.73491,0.0219471
,56.006530612,0.930977,0.973329,0.390175,0,0,1.43448,0.36986,0,0.0651953,0.239781,0.769518,0,0.751921,0.276863,2.49477,0.00311835,0,2.69498,0.457165,0.0160848,0.389933,0.237218,2.94661,6.81064e-05
,56.052970521,0.777299,0.830891,0.599174,0,0,0.897292,0.641464,0,0.0860184,0.187415,1.15036,0.284882,0.391941,0.236346,2.90844,0.00167372,0,2.60832,0.797172,0.0122818,0.491014,0.190943,2.99883,0.0730719
,56.099410430,0.31239,0.474586,0.740315,0.0279309,0,0.525392,0.662029,0.03762,0.114293,0.149208,1.51639,0.545134,0.127926,0.134996,3.08679,0.00900522,0,2.34666,0.91491,0.0119979,0.647877,0.1629,2.97497,0.437774
,56.145850340,0,0,0.618487,0.0532059,0,0.461128,0.494014,0.271707,0.131273,0.0310014,1.78586,0.477517,0.0165628,0,2.83215,0.0171542,0.0863258,1.85987,0.740598,0.120115,0.795553,0.113041,3.04324,1.00165
,56.192290249,0,0.120095,0,0.142003,0.316042,0.535257,0.0806086,0.214096,0.0264039,0.0201027,2.02061,0.357668,0,0.115191,2.42514,0.0457834,0.190381,1.79082,0.30702,0.0955313,0.332126,0.588721,3.07097,0.895235
,56.238730158,0,0.196511,0,0,0.369393,0.847163,0,0.431025,0,0.126643,2.03732,0.256498,0,0.793904,1.33763,0,0.163797,1.921,0.089634,0.192327,0.10973,0.931036,3.05041,0.488813
,56.285170068,0,0.395573,0,0.0423073,0,0.720057,0,0.454743,0.00138055,0.0641037,2.08797,0.275535,0,1.48333,0.717669,0.0738434,0,2.01197,0.099452,0.20291,0.00900047,0.921843,2.72193,0.0950782
,56.331609977,0,0.156324,0,0.250171,0.107666,0.12676,0,0.454076,0.0572075,0.111079,2.11813,0.2644,0,1.60378,0.695116,0.0973608,0.180084,1.90307,0.101102,0.202612,0.322857,1.01126,2.1657,0.0760788
,56.378049886,0,0,0.273609,0.494783,0.272253,0,0,0.16536,0.0658583,0.148125,2.01732,0.221699,0,1.81648,0.94958,0.255658,0.446536,1.77882,0.0920138,0.0737852,0.372569,0.891181,1.7256,0.0641995
,56.424489795,0,0,0.678378,0.479949,0.132467,0.260416,0,0.00513764,0.0218919,0.0995298,1.95476,0.233388,0,2.10364,1.38046,0.587721,0.181969,1.11238,0.0583968,0.0854419,0.125609,0.812473,1.7028,0.0626663
,56.470929705,0,0,0.803586,0.296175,0.0856468,0.119868,0,0,0,0.101476,1.83434,0.254446,0,1.79783,1.44541,1.57078,0.0296546,0.480321,0.000204762,0.485828,0,0.843777,1.55391,0.0652165
,56.517369614,0,0.486914,0.701865,0.336978,0.651128,0.151221,0,0.02194,0,0,1.78049,0.231896,0,0.876113,1.09932,2.03988,0.225449,0.203242,0,0.682927,0,0.847422,1.47173,0.0594366
,56.563809523,0,0.703708,1.02342,0.583927,0.829336,0,0,0.128188,0,0.000583259,1.46548,0.382739,0,1.05777,1.55684,1.85759,0.287152,0.102011,0.101563,1.04712,0.442535,0.712917,1.32035,0.0980989
,56.610249433,0.0980169,0.347202,1.37109,0.801337,0.612809,0.0128791,0,0.148211,0,0.179618,1.05165,0.782646,0.0793186,0.711323,2.48419,1.35658,0.212181,0.487547,0.159029,0.872187,1.36706,0.416902,1.32123,0.200598
,56.656689342,0.361503,0.14002,1.38572,0.892661,0.34073,0.0564941,0,0.108251,0.166581,0.180323,0.795388,0.735776,0.217469,0.472654,2.83018,1.04171,0.117975,0.583625,0.121285,0.457978,2.2354,0.0460823,1.15577,0.188585
,56.703129251,0.598314,0.0754191,1.01471,1.06318,0,0.0160763,0,0,0.939594,0.312774,0.323599,0.508728,0.330813,0.387712,2.79091,0.617457,0,0.406154,0.0525425,0.0453397,3.15691,0.216632,0.970165,0.130391
,56.749569160,0.457392,0,0.204667,1.28184,0,0,0,0.0366402,1.53264,0.456811,0,0.0127369,0.418393,0.314235,2.52185,0.747241,0,0.556592,0.120144,0.0697604,3.21805,0.3237,0.719273,0.00326455
,56.796009070,0,0.126105,0,0.943878,0,0,0,0.145337,1.67095,0.356597,0,0,0.378223,0.434188,2.4849,1.01051,0,0.664716,0.19845,0.134375,3.09345,0.245394,0.576862,0
,56.842448979,0.323115,0,0,0.656142,0,0,0,0.0533652,1.76574,0.274837,0,0,1.34579,0.316946,2.29303,1.05225,0.0525194,0.686087,0.142883,0.0682826,3.14207,0.13357,0.481997,0
,56.888888888,0.0800553,0.0883064,0,0.741624,0,0.149434,0,0.0245796,1.85335,0.253819,0,0.169136,2.13364,0.405848,1.53957,1.30855,0.326908,0.60571,0.00584485,0.144676,2.92932,0.269956,0.260439,0.118898
,56.935328798,0.0100536,0.320324,0.0917642,0.730951,0,0.2021,0,0.0189768,1.7906,0.255887,0,0.257745,2.42679,0.622621,1.00387,1.32233,0.398313,0.566893,0.00520639,0.437517,2.60733,0.268841,0.2701,0.181188
,56.981768707,0.00992674,0.552319,0.0734007,0.461941,0,0.158685,0,0.0290912,1.85139,0.21302,0,0.204291,2.63823,0.830768,0.480893,1.52852,0.456806,0.349927,0.0135174,0.485015,2.4454,0.196982,0.210489,0.143611
,57.028208616,0.0103508,0.760201,0.0399218,0.175394,0,0.0628315,0,0.0433667,1.98571,0.162906,0,0,2.62646,1.05008,0.272075,1.45666,0.512971,0.142838,0.0274456,0.447593,2.57721,0.334759,0.106098,0
,57.074648526,0.0850042,0.614294,0.280764,0.00223443,0.225349,0.0468545,0,0.0725916,2.00383,0.200434,0,0,2.55044,0.801885,0.368126,1.23523,0.56114,0.105487,0.0154242,0.416842,2.75139,0.620875,0.0911325,0
,57.121088435,0.00494131,0.40733,0.908381,0,0.203351,0.211227,0,0.0576375,1.72603,0.330505,0,0,2.14105,0.629828,0.492536,1.39238,0.463395,0.452492,0.211162,0.511763,2.25887,1.1331,0.0823834,0
,57.167528344,0.00389971,0.277279,1.41804,0,0.158046,0.265912,0.0126597,0.0118239,0.842303,0.247874,0,0.250591,1.85731,0.38495,0.76477,1.27027,0.263376,0.56492,0.449473,0.150652,2.1501,1.19722,0.0502822,0.135333
,57.213968253,0.0308918,0.408971,1.46671,0.321864,0,0.495631,0,0.00799871,0.692009,0.495988,0.150311,0.335845,1.4727,0.357752,1.02183,1.08971,0.079446,0.409912,0.59144,0.00176069,2.18026,1.47169,0.108916,0.201183
,57.260408163,0.199744,0.390036,1.15128,0.761163,0,0.505552,0,0,0.747674,0.577926,0,0.252146,1.41942,0.353155,1.12522,0.941039,0.0339437,0.304032,0.73724,0.103601,2.11195,1.69888,0.0454289,0.177278
,57.306848072,0.294291,0.219675,0.585204,1.19812,0,0.203378,0,0,1.05018,0.367067,0,0.0674979,1.76355,0.292527,2.05085,0.9515,0.0533711,0.148485,0.699139,0.0820862,2.21577,1.56849,0.132723,0.0474492
,57.353287981,0.412155,0.0398723,0.183235,1.13222,0,0,0,0,1.36681,0.293632,0,0,2.02835,0.15662,2.80458,0.944595,0.0572242,0.0138178,0.617334,0,2.37317,1.48433,0.127344,0
,57.399727891,0.334289,0,0.159766,0.50167,0,0,0,0.0119738,1.33524,0.289428,0,0,2.17636,0.0551286,3.01336,1.0878,0.056844,0,0.535333,0.00263568,2.22359,1.41079,0.0743031,2.08538e-05
,57.446167800,0.181287,0.0480167,0.248009,0.543321,0,0,0,0.0204502,1.609,0.29788,0,0,2.31227,0.0460377,2.69086,1.06136,0.478782,0,0.206158,0.393152,2.35566,1.03183,0.0936977,0
,57.492607709,0.0636534,0,0.245525,0.611521,0,0.0508303,0,0.0331724,1.88723,0.207371,0,0,2.36089,0.0220059,2.29672,1.06048,0.660253,0.0190199,0.0209581,0.572669,2.43032,0.653311,0.152833,0
,57.539047619,0.00607869,0.317767,0,0.797458,0,0,0,0.0632495,2.0902,0.205468,0,0,2.55409,0.300132,1.76843,1.10029,0.66614,0,0.0489071,0.654156,2.28083,0.655264,0.18631,0
,57.585487528,0.0049844,0.410064,0,0.710948,0,0,0.00979622,0.0937569,1.77989,0.227031,0,0,2.3187,0.387307,1.90709,0.263293,0.691517,0,0.266587,0.593005,2.00517,0.716995,0.0865922,0
,57.631927437,0.00635154,0.264114,0,0.665861,0.0255336,0,0,0.18841,1.56526,0.23995,0,0,2.12394,0.249457,1.78068,0.214681,0.531699,0,0.431523,0.533112,2.03894,0.699858,0.0547727,0
,57.678367346,0.0203223,0.177605,0.165906,0.492451,0.418182,0,0,0.0484154,1.58445,0.197605,0,0,1.79431,0.167749,2.01243,0.158772,0.252823,0,0.453665,0.475866,2.01961,0.565683,0.0248994,0.0156587
,57.724807256,0.0329628,0.852213,0.701348,0,1.12901,0,0,0,1.46649,0.455931,0,0,1.60477,0.51713,2.18196,0,0.499753,0.0486761,0.443088,0.596497,1.48258,0.576985,0.00953576,0.000103122
,57.771247165,0.211444,1.08334,0.872121,0.195444,0.52664,0.200772,0.0228379,0.0859625,0.544027,0.848432,0,0,1.31876,0.345117,1.7192,0.434139,0.253904,0.225503,0.428459,1.19851,0.88899,0.694692,0.00366857,7.69047e-05
,57.817687074,0.761236,0.968724,0.661703,0.540873,0.191777,0.12288,0.127573,0.351369,0.0617839,0.503854,0.585807,0,1.61196,0.401514,1.11564,1.09452,0.270942,0.24153,0.157153,1.76958,0.370362,0.958989,0.148515,0.194733
,57.864126984,0.687117,0.388237,0.462693,0.742134,0.291366,0.0945599,0.456322,0.342476,0.146803,0,0.419545,0.162143,1.51307,0.280602,1.1449,1.53079,0.341053,0.031093,0.20588,2.51686,0.0731811,0.780664,0.19762,0.473097
,57.910566893,0.820339,0.0674019,0.488328,0.618507,0.129053,0.0702812,0.00928151,1.53172,0.109683,0,0.048841,0.374669,0.748316,0.0799691,1.35944,1.74814,0.109786,0.0147088,0.137091,2.86153,0.0944649,0.895364,0.118342,0.730779
,57.957006802,0.784404,0,0.812952,0.27498,0,0,0.0621428,1.49034,0.479751,0,0,0.0979839,0.34652,0.0227935,2.3491,1.26806,0,0,0.288189,2.67248,0.383134,0.893662,0.0751007,0.814002
,58.003446712,0.272809,0,0.944759,0,0,0.184682,0.0828325,1.03452,0.547903,0,0,0.0357614,0.0734773,0.0306713,3.23175,0,0,0.396051,0.287029,2.5972,1.04132,0.517367,0.0424545,1.23781
,58.049886621,0.111088,0,0.932051,0,0,0.204477,0.0919461,1.44179,0.405892,0,0,0.0370508,0.0299201,0,2.97621,0.0804321,0,0.443207,0.794901,2.55165,0.908073,0.288833,0.0461916,1.63818
,58.096326530,0.118058,0,0.847526,0,0,0.178956,0.0944514,1.76824,0.277539,0,0,0,0.0317973,0,2.41863,0.205956,0,0.392898,1.10503,2.63273,0.333892,0.22658,0.0199378,1.77703
,58.142766439,0.0931312,0,0.81981,0,0.00823776,0.127151,0.0824831,1.94362,0.2253,0,0,0,0.0349104,0,2.17074,0.489625,0.0137786,0.285315,1.27805,2.74227,0.0511782,0.182009,0,1.81503
,58.189206349,0.410754,0,0.955917,0,0,0.0114896,0.0806024,1.96387,0.242718,0,0,0.0225071,0.314678,0,2.28662,0.483883,0,0.0389023,1.28312,2.74048,0.055135,0.0529588,0,2.11919
,58.235646258,0.205541,0,0.954929,0,0.0821044,0,0.087432,1.89358,0.23832,0.00294821,0,0.0497391,0.164466,0.061084,2.24953,0.170732,0.0532457,0.010755,0.908593,3.02305,0.0543541,0.0670146,0.0338163,2.51807
,58.282086167,0.365546,0.101748,0.774605,0,0.948038,0,0.0541078,1.45763,0.32902,0.0528248,0,0.150569,0.108332,0.0356044,1.87592,0.45881,0.48011,0.00433585,1.06091,2.57704,0.363398,0.977482,0,1.89653
,58.328526077,0.445446,0.628168,1.09317,0.130893,1.08089,0,0.0107465,1.02831,0.343243,0.0317452,0,0.160986,0.119975,0.178682,2.3597,0.317299,0.657692,0,1.30109,2.18463,0.393639,1.19493,0,1.15533
,58.374965986,0.472371,0.795004,1.00979,0.363398,0.663884,0,0,0.950517,0.319711,0.0311968,0,0.0515618,0.127227,0.226138,2.66147,0.195825,0.674019,0,1.27553,1.97973,0.510287,1.2753,0,1.05058
,58.421405895,0.592813,0.802226,0.907688,0.594367,0.367751,0,0,0.926632,0.138929,0.0384693,0,0.0272741,0.159666,0.228193,2.94544,0.240034,0.576232,0,1.26407,1.94513,0.558504,1.33823,0,1.11725
,58.467845804,0.719166,0.553118,1.00316,0.673865,0.286319,0,0,0.945783,0.0931602,0.0744327,0,0.0394862,0.198124,0.157334,3.2332,0.267726,0.426028,0,1.33016,1.91837,0.531731,1.64505,0,1.04269
,58.514285714,0.779933,0.162462,0.99092,0.580111,0.214214,0,0.0738752,1.13426,0.0552992,0.105963,0,0.00535539,0.224927,0.0462123,3.20372,0.238184,0.234754,0,1.30184,2.06018,0.318022,1.94404,0,0.994774
,58.560725623,0.613788,0,0.912434,0,0,0,0.0873673,1.28182,0.216101,0.0973522,0,0.00912949,0.174851,0,3.14136,0.0276874,0,0,1.1445,2.35989,0.0557168,1.87341,0,1.23916
,58.607165532,0.269374,0,1.1398,0,0.0545426,0,0.0723872,1.42818,0.304481,0.0456223,0,0.0250941,0.0807526,0.0422761,3.09781,0.0507202,0.0912288,0,0.950345,2.57411,0.234359,1.41513,0,1.53945
,58.653605442,0.0881338,0,1.37181,0,0.0265054,0,0.0708615,1.48818,0.328054,0,0,0.0344838,0.0253649,0.0605829,2.80605,0.148354,0.0443333,0.000796366,1.2972,2.5345,0.390381,1.03171,0,1.7633
,58.700045351,0.0266275,0.185149,1.07474,0,0,0,0.0654873,1.79929,0.28245,0,0,0.0366114,0.00717177,0.116466,2.44022,0.436725,0,0.00272126,1.29301,2.63773,0.216763,0.889805,0,2.005
,58.746485260,0,0.506822,0.90786,0,0,0,0.0523269,1.80746,0.261376,0,0,0.0396178,0,0.144165,2.39348,0.45252,0,0.00347231,1.20427,2.27031,0.761902,0.521093,0.0340997,2.06422
,58.792925170,0,0.433377,0.704968,0,0.113835,0.0231803,0.05757,1.58291,0.414456,0,0,0.0343965,0,0.123274,2.4905,0.335975,0.190402,0.0493348,1.07956,1.89921,1.34413,0.279088,0.0615578,1.88597
,58.839365079,0.00021409,0.151494,1.02297,0,0.470982,0.0302865,0.0641116,1.33271,0.518152,0,0,0.022067,0.000173249,0.0430925,2.39927,0.253892,0.787771,0.0643423,1.21011,1.91172,1.3711,0.197156,0.0304283,1.50258
,58.885804988,0.447895,0.595802,0.968772,0.0720778,0.830196,0,0.0488065,1.38504,0.52289,0,0.0453767,0.22393,0.383046,0.47421,1.59154,0.300553,1.62018,0.00961943,0.550168,2.16572,0.956419,0.230785,0.102201,0.980678
,58.932244897,1.04545,0.745527,0.677294,0.0647457,0.931097,0,0.0394077,1.38232,0.469282,0,0.0304335,0.25038,1.56021,0.631603,0.281026,0.765781,1.84001,0.118783,0.0147583,2.02109,0.1066,0.238671,0.421557,0.524037
,58.978684807,1.56423,0.663849,0.595248,0,0.799159,0,0.391037,1.01885,0.462613,0.0991543,0.00786287,0,1.97278,0.546565,0.179762,0.927043,1.57467,0.142044,0.171327,1.79095,0.105085,0.111669,0.751518,0.19431
,59.025124716,1.97569,0.800044,0.298562,0,0.596965,0.0565259,0.462203,0.56039,0.388312,0.403753,0.021979,0,2.19102,0.578667,0.247993,0.983071,1.01455,0.317739,0.228926,1.43299,0.0882073,0.526461,1.12058,0.194775
,59.071564625,2.14635,0.701757,0,0,0.460316,0.0293434,0.197771,0.597284,0.359489,0.365797,0.264214,0,2.0721,0.505174,1.14355,0.586219,0.769932,0.264918,0.161603,1.36088,0.0963968,0.699471,1.16942,0.0679025
,59.118004535,2.13759,0.296347,0,0,0.450276,0.0308515,0,0.693651,0.558818,0,0.0628355,0.0252441,1.83691,0.113673,1.96184,0.457068,0.754662,0.124635,0.21704,1.42289,0.275465,0.703724,1.26318,0.00647024
,59.164444444,2.33001,0.0817552,0,0,0.265347,0,0,0.69928,0.781192,0,0.0300044,0.0505895,1.47306,0.0232552,2.54501,0.275871,0.459442,0.0675423,0.319781,1.54138,0.385083,0.814404,1.35824,0.0129664
,59.210884353,2.42103,0.0636498,0,0.0233899,0.345755,0.0645184,0.0193566,0.399686,0.768877,0,0.0405486,0.0281118,1.32597,0.0181051,2.78633,0.281944,0.619556,0.335161,0.350792,1.66217,0.379013,0.893573,1.4099,0.00720525
,59.257324263,2.36126,0,0,0,0.386377,0.213509,0,0.333015,0.887021,0,0.0426878,0.0257336,1.1911,0,2.8056,0.381848,0.726357,0.513358,0.276845,1.72204,0.437251,0.811139,1.75134,0.0065957
,59.303764172,1.15852,0.667278,0,0,0.376148,0.50584,0,0.377906,0.869382,0,0.0419312,0.102468,0.737589,0.578562,2.5841,0.4995,0.753245,0.528947,0.255237,2.03459,0.428556,0.427829,2.17647,0.0262632
,59.350204081,1.0506,0.84039,0,0,0.305598,0.673716,0,0.390017,0.792427,0,0.0420173,0.345968,0.456696,0.704381,2.13499,0.427521,0.647603,0.401633,0.214031,2.06747,0.391851,0.385137,1.86543,0.186306
,59.396643990,1.0622,0.873086,0,0,0.209082,0.541419,0,0.441055,0.683,0,0.125007,0.395172,0.455483,0.788057,1.74258,0.26208,0.462069,0.246526,0.00126909,2.14758,0.343719,0.366963,1.53519,0.25342
,59.443083900,1.24527,0.51704,0,0.0220769,0.0897916,0.113122,0.0310137,0.58445,0.594568,0.0558075,0.373067,0.241601,0.810699,0.361354,1.35683,0.132696,0.200345,0.0423285,0.155363,1.90079,0.303909,0.725008,1.36828,0.488744
,59.489523809,1.80959,0.849354,0.457842,0.15257,0,0.074123,0,0.112233,0.23552,0.661799,0.0924522,0.0818134,1.3312,0.482607,1.34015,0.275298,0.189619,0.0277357,0.778706,0.823216,0.340749,1.34837,0.723382,0.513847
,59.535963718,1.17986,0.974888,1.18989,0.128889,0,0.0120633,0,0,0.0745968,1.20122,0.259783,0.218024,1.37692,0.768351,1.08254,0.327843,0.14709,0.0341952,1.14397,0.43927,0.432187,1.63505,0.0810925,0.561646
,59.582403628,0.418621,0.809499,1.72049,0.124649,0,0,0,0,0.0975163,1.03712,0.406947,0.138633,0.821116,0.920694,1.34235,0.804326,0.0786488,0.314028,1.22733,0.62199,0.558797,1.54691,0.0997351,0.357419
,59.628843537,0.37606,0.688522,2.31522,0.0852237,0,0,0.140111,0,0.0877318,0.88468,0.496239,0.0276918,0.57653,0.732843,2.19989,0.188843,0.0306522,0.984213,1.30622,0.0721486,0.492741,1.42248,0.778879,0.00709762
,59.675283446,0.202026,0.452359,2.59441,0,0,0,0.324537,0.0332935,0.161833,0.656301,0.315113,0.0352377,1.04232,0.128673,2.26959,0,0.00437854,1.14316,1.25495,0.0626447,0.131853,1.33145,0.552155,0.00903167
,59.721723356,0.206358,0.144007,2.89253,0,0,0,0.0196097,0.229085,0.411278,0.105603,0.100467,0.0911874,1.36606,0.0409627,2.17147,0.00632829,0,1.46698,1.08966,0.147848,0.0934244,1.08902,0.443969,0.023372
,59.768163265,0.341622,0.48874,2.73149,0.0106077,0,0,0,0.198937,0,0.102407,0,0.0124601,1.42682,0.210877,2.22974,0.0258178,0,1.93069,0.926678,0.13175,0.000460113,1.01035,0.562387,0.00875907
,59.814603174,0.607048,1.0981,1.75383,0.0827191,0,0,0,0.172301,0.0650023,0.122966,0,0,1.60583,0.669593,1.86739,0.0549959,0,1.93898,0.509802,0.113633,0.0492621,1.17728,0.869339,0
,59.861043083,0.667054,0.986561,1.6032,0.153847,0,0,0,0.247957,0.1015,0.133983,0,0,1.66981,0.65352,1.87224,0.0798465,0,1.96409,0.0249602,0.356562,0.0745249,1.30027,0.879133,0
,59.907482993,0.988874,0.943998,1.59733,0.141702,0,0,0,0.868796,0,0.143143,0.175716,0,1.91928,0.691953,1.90651,0.213607,0,1.92801,0.0615579,0.420326,0.0289119,1.41047,0.933562,0
,59.953922902,1.38599,0.734958,1.62391,0.132874,0.186672,0,0,1.17233,0,0.123486,0.144717,0,2.11208,0.529439,1.72419,0.182428,0.313781,2.16761,0.301485,0.566276,0.0183029,1.46762,0.776818,2.26187e-05
,60.000362811,1.08221,0.0046464,1.68505,0.72496,0.0821233,0,0,1.43911,0,0.30137,0,0,1.91083,0.00132167,1.36569,0.631672,0.137361,1.96864,0.512997,0.669185,0.00375551,1.69086,0.439793,0
,60.046802721,0.346052,0,1.59835,1.34341,0,0,0,1.29547,0,0.446017,0.253072,0.0197766,1.08855,0,1.03744,1.60644,0,1.77249,1.08527,0.675681,0.0111939,1.66548,0.888463,0.0139024
,60.093242630,0,0,1.2421,1.44025,0,0,0,0.713697,0.231268,0.393217,0.495234,0.19533,0.331148,0.0606507,0.781903,1.60095,0.000506565,1.39003,1.72911,0.398898,0.0623685,1.32842,1.64328,0.0500754
,60.139682539,0.0745394,0,0.866622,1.83182,0,0,0,0.313541,0.0448531,0.207625,0.239562,0.321798,0.0200762,0.276921,0.71358,1.5067,0,1.30496,1.85729,0.464382,0.015786,0.860479,1.67842,0.0880542
,60.186122448,0.106036,0,0.854997,1.81416,0,0,0.0029627,0.10249,0.0317318,0.0747837,0.281334,0.417268,0.0285593,0.896169,0.677677,1.72167,0,1.19407,1.44204,0.687187,0.0091683,0.107047,2.22806,0.106949
,60.232562358,0.0925284,0,0.739023,1.70783,0,0,0,0.13871,0.234459,0.191231,0.209547,0.776806,0.0249213,1.10244,0.893927,1.74033,0,1.26386,0.942376,0.573573,0.52356,0.24849,2.26319,0.329517
,60.279002267,5.74988e-05,0.10967,0.265426,2.13742,0,0,0,0.172161,0.565278,0.350718,0.0260889,1.12731,0.0112243,0.882927,0.61691,1.61402,0,1.25157,0.861632,0.573767,1.09413,0.456873,2.04793,0.584193
,60.325442176,0.0758964,0.154424,0.0412923,2.51686,0,0,0.203416,0,0.528279,0.160749,0.244206,1.11954,0.0790023,0.412553,0.383652,1.47422,0,1.43368,1.28995,0.550905,1.2491,0.373539,1.77073,0.522983
,60.371882086,2.77414e-05,0,0.0101333,2.51453,0.0409579,0,0.315921,0.204417,0.607949,0.248254,0.00649848,0.664622,0.00541536,0.019734,0.458234,1.70435,0.320836,1.31348,1.45016,0.536895,1.21472,0.187483,1.56691,0.467211
,60.418321995,0,0,0.129326,2.47509,0.164924,0,0.282107,0.209777,0.36293,0.014843,1.12264,0.00164535,0,0,0.657282,2.0625,0.192267,0.846445,1.56164,0.452817,0.815507,0.0945127,2.10924,0.649005
,60.464761904,8.04605e-05,0,0.205729,2.54581,0.148372,0,0.112244,0.0216862,0,0,1.6047,0,0.100884,0,0.699144,2.38919,0.0513728,0.990952,1.19795,0.428869,0.050536,0.0264357,2.32063,0.742265
,60.511201814,0.000134138,0,0.187879,2.51445,0.114533,0,0,0,0,0.0469968,1.51878,0,0.0397535,0,0.692904,2.35372,0.0396562,1.42104,0.707812,0.580941,0,0.0258171,2.12448,0.517007
,60.557641723,0,0,0.0868235,2.59577,0.0896899,0,0,0,0,0.0635244,1.56109,0,0,0,0.434492,2.27517,0.245378,1.29473,0.355732,0.494953,0.000145098,0.136497,2.10674,0.114152
,60.604081632,0,0,0.0989925,2.63747,0.0474935,0,0,0,0.179663,0.0923212,1.69028,0,0,0.0258401,0.343249,2.37828,0.271881,0.966912,0.163958,0.370975,0.42976,0.533415,2.01006,0.105503
,60.650521541,0,0,0.142122,2.70967,0,0,0,0.0125242,0.720699,0.201412,0.656358,0.0721538,0,0,0.190137,2.47928,0.23049,1.06199,0.0659155,0.774704,0.683315,0.913071,1.40974,0.0266664
,60.696961451,0.105833,0,0.477744,2.54953,0,0,0,0,1.10793,0.309227,0,0.191306,0.479321,0,0.235074,2.55981,0.119066,1.11132,0.00651565,1.05167,0.758913,0.780024,0.948903,0.123654
,60.743401360,0.140761,0,0.906861,2.21021,0,0,0,0.0202926,1.04992,0.327759,0,0.194158,0.500415,0,0.348461,2.56421,0.0458429,1.021,0,1.11593,0.754995,0.699343,1.0586,0.1159
,60.789841269,0.245075,0.330554,1.45676,1.83818,0,0.0404081,0.00346642,0,0.575402,0.559552,0,0.121541,0.0660077,0.133648,0.544186,2.97494,0.0168777,0.944924,0.000742494,0.778955,0.587171,0.590986,1.39069,0.044663
,60.836281179,0.592857,0.603996,1.51922,1.07159,0.394152,0.253056,0.0137456,0,0.0596289,0.768583,0.177002,0,0.159678,1.19724,0.744652,2.70644,0.136472,0.394847,0.0137947,0.405545,0.336713,0.538971,1.17275,0.0528793
,60.882721088,0.668762,0.0154771,0.86799,0.744857,0.128172,0.511728,0.0779481,0.0429768,0.288086,0.256089,1.0932,0,0.390521,1.52745,0.527722,1.42099,0.0443786,0.192153,0.0537374,0.439839,0.90859,0.589297,1.03467,0.276906
,60.929160997,0.0716005,0,0.819328,1.66323,0.0537294,0.203518,0,0,0.249709,0.231785,0.740963,0,0.57862,1.32063,0.618307,0.975623,0.0898687,0.0761532,0.0386072,0.293482,1.68088,0.200598,0.580893,0.89775
,60.975600907,0.143265,0.0459645,0.596845,1.47737,0.0923916,0,0.10836,0,0.31707,0.17487,0.509019,0,0.854974,0.837557,0.55028,0.785921,0.0916534,0,0.0862816,0.493401,2.16004,0.0960624,0.316913,1.28333
,61.022040816,0.317033,0.295986,0.705242,1.15554,0.0964556,0,0.0500963,0,0.314876,0,0.589978,0.194497,1.91479,0.27956,0.305784,0.86187,0.145445,0,0.0739542,0.878581,1.98295,0,0.431064,1.29915
,61.068480725,0.645276,0.523621,0.688638,0.938566,0.204039,0.04837,0.178763,0,0.357858,0,0.0231083,0.399652,2.63854,0.494562,0.207966,0.888281,0.0706472,0.42457,0.106735,0.755555,1.45485,0.00276539,0.723467,0.573774
,61.114920634,0.838907,0.0465943,1.0042,0,0.95043,0.929536,0.214291,0.310422,0.126856,0,0.475198,0.353467,2.40579,0.0440084,0.303265,0.28807,0.57218,1.60517,0.0927662,1.258,0.383555,0.0019143,1.98431,0.090596
,61.161360544,1.2352,0.0174139,1.10669,0,1.14846,0.696017,0,1.22939,0.270761,0,0.381526,0.618304,1.66313,0.0164474,0.488279,0.083466,0.631676,1.7129,0.00368075,1.93013,0.389962,0.00128935,2.73417,0.158476
,61.207800453,1.067,0.131672,0.161828,0.984104,0.383066,0.541159,0,1.32065,0.111894,0.192495,0.180709,0.240275,0.296,0.0374541,1.01085,0.574187,0.646782,1.86488,0,2.12723,0.84014,0.0458095,2.53366,0.0615843
,61.254240362,0.843667,0.199375,0,1.01507,0.315783,0.20192,0,1.37716,0.203222,0.587281,0.144934,0.0458647,0.22723,0.056712,0.778212,2.21983,0.538964,1.60039,0,2.08065,1.10096,0.138261,1.83114,0.0117555
,61.300680272,0.832964,0.256559,0,0.887282,0.349172,0.216368,0.00241582,0.767558,0.690413,0.554773,0.079354,0,0.224348,0.072978,0.495767,2.49811,0.600154,0.983806,0.0327556,1.65133,2.16325,0.130608,1.38054,0
,61.347120181,0.862924,0.209359,0.035654,0.722951,0.300499,0.197672,0,0.0883833,1.46113,0.590426,0.105212,0,0.407247,0.059552,0.302039,2.40454,0.523248,0.607561,0.0515913,1.1289,2.78368,0.139395,1.57127,0
,61.393560090,1.06902,0.219132,0.145919,0.701397,0.0885049,0.148231,0,0,1.43577,0.629427,0.0242045,0.0123718,0.855554,0.0623318,0.386037,2.40956,0.169709,0.411823,0.0179826,0.913451,2.83896,0.148183,1.82903,0.00317098
,61.440000000,1.0499,0.398216,0,0.457148,0.110077,0.0351945,0,0.0117691,0.693164,0.429864,0,0.649639,0.866453,0.197672,0.588759,2.32837,0.0503981,0.92622,0,0.896757,2.32904,0.199743,1.87911,0.166512
,61.486439909,0.55428,0.0886448,0,0.158462,0,0,0.119289,1.19357,0.775529,0.239802,0,0.826309,0.461017,0.0837253,1.05177,1.50515,0.0295803,1.30786,0.0255512,1.02039,2.5333,0.073144,2.04877,0.211805
,61.532879818,0.485887,0.829572,0.117705,0.456048,0,0,0,1.71119,1.02044,0,0,0.206463,0.475655,0.235971,0.998098,1.50274,0.0251412,1.58203,0,0.915756,2.95019,0,1.80242,0.145138
,61.579319727,0.653904,0.0659795,0,0.0973498,0.114321,0,0,0.83827,1.91283,0,0.0382334,0.803633,0.298416,0.0187678,0.671016,1.58527,0.211013,1.66702,0,0.413455,3.52186,0,1.55383,0.205977
,61.625759637,0.604143,0,0.00474425,0.565548,0.369299,0,0,0.057655,2.34239,0,0.0100856,0.75194,0.286016,0,0.339902,1.73642,0.627031,1.62857,0,0.0797002,3.62411,0.0264005,1.55323,0.192728
,61.672199546,0.506011,0.00300958,0,0.36992,0.392651,0,0,0,2.43681,0,0,0,0.409481,0.00284255,0.309944,1.96758,0.659579,1.67496,0,0.0741738,3.46482,0.045849,1.56534,0
,61.718639455,0.572829,0.00873304,0,0.300558,0.267578,0,0,0,2.46789,0,0,0,0.484553,0.00824839,0.345662,1.90877,0.459255,1.75128,0,0.155987,3.14111,0,1.64932,0
,61.765079365,0.816569,0,0,0.16753,0.0385273,0.00176354,0,0.0414713,2.40577,0,0,0,0.729079,0,0.345877,1.84331,0.090913,1.6137,0,0.234612,2.71055,0,2.01408,0
,61.811519274,0.903515,0.0882414,0,0.0662227,0,0.129437,0,0.0483921,2.33045,0.230896,0,0,0.848145,0.0833443,0.245441,2.2347,0.0309865,1.46088,0.0337351,0.613067,1.74532,0.577528,2.16323,0.000338531
,61.857959183,0.756607,0.444309,0,0,0.0111012,0.168548,0,0,1.71426,0.116933,0,0,0.737465,0.419652,0.168738,2.83652,0.0441104,1.1121,0.07023,0.839517,1.10089,1.05158,2.01619,0.00563929
,61.904399092,0.706094,0.68423,0,0.00935971,0.0822056,0.100545,0,0,1.63038,0.123429,0.0318208,0,0.669611,0.646258,0.176601,2.98997,0.159057,0.666126,0.07365,0.73915,1.05516,1.1098,2.14243,0.0188163
,61.950839002,0.632233,0.838593,0,0.0132601,0.0653102,0.0134565,0,0,1.80092,0.128926,0.0315171,0,0.652653,0.792053,0.190442,2.95559,0.124147,0.468084,0.0767311,0.48173,1.17936,1.15949,2.151,0.0305904
,61.997278911,0.526668,0.718422,0,0,0,0,0,0,1.95488,0.118939,0.0370414,0,0.688026,0.678552,0.17987,2.85619,0.0166461,0.311343,0.0659496,0.277314,1.39207,1.09172,2.43008,0.0413353
,62.043718820,0.770341,0.071005,0,0,0.0687759,0,0,0,1.93676,0.275843,0.0464058,0,0.903318,0.0670644,0.164635,2.70692,0.134264,0.397653,0.0993467,0.124189,1.85739,0.864494,2.71906,0.0293736
,62.090158730,0.900224,0,0,0,0.133959,0,0,0,1.89267,0.0493368,0.0651214,0,1.03878,0,0.181003,2.58861,0.238638,0.497409,0.107529,0.0259564,2.3394,0.445338,2.71583,0.00940906
,62.136598639,1.10525,0,0,0,0.905657,0.0428183,0,0,1.93307,0.0221761,0.0647922,0,1.13832,0,0.212745,2.4927,0.443406,0.55047,0.0938182,0.0141499,2.65229,0.202733,2.49546,0
,62.183038548,1.50097,0,0,0.284668,0.862039,0,0,0,1.8402,0.0270963,0.42371,0.499244,1.10905,0,0.299178,2.38618,0.707113,0.677343,0.102954,0.00171406,2.84066,0.246595,1.94504,0.12796
,62.229478458,1.52568,0.00711127,0,0.377641,0.879467,0,0,0,2.08566,0.0239704,0.466095,0.369504,0.985088,0.00671662,0.269219,2.18399,0.775889,0.690497,0.100639,0,3.01839,0.218713,1.8022,0.0947064
,62.275918367,1.12796,0.0542739,0,0.825399,0.814568,0.0610919,0,0,2.23256,0,0,0,1.00929,0.0512619,0.804174,1.8964,0.799251,0.701031,0.132722,0,3.39113,0.191648,1.46247,0
,62.322358276,1.05784,0.125997,0,0.146489,0.435026,0,0,0,2.33676,0,0,0,0.971413,0.119005,1.39199,1.66239,0.751995,0.650231,0.0823509,0,3.21028,0.35577,1.44571,0.00451131
,62.368798185,0.893989,0.153042,0.0814399,0.307324,1.02589,0.0518545,0,0,2.23463,0,0,0.00600526,0.644016,0.0435328,1.73548,1.63933,0.720104,0.618925,0.0754166,0,2.96271,0.446998,1.36961,0.00262585
,62.415238095,0.676181,0.472801,0.358927,0.534446,1.38669,0.154223,0,0.615639,0.546055,0.0805745,0.0486342,0.0829813,0.706762,0.134488,1.5433,2.25226,0.520637,0.579434,0.15347,0.274704,2.33768,0.527078,1.27148,0.0212687
,62.461678004,0.683022,0.470293,0,1.07362,1.40864,0,0,0.427651,0.315353,0,0.125932,0.263846,0.529382,0.163286,1.25,2.5591,0.52493,0.398188,0.2117,0.293292,1.77227,0.491058,1.60717,0.0676257
,62.508117913,0.629742,0.323012,0,1.60676,0.815235,0.0275297,0.0937759,0.394832,0.244236,0,0.292224,0.396172,0.173103,0.273181,0.882276,2.81852,0.327357,0.294727,0.27097,0.560706,1.3739,0.405348,1.95182,0.101542
,62.554557823,0.558888,0.228842,0,1.81689,0.218957,0.0625056,0,0.317083,0.15985,0.00431621,0.412065,0.308102,0.150529,0.114222,0.388239,3.36345,0.129641,0.141202,0.159818,0.99748,1.0251,0.144609,2.23194,0.0789687
,62.600997732,0.558806,0.0468131,0,1.94507,0.0736363,0.0416662,0,0.295446,0.0864604,0,0.268683,0.191638,0.150507,0.0331713,0.157466,3.54505,0.0532985,0.245474,0.0490064,0.986565,1.10146,0.0474304,2.24525,0.0491182
,62.647437641,0.241619,0,0,2.26524,0.142019,0,0.0218375,0.25235,0.343687,0.135981,0.317076,0.00908331,0.0650769,0.0789597,0.147069,3.33109,0.0604924,0.421556,0.0314505,0.858201,1.13092,0.132388,2.31614,0.00232812
,62.693877551,0,0,0,2.48185,0.290566,0,0,0.123552,0.388439,0.0854867,0.100118,0,0,0.12472,0.160084,3.16127,0.116219,0.511693,0.0249867,0.827179,1.19921,0.15023,2.34905,0
,62.740317460,0,0,0,2.5182,0.28712,0,0,0.27676,0.5149,0,0.0770346,0,0,0.149145,0.397616,2.96545,0.157258,0.665768,0.0754107,0.964935,1.31478,0.164385,2.13993,0
,62.786757369,0,0,0,2.53935,0.238591,0,0,0.31854,0.546816,0,0.0345719,0,0,0.0962231,1.23754,2.62162,0.190365,0.817193,0.160656,1.06332,1.18992,0.0460433,1.80914,0
,62.833197278,0.0402996,0,0.0201825,2.527,0.163149,0,0.0160624,0.187882,0.401936,0.00966793,0.0262161,0,0.0326118,0.0313179,1.92992,2.4895,0.180102,0.753237,0.255357,1.13302,0.881619,0.130155,1.74439,0
,62.879637188,0.0855567,0,0.0522545,2.59046,0.137903,0,0.023179,0.170544,0.0583877,0.0103355,0.0456271,0,0.0692354,0,1.90244,2.83726,0.154179,0.601404,0.312044,1.14693,0.66364,0.135611,1.75796,0
,62.926077097,0.0651177,0,0.132562,2.60744,0.115821,0,0.0215107,0.0312787,0.0155012,0.0676511,0.0168366,0,0.0526955,0.020198,1.26777,3.39639,0.104657,0.781745,0.433873,1.09504,0.570682,0.627826,1.25729,0
,62.972517006,0.0371607,0,0.191133,2.49632,0.108513,0,0.0203183,0,0.225634,0.105084,0,0,0.0300717,0.245419,0.694856,3.67177,0.0601018,1.15266,0.358367,1.08348,0.472803,0.94351,0.863325,0
,63.018956916,0.00729754,0,0.223171,2.45804,0.0625389,0,0,0,0.063443,0.10606,0,0,0.00590542,0.339504,0.657114,3.41233,0.0216537,1.983,0.137194,0.940026,0.41637,0.95226,0.575508,0
,63.065396825,0.0578551,0,0.248897,2.37071,0.0225957,0,0,0,0.0884737,0.11276,0,0,0.0877217,0.252703,0.780706,2.4662,0.00782361,2.91378,0,0.900895,0.548558,1.01242,0.647573,0
,63.111836734,0.116578,0,0.265394,2.32182,0.0187717,0,0,0.0534623,0.101905,0.123597,0,0,0.234548,0.180919,0.815023,1.76023,0.00649958,3.31042,0,0.900537,0.607042,1.11095,0.858348,0
,63.158276643,0.143892,0,0.261301,2.32465,0.0147928,0,0,0,0.0980369,0.497299,0,0,0.246299,0.0437653,0.521096,1.94234,0.00512191,3.44869,0,0.727574,0.57426,1.17833,0.998702,0
,63.204716553,0.0133635,0,0.238614,2.27312,0.0333859,0,0,0,0.0808254,0.442179,0,0,0.127165,0,0.118019,2.28501,0.0115596,3.32224,0,0.699571,0.461271,1.35361,0.913018,0
,63.251156462,0,0,0.142906,2.36517,0.00808118,0,0,0,0.0863206,0.668944,0,0,0.0944057,0,0.590575,2.26393,0.00279805,3.23515,0,0.6292,0.485985,1.21504,0.761095,1.13181e-05
,63.297596371,0,0,0.0148497,2.57756,0.103909,0.0221348,0.00323294,0,0.165985,0.114296,0,0,0.0640648,0.0203958,1.52414,1.81232,0.037358,3.18948,0.00903,0.669751,0.618716,0.578624,0.891302,1.98728e-06
,63.344036281,0.148564,0,0.0690316,2.60019,0.146566,0.028032,0,0.0561977,0.152555,0.011831,0.0308639,0,0.151662,0,2.47914,1.40815,0.115547,2.60969,0,0.881688,0.371556,0.387389,1.51622,0
,63.390476190,0.34145,0.0228316,0.154451,2.56539,0.166318,0,0,0.134828,0,0.00539947,0.0627665,0,0.276313,0.0215645,2.73058,1.28129,0.139606,1.77828,0.100842,1.21118,0.0407818,0.381567,2.19582,0
,63.436916099,0.497616,0.0686867,0.17183,2.75803,0.17691,0,0,0.145146,0,0.00574516,0.0668091,0,0.402688,0.119534,2.29584,1.36611,0.0883522,1.26177,0.296945,1.11538,0,0.247368,2.87529,2.28104e-05
,63.483356009,0.63949,0.0618244,0.0623082,2.897,0.169897,0,0,0.0625863,0,0,0.292439,0,0.517497,0.221114,1.14571,1.68589,0.0670532,1.3651,0.355884,0.779745,0.000266569,0.0622292,2.97705,8.68838e-05
,63.529795918,0.695737,0.208537,0.0670813,2.91006,0.0770996,0,0,0.102596,0,0.312014,0.630186,0,0.563014,0.273384,0.52757,1.70746,0.0320266,2.10704,0.244013,0.667585,0.00127217,0.179113,2.9491,0.000113592
,63.576235827,0.489281,0.567141,0.242853,2.45636,0.0542023,0,0,0.156706,0,0.439682,0.73979,0,0.395942,0.543633,0.663818,1.48272,0.0216558,2.54915,0.0435861,0.798976,0.00263692,0.228754,3.04585,0.000118837
,63.622675736,0.39398,0.422478,0.378229,1.62747,0.111781,0.0645909,0.0316318,0.417544,0,0.576039,0.70026,0,0.318822,0.399032,1.03368,1.26423,0.0415879,2.69522,0.0067754,0.371839,0.00909418,0.318897,3.39486,0.0167427
,63.669115646,0.206462,0.199939,0.761198,1.54244,0.0571668,0.443366,0.0891529,0.0564831,0,0.434052,0.84877,0,0.200689,0.188843,1.53526,0.904312,0.0275058,3.01374,0.0190962,0.0584004,0.279727,0.143934,3.61127,0.0305129
,63.715555555,0.165211,0.34609,0.779433,1.39958,0.222371,0.510687,0,0.0679511,0,0.379116,1.17416,0,0.0649224,0.174573,1.57789,0.588503,0.0900551,3.0539,0,0.045083,0.130468,0.092252,3.77455,0.0243947
,63.761995464,0,0.71704,0.291141,1.1213,0.332881,0.593119,0,0.296971,0,0.290394,2.16346,0,0,0.269852,1.11446,0.364652,0.130679,2.81476,0,0.229093,0.00462308,0.10875,3.83071,0.071182
,63.808435374,0,0.327063,0.0879488,0.11804,0.00598308,0.545846,0.0416337,0.402765,0.165838,0.198057,2.26395,0.0378563,0.0553684,0.308912,0.644555,0.100838,0.0168751,2.55838,0.00891778,0.333135,0.0871325,0.0489983,4.08442,0.100628
,63.854875283,0,0.14898,0,0.26765,0.111473,0.564239,0,0.258803,0.0964278,0.0217717,2.26006,0.327135,0.106421,0.140712,0.405111,0.0862934,0.0456841,2.57038,0.0135967,0.256278,0.687692,0.042335,4.16014,0.127898
,63.901315192,0,0,0.0768659,0.553855,0.0648656,0.603678,0,0.0817212,0.0958967,0.0043508,2.15029,0.339248,0,0,0.575327,0.178569,0.0237357,2.67215,0,0.143324,1.58436,0.00102429,4.04323,0.08707
,63.947755102,0,0,0.252644,0.751288,0.143565,0.457927,0,0.182567,0.166091,0.0352613,1.91262,0.257936,0,0,0.802474,0.242224,0.079087,2.43548,0,0.165152,2.03625,0.0083014,3.71652,0.0662388
,63.994195011,0,0,0.0871349,1.07312,0.339619,0.137387,0,0.213011,0.192681,0.0770312,1.83825,0.24556,0.503029,0,0.874864,0.345986,0.303276,2.18167,0,0.118643,2.0395,0.0181351,3.40027,0.0630514
,64.040634920,0,0,0.0571305,0.923776,0.268051,0.234978,0,0.132709,0.162968,0.0647436,1.91602,0.21183,0.90745,0,0.970078,0.297836,0.150117,2.58363,0,0.0769164,1.81831,0.015463,3.39477,0.0544013
,64.087074829,0,0,0,0.281571,0.140941,0.434734,0.0885913,0.0832484,0.0541168,0.0391664,2.04645,0.221002,1.10576,0,0.912597,0.0907815,0.0487999,2.87885,0.0360677,0.12129,1.35978,0.00922076,3.77986,0.0567522
,64.133514739,0,0,0.023598,0,0.195599,0.440742,0.158344,0.0217961,0.0826092,0.19255,2.02541,0.205557,0.939781,0,0.450968,0.0104712,0.250993,2.96008,0.0644658,0.204565,0.49563,1.12494,3.4289,0.0526858
,64.179954648,0,0,0,0,0.0601439,0.383499,0.114863,0,0.0789533,0.240847,1.63505,0.231321,0.859195,0.0177648,0.318509,0.0275909,0.662964,2.62236,0.0467635,0.233288,0.444488,1.72236,2.82188,0.0592892
,64.226394557,0,0.0527265,0,0,0,0.333258,0,0.00715122,0.0829998,0.255737,1.63714,0.257515,0.875882,0.129807,0.287351,0.0467765,0.680426,2.35373,0,0.253282,0.466165,1.83614,2.73034,0.0660029
,64.272834467,0.0181664,0.115033,0,0,0,0.311446,0,0.0711358,0.0845703,0.257998,1.66827,0.248081,0.920937,0.174088,0.316639,0.0723251,0.452952,2.15746,0,0.241694,0.476075,1.78603,2.93593,0.0635849
,64.319274376,0,0.0929488,0.0908886,0,0,0.459505,0,0.151337,0.0884263,0.238198,1.76924,0.239184,0.966371,0.116593,0.441346,0.0804834,0.252793,2.22718,0.0073671,0.194073,0.499541,1.41413,3.09011,0.0613046
,64.365714285,0,0.0103425,0,0,0,0.704053,0.00183163,0.130849,0.0829668,0.223577,1.91439,0.23541,1.18342,0.0341605,0.606854,0.0514579,0.00350424,2.52265,0.0007457,0.164826,0.469842,1.10525,2.97835,0.0603741
,64.412154195,0,0,0,0,0,0.837539,0.00755278,0,0.0898462,0.148984,2.16246,0.226529,1.23597,0.0156054,0.70218,0.0520284,0,2.67496,0.00307492,0.103191,0.530655,0.646661,3.08735,0.0580611
,64.458594104,0,0,0,0.0460021,0.512026,0.680061,0,0,0.102196,0.0244965,2.20761,0.17594,1.16238,0.0133774,0.711556,0.129167,0.177285,2.59023,0,0.0278863,0.834581,0.219547,3.2454,0.0450948
,64.505034013,0,0,0,0.468081,0.958617,0.317747,0,0,0.0611147,0.0605466,2.1751,0.163475,1.05118,0.0151418,0.738187,0.760829,0.331915,2.27134,0,0.0267607,1.01565,0.133701,3.16685,0.0419095
,64.551473922,0.000238416,0,0,0.853611,0.899043,0,0.119382,0,0,0.121513,2.25579,0.276295,1.15557,0,0.738621,1.19603,0.367466,2.25257,0.333448,0.0236067,1.10417,0.116715,2.58057,0.0708499
,64.597913832,0.000549331,0,0,0.984979,0.478451,0,0.0683645,0,0,0.150857,2.32618,0.338378,0.675152,0,0.828999,0.776808,0.28951,1.99781,0.245906,0,1.38587,0.510335,1.64351,0.0867288
,64.644353741,0.000911544,0,0,0.960981,0.41647,0,0,0,0.0232539,0.104079,2.31945,0.260404,0.439996,0,0.970455,0.565182,0.240201,1.57574,0.0598726,0,1.63966,0.539261,1.50789,0.0667434
,64.690793650,0.00018036,0,0,0.462082,1.02044,0.209957,0.0766955,0,0,0.015524,2.38002,0.263899,0.380589,0,1.15897,0.526631,0.354134,1.54336,0.19277,0,1.75989,0.3972,1.46718,0.0676392
,64.737233560,0,0,0.233548,0.290137,1.2173,0.167756,0.355542,0,0,0.0138964,2.48477,0.057643,0.4139,0,1.20746,0.781952,0.451029,1.57686,0.715443,0,1.96166,0.276723,1.37474,0.0147743
,64.783673469,0,0.246426,0.630916,0.647809,0.503058,0,0.586385,0,0,0.171622,2.41739,0,0.199487,0.0700957,1.03751,1.04457,0.410304,1.43021,0.841638,0,2.27338,0.296457,1.71415,0
,64.830113378,0.0297961,0.482154,0.532,0.777064,0.166311,0,0.741124,0,0,0.256943,2.28502,0,0.264533,0.137148,0.616619,1.29166,0.539683,1.34636,0.947286,0.0245867,2.06401,0.312303,2.261,0
,64.876553287,0.0447532,0.643184,0.62795,0.909687,0.320132,0.0373856,0.657085,0.0587307,0,0.264641,2.34177,0.0202328,0.605793,0.182953,0.269915,1.28482,0.65913,1.14846,0.886706,0.719857,1.58634,0.0623032,2.65484,0.00518582
,64.922993197,0.615983,0.226628,0.707843,0.690875,0.364767,0.113031,0.358827,0.0507142,0,0,2.20186,0.482656,1.13653,0.0644643,0.52273,0.751942,0.579367,0.603193,0.393281,1.09113,1.38948,0,2.03812,0.123708
,64.969433106,0.712187,0,0.952519,0.088564,0.141371,0.120384,0.11043,0.662539,0.178339,0,2.22386,0.230115,0.852496,0.0109673,0.573837,0.174764,0.198149,0.38334,0.0300385,1.35105,1.34268,0,1.77234,0.0807549
,65.015873015,0.711332,0,0.662033,0.344612,0.255112,0,0.456882,0.78118,0.0497895,0,2.1936,0.374661,0.306328,0.00922848,0.422524,0.274312,0.323992,0.816696,0.186008,1.15692,1.24594,0,1.81115,0.465983
,65.062312925,0.00334601,0.181373,0.838936,1.28349,0,0,0.607748,0.907765,0.115172,0,2.19072,0,0.686783,0.0515915,0.253355,0.765439,0.265305,1.29824,0.448652,0.708838,1.33466,0,1.58935,0.505817
,65.108752834,0.731449,0,0.383725,1.24931,0.0626781,0,0.380576,0.426198,0.565819,0,2.07815,0.0586388,1.05611,0,0.115883,0.980373,0.1529,1.34558,1.5804,0.215913,1.1509,0,1.26059,0.560154
,65.155192743,0.266546,0,0.347449,0.963444,0,0,0.116253,0.0398591,1.16639,0.397504,1.79517,0,0.541122,0,0.233794,0.624076,0,1.01956,1.91757,0.0128987,1.03291,0.0935825,1.10959,0.796461
,65.201632653,0,0.122987,0,0.883575,0.0355005,0.185288,0,0.0519142,1.41972,0.32408,1.39778,0.0430809,0,0.624359,0.474461,0.442731,0.0122918,0.888777,1.67778,0.041171,1.47782,0.0762966,0.863965,0.522058
,65.248072562,0,0.376765,0,0.390919,0.299469,0.0113302,0,0.0580631,1.29758,0.185933,1.34313,0.106545,0,1.25246,0.539087,0.310656,0.103689,0.624522,0.918283,0.0321235,1.97773,0.0437734,0.830185,0.272652
,65.294512471,0.207396,0.205657,0,0.210973,0.761081,0.0875205,0,0.0496783,1.1733,0.0174887,1.55187,0.0724128,0.0558595,1.68293,0.55923,0.25494,0.263519,0.777021,0.265545,0.0232433,1.87969,0.157023,0.959207,0.216743
,65.340952380,0.128587,0.00374223,0,0.315088,0.875263,0.119766,0.023433,0.0848198,0.767457,0.324042,1.52385,0.273958,0.0590728,1.38696,1.16464,0.444766,0.303054,0.874763,0.032986,0.0318247,1.45857,0.519289,0.951364,0.210333
,65.387392290,0,0,0,0.19046,0.523253,0.169811,0.285557,0.10017,0.615035,0.636523,1.57215,0.395262,0.186621,0.851766,1.49092,0.257789,0.181173,0.9019,0.146201,0.0328976,1.17987,0.560501,1.33451,0.165957
,65.433832199,0,0,0.310997,0.272315,0,0.883973,0.272434,0.0750046,0.189477,0.66989,2.00881,0.113522,0.281821,0.176224,1.64381,0.36858,0.0284277,0.690299,0.204296,0.144027,0.876917,0.559181,1.8882,0.0389013
,65.480272108,0,0.221782,0.38497,0.297669,0,1.50519,0.0217587,0,0.083055,0.504664,2.05534,0.0262066,0.430843,0.223589,1.63529,0.423902,0,0.56322,0.421565,1.56216,0.433648,0.369545,2.09374,0.00671693
,65.526712018,0,0.182929,0.263951,0,0.087266,1.4689,0,0,0.0609213,0.505563,2.0672,0.0770762,0.385899,0.404077,1.35282,0.00628945,0.155841,0.549641,0.626643,1.94099,0.374398,0.196134,1.9343,0.0197552
,65.573151927,0,0.180802,0,0,0.286731,1.282,0,0,0.0544048,0.829053,1.89005,0.188704,0.247385,0.599095,1.24311,0,0.214601,0.479704,0.734249,2.18509,0.26541,0.218225,1.78097,0.0483661
,65.619591836,0,0,0,0.556685,1.13758,1.12743,0,0,0.389678,0.930674,1.15172,0,0.340965,0.474566,1.1794,0.307991,0.393881,1.13594,1.09384,1.96184,0.442902,0.5305,1.42231,0
,65.666031746,0.0913227,0,0.104781,0.620256,1.3294,0.657771,0,0,0.989178,0.39446,0.425995,0,0.331897,0.291944,1.14804,0.464586,0.460297,1.9105,2.23808,0.887932,0.494444,0.269781,0.994494,0
,65.712471655,0.407989,0,0.142321,0.31803,0.262693,0.124248,0,0,0.88896,0.036943,0.799326,0,0.710928,0.352028,0.474227,0.430455,0.439384,1.60486,2.84554,0.0428087,0.438207,0.41858,1.09765,0
,65.758911564,0.51998,0,0.142781,0.383984,0.184558,0.154186,0,0,0,0.0671416,1.1841,0,0.989822,0.681786,0.159931,0.519724,0.308695,1.27096,2.64081,0.0369235,0,0.651075,1.41919,0
,65.805351473,0.467836,0,0.643047,0.293045,0.409069,0,0.649473,1.41804,0,0,0.690046,0,1.04532,0.438989,0.770245,0.396637,0.149171,1.29047,2.38,0.674989,0,0,2.30479,0
,65.851791383,0.908506,0.693512,1.18248,0.0655562,0.131582,0.0793319,0.62945,1.87387,0,0,0.0436637,0,1.06846,0.26353,1.14319,0.198413,0.0782568,1.62428,1.5266,0.87608,0,0.000203272,2.39941,0
,65.898231292,0.698485,0.634938,1.31767,0.412498,0.357408,0,0.739026,1.57391,0,0,0.78096,0,1.24535,0.454556,0.89011,0.675545,0.136869,1.21467,1.22012,1.34191,0.106624,0,2.25736,0
,65.944671201,0.440767,0.534885,1.53539,0.644393,0.393985,0,0.788461,0.876309,0.161604,0,0.824086,0,1.21362,0.152148,0.955083,1.47761,0.160192,1.24209,0.839001,1.32025,1.00542,0,2.01005,0
,65.991111111,0.445709,0.533256,1.60743,0.858437,0.355427,0,0.307751,0.350382,0.302547,0,0.751598,0.235766,1.00097,0.151684,0.928264,2.11533,0.201567,0.730638,0.83108,0.601339,1.98654,0.0516153,1.7464,0.0604285
,66.037551020,0.577739,0.550609,1.30815,0.89031,0,0,0,0.204594,0.747316,0,0.487652,0.571777,0.672718,0.156731,0.929622,2.05124,0.0989008,0.563143,0.598123,0.266591,2.44959,0.0638201,1.3615,0.188595
,66.083990929,0.571852,0.489837,0.951905,0.895753,0,0,0,0.178759,1.21512,0.0193931,0.0853548,0.86377,0.232508,0.194732,1.03835,1.5877,0.0488962,1.37644,0.373587,0.183686,2.56824,0.00456563,0.990832,0.649368
,66.130430839,0.278598,0.454535,0.649837,0.496972,0,0,0,0.818519,1.40936,0.020566,0.0176117,1.12445,0.130977,0.129292,1.28698,0.755596,0.0191225,1.61872,0.247679,0.873605,2.39074,0.00484176,1.35713,0.738607
,66.176870748,1.35024e-05,0.340197,0.328924,0.195384,0,0,0,1.57196,1.36278,0.358169,0.0661647,1.06987,0.122299,0.0967689,1.38248,0.402884,0.0630865,1.43212,0.219059,1.49608,2.4028,0.084322,1.86959,0.462624
,66.223310657,0.00186408,0.0942096,1.0522,0,0,0,0,1.47364,1.03872,0,0.0420705,0.377173,0.61514,0.0889812,1.03352,1.45268,0.0903208,1.31144,0.215175,1.4828,2.37548,0,1.8816,0.265143
,66.269750566,0.851606,0.405068,0.372043,0.163919,0,0.110216,0,0.856563,1.77236,0,0,0.32509,1.09664,0.131725,0.859423,1.54292,0.0851579,1.45759,0.107677,0.906045,2.36051,0,1.90952,0.138131
,66.316190476,0.970835,0.115462,0.107347,0.59014,0.0269231,0.00163736,0,0.00407957,2.53121,0,0,0.0731447,1.41006,0.109054,0.72038,1.56764,0.111467,1.50172,0.0197614,0.0672982,2.80203,0,1.95124,0.0514187
,66.362630385,1.00027,0.101934,0.0840788,0.73536,0.0434577,0,0,0,2.54343,0,0,0.0519469,1.20112,0.0962766,0.640238,1.83806,0.131494,1.24459,0,0.164001,2.91406,0,2.15461,0.0365173
,66.409070294,1.22697,0.115134,0.0514042,0.774088,0.0246232,0,0,0.0439933,2.29629,0,0,0.00466917,1.16358,0.108744,0.646491,1.92899,0.120731,1.16704,0,0.274921,2.84666,0,2.27243,0.0032823
,66.455510204,1.22419,0.127707,0,0.187447,0.154077,0,0,0.24506,1.96517,0,0,0,1.37294,0.12062,0.514098,1.4292,0.317332,1.28552,0,0.311396,2.62166,0,2.41134,0
,66.501950113,0.964307,0.172282,0,0,0.137567,0.0750034,0,0.190079,2.05811,0.0358038,0,0,1.24584,0.162721,0.403247,1.09027,0.246542,1.5321,0.00642452,0.264326,2.39112,0.321466,2.33811,0.0151278
,66.548390022,0.925893,0.189556,0,0,0.0943778,0.00233972,0,0.0370881,2.33621,0.0572645,0,0,1.12464,0.179037,0.412669,1.14544,0.169724,1.83711,0.0236971,0.242732,2.43906,0.514152,1.97205,0.0271897
,66.594829931,0.998814,0.202391,0,0,0.0694219,0,0,0,2.48814,0.0577493,0,0,1.31156,0.2022,0.547789,1.10263,0.137123,1.98554,0.00367974,0.187492,2.68993,0.528849,1.53552,0.0283607
,66.641269841,1.10149,0.194583,0,0,0.026461,7.06592e-05,0,0,2.55776,0.0644639,0,0,1.46575,0.185073,0.653383,1.23277,0.10246,1.9234,0,0.074942,2.92092,0.578792,1.34581,0.00259924
,66.687709750,1.06855,0.0994899,0,0,0.00243505,0.037191,0,0,2.44355,0.235699,0,0,1.51872,0.0939686,0.607761,1.60515,0.0919821,1.80291,0,0.0366546,3.03987,0.669746,1.31434,0
,66.734149659,1.02367,0,0,0,0.10141,0.0220328,0,0,2.28168,0.213832,0,0,1.54565,0,0.435676,2.04923,0.247508,1.47987,0,0.0363214,3.01268,0.690614,1.37249,0
,66.780589569,1.06182,0,0,0,0,0.0818441,0,0,1.99749,0.23729,0.0334117,0,1.37763,0,0.242816,2.162,0.0544781,1.44923,0,0.120235,2.79741,0.713109,1.7258,0
,66.827029478,1.17706,0,0,0.307973,0.090744,0,0.0109839,0,1.97435,0.0647224,0.479044,0.71818,1.48631,0.0675962,0.218734,1.71095,0.0950909,1.32958,0.0306795,0.177195,2.51534,0.37096,1.92937,0.187054
,66.873469387,1.07337,0.0143782,0,0.925626,0.0499824,0,0.0810252,0,2.13423,0.331497,0.469542,0.713064,1.29717,0.0806345,0.269211,1.43487,0.1468,1.35223,0.226313,0.180569,2.48548,0.0780428,1.99688,0.193195
,66.919909297,0.878517,0.0711297,0,1.25152,0.0489887,0,0.122101,0,2.30213,0.338704,0.569507,0.532707,0.587878,0.0706492,0.243627,1.22276,0.159592,1.26735,0.343067,0.105785,2.3047,0.262974,2.14939,0.268829
,66.966349206,0.514443,0.27263,0,1.58125,0.258917,0.063456,0.190923,0,2.33481,0,0.0911417,0,0.416305,0.297321,0.443867,1.25356,0.200215,1.18386,0.564527,0.0169197,1.93093,0.319499,2.00143,0.235552
,67.012789115,0.375656,0.50768,0.28913,0.931339,0.55095,0.03952,0.231865,0,2.11197,0,0.106425,0,0.303993,0.502981,1.06867,1.31828,0.254547,1.00241,0.699361,0.0117254,1.65795,0.305547,2.15792,0.216715
,67.059229024,0.406666,0.575821,1.45921,0.196039,0.282729,0,0.288836,0.205113,1.33317,0,0.340353,0.216691,0.10953,0.445779,1.70366,1.44458,0.141758,0.750332,0.905894,0.336881,1.28357,0.268552,2.41798,0.235634
,67.105668934,0.269988,0.88028,1.21473,0.544792,0,0,0.375617,0.811021,0.250322,0.208111,0.23784,0,0.0727177,0.346611,1.73269,1.98696,0.0246997,0.529249,1.08096,1.52139,0.792559,0.267868,2.23694,0.105353
,67.152108843,0.276348,0.675292,0.865225,1.19711,0,0,0.343907,0.951447,0.118271,0.142534,0.427628,0,0.127758,0.239147,1.59496,2.00076,0.0186052,0.450635,1.01054,2.07203,0.795783,0.237772,2.09597,0.0933543
,67.198548752,0.550077,0.225961,0.720996,1.54446,0,0,0.417469,0.735977,0,0.0146367,0.485899,0.230575,0.306989,0.0990249,1.20178,1.94505,0.0211105,0.492084,0.797545,1.83708,0.874031,0.267545,2.02119,0.183132
,67.244988662,0.332398,0.0976713,0.541321,1.89335,0,0.0120399,0.198479,0.482942,0.0633148,0.00258273,0.235877,0.155508,0.0982796,0.0922508,0.269409,2.51176,0,0.524924,0.346381,1.49571,1.14835,0.103372,1.75148,0.0402177
,67.291428571,0.131011,0,0.259954,2.33309,0,0,0.056308,0.34676,0.226005,0,0.258131,0.0984647,0.0352859,0,0.0785051,2.68913,0,0.506948,0.0147916,1.00476,1.25848,0,1.6976,0.0801279
,67.337868480,0,0,0.186309,2.35245,0.0108953,0,0,0.361454,0.499702,0.0370946,0.262435,0.0894352,0,0,0.0562645,2.73888,0.00377243,0.345859,0,1.08704,1.19863,0.0646637,1.97003,0.0424929
,67.384308390,0,0,0.242839,2.68628,0.0740622,0,0.0127777,0.600443,0.235634,0.00965535,0.245267,0.0296683,0,0.00104302,0.415457,3.00197,0.0256435,0.342333,0.0356896,1.1866,0.808897,0.086691,2.049,0.00762917
,67.430748299,0.0924689,0,0,2.71122,0.0802015,0,0.0491995,0.514263,0.656005,0.0214882,0.123178,0.00814473,0.074829,0.00112764,1.54572,2.67004,0.0577165,0.319886,0.143606,1.27311,0.649482,0.192932,1.94478,0.00208755
,67.477188208,0.22547,0,0,2.5836,0.0224537,0.0569586,0.0165317,0.143318,0.796602,0,0.0696129,0.396694,0.129614,0.00338523,2.40464,2.33,0.102835,0.355363,0.118645,1.36519,0.550763,0.0156568,1.88203,0.101676
,67.523628117,0.285949,0,0,2.65188,0.0845167,0,0.0689528,0,0.477519,0.0365188,0.0627477,0,0.202988,0.003311,2.58116,2.68773,0.137412,0.207931,0.369958,1.33764,0.351382,0.052598,1.69162,0
,67.570068027,0.220653,0,0.0425726,2.614,0.10949,0,0.0427477,0.112216,0.349574,0.0666768,0.0638706,0,0.17856,0.00327455,2.09965,3.00817,0.104715,0.278502,0.398005,1.38239,0.527613,0.0909585,1.8281,0
,67.616507936,0.0530156,0.182869,0.157603,2.55335,0.109144,0,0.00592441,0.121605,0.485327,0.39474,0.0390394,0,0.042902,0.173587,1.35972,3.05558,0.0823051,0.463187,0.377139,1.38511,0.984575,0.481793,1.59355,0
,67.662947845,0.0902575,0.327109,0,2.49175,0.135581,0,0,0.0793774,0.557865,0.483047,0,0,0.0730394,0.339136,0.516083,3.06402,0.0906236,1.27985,0.249001,1.04553,1.20891,0.827293,0.857195,0
,67.709387755,0.451804,0.544147,0,2.41924,0.122202,0,0,0.036768,0.56738,0.438355,0,0,0.365615,0.691696,0.205242,2.73137,0.0778932,2.1789,0,0.536988,1.26213,0.904889,0.599957,0
,67.755827664,0.574194,0.341192,0.137511,2.38036,0.105176,0,0,0.112569,0.210009,0.0733275,0,0,0.464657,0.626895,0.058073,2.42099,0.048842,2.81156,0,0.311167,1.40956,0.910643,0.588977,0
,67.802267573,0.485323,0.14231,0.163092,2.34768,0.10491,0,0,0.126537,0.223551,0.0767962,0,0,0.409351,0.410537,0.103628,2.21923,0.0363242,3.17573,0,0.276488,1.55412,0.997323,0.654876,0
,67.848707482,0.408887,0,0.183079,2.4029,0.0735135,0,0,0,0.163646,0.511713,0,0,0.342627,0.162655,0.245945,2.11159,0.0254535,3.38474,0,0.134886,1.4965,1.13753,0.78586,0
,67.895147392,0.230302,0,0.128851,2.49302,0.0765559,0,0,0,0.280763,0.699851,0,0,0.188078,0.0727615,0.378708,1.97479,0.026507,3.33615,0,0.194949,1.12314,1.12306,1.2533,0
,67.941587301,0,0,0.0816122,2.4702,0.202901,0,0,0,0.382729,0.791312,0,0,0.00427996,0,0.587224,1.88876,0.0702532,3.17657,0.00110752,0.523537,0.900043,1.01442,1.53149,0
,67.988027210,0.0235243,0,0.105284,2.51119,0.382238,0,0,0,0.26045,0.328519,0,0.217256,0.0233815,0,1.00219,1.94064,0.291024,2.85184,0.0256437,0.89787,0.806109,0.831253,1.49729,0.0556842
,68.034467120,0.288104,0,0.138555,2.56623,0.284443,0,0,0.0266746,0.130473,0.0330877,0.0183157,0,0.237327,0,1.34399,2.0344,0.227077,2.08235,0.0562241,1.32527,0.732795,0.647889,1.63762,0
,68.080907029,0.449877,0,0.0866794,2.65248,0.122209,0,0,0.0457055,0.0572795,0.0157235,0.0438088,0,0.364056,0.0806812,1.25819,2.43318,0.166895,1.12889,0.0530883,1.51965,0.321708,0.541326,1.80936,0
,68.127346938,0.562619,0,0.0699195,2.76809,0.106696,0,0,0,0.06206,0.0240541,0.0506618,0,0.455291,0.278958,0.709502,2.52376,0.0614072,1.87438,0.0397538,1.03809,0.098278,0.413672,2.15918,6.82936e-05
,68.173786848,0.60047,0,0.0463883,2.63211,0.0993362,0,0,0,0.194136,0.0159733,0.47792,0,0.485921,0.236447,0.564329,1.8283,0.0454388,2.34407,0.0140855,0.467734,0.151196,0.143417,3.14945,0.00754426
,68.220226757,0.257582,0.0531761,0.139305,2.33754,0.0696032,0.173384,0,0,0.109782,0,0.899032,0,0.208444,0.0683564,0.470944,1.36253,0.103482,2.58989,0.0201656,0.365291,0.0638693,0,3.71165,8.70476e-05
,68.266666666,0,0.0575187,1.37308,0.75199,0.167057,0.257193,0,0,0.0800164,0,1.43085,0,0,0.0549667,0.98103,0.603852,0.124613,2.65536,0.0255888,0.362829,0.0249058,0,4.15635,6.7814e-05
,68.313106575,0.00502303,0.329778,1.6396,0.0378532,0.0326351,0.776066,0,0,0,0,1.55132,0.249044,0.051845,0.0938052,1.73341,0.021008,0.0311269,2.80174,0.0192789,0.174348,0.461898,0,4.22638,0.0705535
,68.359546485,0.20178,0.526958,1.64089,0,0,1.09884,0,0,0,0,1.7923,0.512767,0.511739,0.149893,1.82028,0,0.01441,2.86663,0.00873973,0.0262823,0.805639,0,3.99055,0.141327
,68.405986394,0.26492,0.428724,1.34466,0,0,1.07964,0,0,0,0,2.07871,0.64004,0.629665,0.12195,1.66777,0,0.0140495,2.84705,0,0,0.867698,0,3.80878,0.188297
,68.452426303,0.000230566,0.399944,0.49148,0.42889,0,0.906988,0.0033718,0.0194396,0,0.276414,1.46905,0.702172,0.468668,0.34953,1.31717,0.138279,0.0113875,3.02617,0.000722227,0.0153239,0.5822,0.128161,3.63909,0.244264
,68.498866213,0.00172641,0.45682,0.295877,0.367404,0,0.767777,0.0419857,0,0,0.973823,0.71408,0.641923,0.52836,0.431468,0.980286,0.118455,0.00881918,3.44325,0.00899318,0,0.396441,0.42,3.24059,0.20773
,68.545306122,0.0572323,0.0949679,0.395675,0.232665,0,0.738118,0,0,0.0395331,1.21016,0.829816,0.410621,0.577829,0.0896975,0.789344,0.0750138,0.00396643,3.41902,0,0,1.06475,0.535146,3.26336,0.117181
,68.591746031,0.000483517,0.258311,0.258426,0.622987,0,0.655746,0,0,0.0632958,0.89759,1.03114,0.216065,0.622503,0.243976,0.992711,0.200858,0,3.27201,0,0,1.40297,0.366921,2.98218,0.0554246
,68.638185941,0,0.638843,0.0933905,1.01432,0.0201567,0.476049,0,0,0.054791,0.198174,1.73712,0.113051,0.669698,0.603389,1.09013,0.32703,0.00697913,2.9682,0,0,1.41728,0.0466551,2.91739,0.0290376
,68.684625850,0,0.398074,0.050338,1.17444,0.10051,0.659347,0,0,0.0659958,0.0795375,2.1264,0.0836129,0.588595,0.375982,1.07493,0.378654,0.0348008,2.89408,0,0,1.62374,0.0187251,3.20136,0.0214347
,68.731065759,0,0.0625206,0.037374,1.19813,0.136502,0.831331,0,0,0.137969,0.0782416,2.12428,0.0906489,0.316437,0.0590509,0.929452,0.38629,0.0536738,2.96285,0,0,1.84541,0.01842,3.40692,0.023234
,68.777505668,0,0.0609248,0.00145748,1.06447,0.18962,0.342323,0,0,0.233155,0.121014,1.9828,0.100568,0.0860386,0.0575437,0.827903,0.343196,0.0850997,2.90721,0,0.00683801,1.94126,0.436936,3.11211,0.0258458
,68.823945578,0,0,0,0.862501,0.44351,0.00765513,0.0226458,0,0.233779,0.208949,1.45605,0.118203,0,0,0.927459,0.439589,0.24115,2.66971,0.00921965,0.297352,1.75669,0.892673,2.68963,0.0305369
,68.870385487,0,0,0,0.848139,0.322604,0,0,0.0480409,0.3277,0.159088,1.51212,0.140148,0,0.091274,0.651332,0.601363,0.206372,2.45825,0,0.47588,1.65443,0.943828,2.56191,0.0392721
,68.916825396,0,0,0,0.895906,0.0857667,0,0,0.238128,0.779738,0.207931,1.62711,0.132923,0,0.219743,0.331717,0.875474,0.0697396,2.26804,0,0.516653,1.51808,0.969117,2.53969,0.034349
,68.963265306,0,0,0,0.786512,0,0,0,0.133579,1.1113,0.208547,1.65412,0.141338,0,0.167298,0.309106,1.08669,0.00711636,2.23929,0.025093,0.41315,1.56324,0.946655,2.36642,0.0364126
,69.009705215,0.00102855,0,0,0.719046,0,0,0,0.00396515,1.14375,0.21277,1.56793,0.195423,0.200783,0,0.362147,0.992019,0,2.45592,0.0337206,0.266596,1.59196,1.04371,2.21586,0.0501449
,69.056145124,0.00172498,0,0,0.681873,0,0,0,0.0732498,0.958114,0.21018,1.51052,0.194209,0.52271,0,0.574319,0.92292,0,2.64095,0.0249907,0.190846,1.41302,0.918673,2.10861,0.0498303
,69.102585034,0.00215389,0,0.249075,0.620119,0,0,0,0.345446,0.629924,0.213428,1.49758,0.138188,0.780425,0,0.76833,0.839335,0,2.70514,0.00422177,0.208021,1.41242,0.608918,2.27761,0.0354815
,69.149024943,0.000825604,0,0.654353,0.448884,0,0.0277659,0,0.614441,0.0730368,0.153186,1.54928,0.115913,0.507509,0,0.942986,0.607567,0,2.69285,0,0.274169,1.58943,0.314902,2.52758,0.0297581
,69.195464852,0,0,0.646919,0.322435,0,0.0924941,0.047843,0.487577,0.0365404,0.0981164,1.7917,0.189512,0.222688,0,1.13125,0.436418,0,2.79414,0.0194781,0.217561,1.70374,0.165709,2.70138,0.0486037
,69.241904761,0,0.0584769,0.335614,0.550323,0,0.216421,0.106438,0.137121,0,0.0939401,2.00034,0.309698,0.108003,0.0552316,1.32721,0.498183,0,2.72202,0.185117,0.0528837,1.62945,0.206675,2.76533,0.0793903
,69.288344671,0,0.0161691,0.0630105,0.741485,0.209879,0.554645,0.0925239,0.0373825,0,0.111956,1.98981,0.305978,0,0.0152717,1.37457,0.554929,0.0751781,2.80412,0.22599,0.0166804,1.63869,0.376099,2.99819,0.0784423
,69.334784580,0,0.0118471,0,0.683428,0.326114,0.55869,0.0510999,0,0,0.117359,1.96869,0.205195,0,0.0111896,1.336,0.679095,0.121908,2.82542,0.142728,0.0213698,1.44262,0.438111,3.16378,0.0526319
,69.381224489,0,0.00682626,0.532033,0.0480982,0.886906,0.238137,0,0,0.016266,0.0711192,2.12824,0.195219,0.0059969,0.108005,1.41354,0.191048,0.331563,2.80671,0,0.0369233,0.978721,0.0956668,3.49504,0.0500465
,69.427664399,0,0.0208423,0.247205,0.101718,0.653995,0.350067,0,0,0,0.120099,2.19141,0.289602,0.0662202,0.201829,1.64509,0.0790185,0.261154,2.62949,0,0,0.780837,0.0282743,3.5014,0.0831704
,69.474104308,0.471389,0.0388466,0.171747,0.294637,0.486253,0.617005,0,0,0,0.527415,2.1945,0.203277,0.222265,0.249527,2.01695,0.0949944,0.202724,2.50202,0,0,0.806708,0.124167,3.29644,0.074097
,69.520544217,0.608571,0.0341846,0.184157,0.648365,0.447046,0.668093,0,0,0.0298872,0.399628,1.99469,0.0331505,0.305238,0.256013,2.15504,0.20904,0.188144,2.72651,0,0,0.847396,0.0940825,3.11827,0.0169391
,69.566984126,0.664991,0.0486373,0.0934052,0.679759,0.283502,0.71027,0,0,0.157209,0.400667,1.84203,0.0429322,0.296988,0.270937,2.03743,0.219162,0.113396,3.02403,0,0,1.43859,0.0943272,2.4981,0.0161441
,69.613424036,0.128348,0.106621,0,0.646751,0.272087,0.556885,0.0364625,0.153762,0,0.0115191,1.8893,0.156323,0.228352,0.0303282,1.50231,0.20852,0.0942084,2.51505,0.00781014,0.036825,1.62647,0.0110762,2.27956,0.0721571
,69.659863945,0,0.0853287,0.151074,0.0735055,0.0851445,0.576699,0.0282195,0.0914595,0.00618897,0.0626536,1.84738,0.138622,0.157714,0.0242717,1.28216,0.0494508,0.0337125,2.53446,0.00604451,0.0387113,1.39326,0.0471181,2.57047,0.0480482
,69.706303854,0,0,0.452945,0.0527485,0,0.758914,0.0222855,0.213469,0.0782896,0.380168,1.5313,0.260532,0,0,1.07389,0.0713954,0,2.72377,0.00477348,0.112341,1.29258,0.180327,2.58107,0.0734734
,69.752743764,0,0,0.14158,0.100431,0,1.5436,0,0.10924,0.441367,0.715574,0.468224,0.688745,0.0205893,0,0.771558,0.179309,0,3.15851,0,0.0678345,1.4071,0.226778,2.65077,0.17653
,69.799183673,0.261098,0,0,0.327926,0,1.78423,0,0.0505345,0.531728,0.164951,1.60845,0.506391,0.0973574,0,0.270828,0.382651,0,3.0651,0,0.0408206,1.48699,0.0908774,2.74283,0.129792
,69.845623582,0.41227,0.188905,0,0.428385,0,1.81095,0.0294822,0.134597,0.462299,0,1.85025,0.345377,0.11104,0.0571303,0.354438,0.483896,0.0109931,2.50211,0.0680878,0.444871,1.21367,0.0596942,2.91071,0.120869
,69.892063492,0.2054,0.324777,0,0.934363,0.0481345,1.20696,0.0318793,0,0,0,1.77528,0.522497,0.0553216,0.153328,0.592098,0.634027,0.0599826,1.85906,0.0890427,0.723982,0.926679,0.0224405,2.93575,0.25883
,69.938503401,0.451458,0.532595,0.0530903,0.969403,0.694679,0.788151,0,0.0197324,0.0481085,0,1.7866,0.284292,0.121594,0.245405,0.988367,0.738207,0.279783,1.66068,0,0.831884,0.931546,0.00259105,2.75392,0.171586
,69.984943310,0.573222,0.609862,0.0480569,1.01547,0.534982,0.449534,0,0.309693,0.151055,0.109694,1.3547,0,0.15439,0.261715,1.66317,0.786896,0.206153,1.777,0,1.08285,1.16753,0.518522,1.50367,0.0917561
,70.031383219,0.518908,1.02083,0.15203,0.784743,0.128499,0.46752,0,0.302302,0.149219,0.109545,0.623552,0.127227,0.139761,0.4749,1.89714,0.587326,0.0573016,1.70446,0.0511118,1.06632,1.206,0.465355,0.965291,0.116054
,70.077823129,0.1247,0.600565,1.50608,0.486898,0,0.493961,0,0.408856,0.208499,0,0.557483,0.480547,0.100911,0.492416,1.87603,0.305241,0.0115305,1.64756,0.0882211,0.880317,1.60211,0.0338548,0.959889,0.204169
,70.124263038,0.361958,0.307521,2.2381,0.095422,0,0.0363288,0.0368646,0.329088,0.25919,0,0.74167,0,0.292909,0.35862,1.886,0.0307651,0.00660119,1.70983,0.380817,0.745125,1.89511,0.0397929,1.47971,0.0568876
,70.170702947,0.371125,0,2.17138,0.392859,0,0,0.212509,0.276044,0.285571,0,0.82701,0.174218,0.300327,0.0862355,1.65557,0.126662,0.111717,1.89739,0.371601,0.517988,1.63653,0,2.44425,0.0446534
,70.217142857,0.705217,0.101858,1.8823,0.666106,0,0,0.260153,0.160331,0.208752,0.149409,0.394298,0.42181,0.355479,0.0289735,1.69153,0.21476,0.143311,1.83655,0.144387,0.207619,1.23552,0.064347,2.71882,0.108113
,70.263582766,0.770712,0.189471,1.10403,1.23874,0,0,0,0.480817,0.164402,0.0911572,0.331581,0.570041,0.37473,0.178956,1.42529,0.399384,0.0694989,1.95054,0.00357315,0.237658,0.965406,0.158141,2.72566,0.146106
,70.310022675,0.434099,0.110743,0.510383,1.52449,0,0,0,0.668959,0.210209,0.177908,0.67501,0.510293,0.160584,0.104597,1.15563,0.491514,0.0464743,2.22844,0,0.303676,1.21017,0.0418841,2.76398,0.130792
,70.356462585,0,0.31353,0.762184,0.991121,0,0.725641,0,0.702101,0.295029,0.34301,0.844802,0.168928,0,0.150016,0.789176,0.428014,0,2.54212,0,0.339698,1.28277,0.0807531,2.76091,0.0432976
,70.402902494,0,0.339781,1.12254,0.303811,0,1.08139,0,0.440464,0.138947,0.571191,1.171,0,0,0.197153,0.597736,0.451397,0,2.62325,0,0.249416,1.16635,0.134473,2.77099,0.000897384
,70.449342403,0.0463433,0.153982,1.33764,0.0780815,0,0.738151,0,1.02336,0.156753,0.738059,1.44464,0.118313,0.0124819,0.111506,1.41607,0.159722,0,2.41774,0,0.558774,1.26243,0.173758,2.97254,0.0350843
,70.495782312,0.445884,0,0.873359,0.0263708,0.412964,0,0,1.66528,0.028802,0,1.36424,0.632791,0.120093,0,1.70523,0.228276,0.328737,2.23018,0,1.01004,1.30413,0,2.50579,0.168495
,70.542222222,0,0.290014,0.592386,0,0.682033,0.308547,0,1.89273,0,0,1.00096,0,0.094028,0.0824943,1.48416,0.639081,0.612622,1.76,0,1.17599,1.33493,0,1.79943,0
,70.588662131,0.252007,0.118528,0.527713,0.259867,0.583623,0.121983,0,1.58277,0,0.356406,0.731873,0,0.160942,0.0337152,2.10893,0.621787,0.606922,1.02871,0.264276,0.881095,1.74245,0.4114,0.718092,0
,70.635102040,0.405438,0.106616,0.690444,0.533918,0.662574,0,0,1.11739,0.364316,0.140368,0.728683,0.018375,0.467827,0.0314335,2.71407,0.344702,0.788036,0.381805,0.374824,0.489936,2.03583,0.337063,0.744782,0.00470964
,70.681541950,0.675122,0.261827,0.978939,0.695654,0.570428,0,0,0,0.699499,0.427722,0.73292,0.269796,0.456257,0.0744764,3.0267,0.224287,0.606921,0.143451,0.319607,0.0150014,2.55948,0.223491,1.12636,0.0692644
,70.727981859,1.00388,0.23881,1.13382,0.619893,0.316315,0,0,0,1.33995,0.512927,0.573166,0.336663,0.451994,0.0679294,2.61904,0.315813,0.24581,0.202518,0.250929,0.0353605,2.8472,0.243862,1.45729,0.0892613
,70.774421768,1.00321,0.12873,0.991509,0.17022,0,0,0,0.503107,1.60846,0.468827,0.380472,0.262452,0.284928,0.133454,1.50475,1.56392,0.0133044,0.273061,0,0.580738,2.72567,0.156442,1.62357,0.0672683
,70.820861678,0.837235,0.113817,0.215845,0,0,0,0,1.08039,1.0128,0.405784,0,0.251725,0.225498,0.146666,0.216259,2.71563,0.00258698,0.0341213,0,0.895364,2.26923,0.096369,1.45929,0.0645191
,70.867301587,0.53595,0,0.014915,0,0.0170488,0,0.203116,1.3034,0.896449,0,0.0177491,0,0.433709,0.0954389,0.0167066,2.87003,0.0311945,0.0330759,0.0826933,1.08578,2.38386,0.000738587,1.28217,0
,70.913741496,0.339407,0.033278,0.0757156,0,0,0,0.344206,0.829343,1.41316,0,0.0884568,0.0443758,0.27466,0.114731,0.0848102,2.71578,0.000356241,0.0239054,0.140135,0.961654,2.61595,0.000461193,1.16544,0.0311949
,70.960181405,0.106414,0.369804,0.0910113,0.095843,0,0.240088,0.0549162,0.144821,2.22414,0,0,0.0127794,0.130262,0.415697,0.101943,2.60216,0,0.205087,0.0708351,0.7498,2.77407,0,1.02369,0.00898359
,71.006621315,0.0704816,0.489743,0.0256609,0.378344,0,0.0268164,0.0166781,0.119185,2.23232,0,0.774458,0.375847,0.437225,0.50769,0.0309499,2.68145,0,0.0569704,0.0465841,0.778306,2.91802,0,0.777623,0.0987063
,71.053061224,0.494797,0.285229,0.139828,0.484071,0,0.157172,0.00698529,0.2463,2.11665,0,0,0,0.400406,0.388631,0.156623,2.43164,0.0101269,0.375537,0.0195108,0.781022,3.17853,0.000831671,0.656836,0.0120311
,71.099501133,0.304308,0.12274,0.270127,0.337286,0.101922,0,0,0.310354,2.1136,0,0,0,0.246256,0.32171,0.302573,2.42321,0.170476,0.0495032,0,0.780259,3.02241,0.00147121,0.9729,0.0122378
,71.145941043,0.0729293,0.0663266,0,0.107221,0.359584,0,0,0.26726,1.80228,0.180752,0,0,0.0590168,0.293905,0,2.65199,0.601445,0.0526982,0,0.734357,2.38596,0.737627,1.36665,0.000855259
,71.192380952,0.364378,0.0297293,0,0.0512393,0.400998,0,0,0.0542802,1.21715,0.268236,0,0,0.294867,0.26929,0,3.12412,0.670716,0.0602595,0,0.541303,1.8047,1.00272,1.57117,0
,71.238820861,0.538389,0.0851691,0,0,0.399328,0,0,0.0559965,1.34423,0.111609,0,0.000954715,0.435683,0.324775,0,3.04768,0.667922,0.0611934,0,0.313295,2.17515,1.00307,1.48473,0.000671138
,71.285260770,0.586448,0.360973,0,0,0.329123,0,0,0.121777,1.41159,0.111673,0,0.0203972,0.474574,0.573892,0.0574447,2.64597,0.550496,0.252813,0,0.143407,2.6141,1.00297,1.29638,0.0143387
,71.331700680,0.451892,0.514787,0,0,0.226938,0,0,0.111307,1.898,0.0907129,0.0310576,0.0397191,0.471417,0.65982,0.30285,2.2692,0.37958,0.263658,0,0.08288,2.63898,0.814548,1.799,0.0279215
,71.378140589,0.197653,0.449357,0,0.0256131,0.330454,0,0,0,2.30656,0.000896576,0.0863951,0,0.266074,0.460873,0.353657,2.13295,0.569298,0.332156,0,0.02345,2.63336,0.00804995,2.04778,0
,71.424580498,0,0,0.0213287,0.0141201,0.420407,0,0,0,2.32406,0,0.0948202,0,0.0077765,0.0187704,0.176328,2.30761,0.77543,0.463751,0,0.0278734,2.43482,0,1.89045,0
,71.471020408,0,0,0.0816258,0,0.216907,0,0,0,2.30619,0,0.0940941,0.000721117,0.0196649,0.0216834,0.242128,2.29406,0.478283,0.440421,0.00244162,0.0285002,2.29708,0,1.85116,0.0287707
,71.517460317,0,0.0519385,0.153137,0.333591,0,0.00237264,0.00187492,0,2.31756,0,0.0811775,0.00163304,0.0202915,0.078155,0.30248,2.1372,0.140024,0.461188,0.0130016,0.0640885,2.83265,0,1.67543,0.0651539
,71.563900226,0,0.296191,0.396997,1.1752,0.285559,0.059211,0,0,2.36147,0,0.0497811,0,0.11943,0.308302,0.253284,2.15477,0.187394,0.435986,0.0238805,0.0454961,3.21273,0.15599,1.07672,0
,71.610340136,0.0532226,0.767389,0.177764,1.44128,0,0.058705,0.00308449,0,2.53882,0,0.0165073,0.00905027,0.0470666,0.38635,0.371953,2.05938,0.00444708,0.025184,0.550446,0.0275524,3.01939,0,0.565979,0.921471
,71.656780045,0.155613,0.603918,0.169577,1.01365,0.161344,0,0.00825167,0,2.57609,0,0.0214694,0.0298654,0.334801,0.570403,0.248048,1.56108,0.0558644,0,0.464752,0.029335,2.31347,0.143678,0.355416,1.75915
,71.703219954,0.173995,0.522665,1.01177,1.05364,0.615356,0,0.117823,0.00729413,2.35265,0,0.031869,0.0273991,0.664467,0.493659,0.32239,1.2138,0.253105,0,0.822792,0.0628748,1.65537,0.231034,0.537503,1.588
,71.749659863,0.811917,0.095733,0.780663,1.29105,0.677099,0,0.219795,0,1.79128,0,0.0406047,0.100696,1.07684,0.0904202,0.235757,1.31297,0.256293,0.152688,1.14609,0.0246253,1.44622,0.426923,0.672191,1.17089
,71.796099773,0.802769,0.239928,0.738368,1.80165,0.743607,0,0.221388,0,1.51045,0,0.189662,0.0536259,1.39159,0.392093,0.626369,1.00583,0.257469,0.175975,1.22411,0.0342589,1.40076,1.12518,0.770901,0.421531
,71.842539682,1.0179,0.114839,0.134433,1.99057,0.435645,0,0.185601,0,1.16875,0,0.0605378,0.0722329,0.709896,0.348733,2.51947,0.669933,0.150839,0.0969278,0.636395,0.11753,1.26223,1.02271,1.00218,0.0185138
,71.888979591,0.923632,0,0,2.29936,0.159362,0.045292,0.251683,0.00845929,1.06279,0.108255,0.0709666,0.116814,0.331382,0.17063,3.47444,0.872603,0.055178,0.00947893,0.731253,0.149302,1.09017,1.14253,1.25883,0.0299402
,71.935419501,0.856102,0,0,2.38528,0.0593479,0.0618024,0.197158,0.0473597,0.880517,0.24572,0.0731267,0.11976,0.324779,0,3.63131,1.06174,0.0205488,0.0129343,0.757232,0.259559,0.563574,1.18741,1.24657,0.0306954
,71.981859410,0.667107,0,0,2.49309,0,0.0650207,0.175712,0.13441,0.727878,0.271173,0.141237,0.036982,0.304964,0,3.10099,1.24772,0,0.0136078,0.788916,0.667511,0.368269,1.13069,0.985853,0.00947877
,72.028299319,0.531367,0,0,2.56671,0.0702053,0,0,0.0532413,0.59755,0.248911,0.227147,0.084388,0.271906,0.0143521,2.17439,1.82142,0.0243081,0,0.747205,1.08306,0.363864,1.21253,0.735176,0.0216293
,72.074739229,0.374403,0,0,2.46958,0,0,0.0048112,0.136589,0.518463,0.473695,0.00367841,0.0922789,0.10084,0,0.85132,2.43983,0,0,0.639859,1.35813,0.923927,1.22291,1.09466,0.0510991
,72.121179138,0.402337,0.152051,0,2.32706,0,0,0.0443694,0.0777278,0.594579,0.494295,0,0,0.325585,0.0512277,0.115847,2.94595,0,0,0.345013,1.31762,0.922566,0.492601,1.5681,0
,72.167619047,0.602414,0,0,2.3625,0.0158255,0,0.0584936,0,1.04097,0.258293,0,0,0.659636,0,0.2409,2.95882,0.00547947,0.00365732,0.246428,1.2718,0.818181,0.171394,1.58802,0
,72.214058956,0.522223,0,0.00217279,2.33559,0.0983107,0,0.0835876,0,1.01212,0,0,0,0.991333,0.0873821,0.278811,2.72656,0.0556363,0,0.234463,1.52225,0.527971,0.00516944,1.45363,0
,72.260498866,0.413241,0,0,2.41923,0.147746,0,0.0773502,0,0.506054,0.00355234,0,0,1.19344,0.205169,0.273551,2.36403,0.339852,0,0.22243,1.4026,0.360533,0.284539,0.89261,0.127196
,72.306938775,0.495435,0,0.0908772,2.54929,0.0597214,0,0,0.114567,0.747496,0.126194,0,0,0.751976,0.0851845,0.399681,2.16243,0.136311,0,0.00454226,1.06859,0.643117,1.34031,0.690401,0.202416
,72.353378684,0.351209,0,0.100358,2.56029,0.0303284,0,0,0.0752729,0.694205,0.135865,0,0,0.28421,0.0388342,0.800984,2.05232,0.0672004,0,0.0358041,1.01856,0.770841,1.56441,0.842905,0.182389
,72.399818594,0.510264,0,0.117861,2.52841,0.0566652,0,0,0.0632014,0.145112,0.10429,0,0,0.412923,0,1.14129,2.25638,0.0196199,0,0,0.769439,0.815468,1.4557,1.08973,0.166754
,72.446258503,0.677324,0,0.139621,2.53234,0.0708064,0,0,0.41534,0.140735,0.0988737,0,0,0.548113,0,1.03216,2.24109,0.0245162,0,0,0.723163,0.790432,1.28632,1.2533,0.102044
,72.492698412,0.714022,0,0.145973,2.47075,0.0400202,0,0,0.50954,0.134281,0.107089,0,0,0.577811,0,0.773597,2.31693,0.0138567,0,0.128864,0.726806,0.754183,1.31792,1.34738,0.00932113
,72.539138321,0.635163,0,0,2.43057,0.059502,0,0,0.192541,0.0971027,0.128003,0,0,0.513996,0,0.815481,2.28717,0.0206021,0,0.227907,0.736086,0.546801,1.6121,1.40568,0
,72.585578231,0.299836,0,0.108817,2.36832,0.114196,0,0,0,0.0337335,0.641717,0,0,0.242637,0,0.73254,2.01062,0.0395396,0,0.305674,0.953676,0.199614,1.6503,1.62559,0
,72.632018140,0.0627917,0.0265546,0.116364,2.26985,0.109755,0,0,0,0.0526716,0.730912,0,0,0.0169121,0.00755345,0.423593,1.93739,0.0380019,0,0.269999,1.27073,0.310422,1.37741,1.77406,0
,72.678458049,0.0389154,0.055197,0.112106,2.2873,0.0567805,0,0,0,0.128277,0.502971,0,0,0.0104813,0.0157007,0.393205,2.1565,0.0196599,0,0.112687,1.4231,0.401325,1.15143,1.82286,0.00607964
,72.724897959,0.100581,0,0,2.32946,0.0833123,0,0,0.0776957,0.166763,0.0657793,0,0.54594,0.0270901,0.00773274,0.35798,2.81184,0.0687352,0,0.24935,1.41667,0.182683,0.806426,1.59926,0.139928
,72.771337868,0.307199,0,0.0918358,2.56131,0.101614,0,0,0,0.0422513,0.0175106,0,0.484537,0.122308,0,0.389016,3.48626,0.0787193,0,0.451582,1.19232,0.116542,0.351805,1.22472,0.157772
,72.817777777,0.249155,0,0.153644,2.63835,0.0875276,0,0,0,0.0289896,0.0335066,0.0150147,0,0.186327,0,0.112831,3.77915,0.0356049,0,0.54689,1.28553,0.135997,0.614901,1.36214,0.0466676
,72.864217687,0.146158,0,0.0613156,2.74507,0.0320951,0,0,0,0.332836,0.659499,0.179769,0,0.118276,0,0.112266,3.7775,0.0193065,0.0822906,0.531487,1.27084,0.178043,0.681221,2.02855,0.0139619
,72.910657596,0.040882,0.0282291,0,2.01161,0.340328,0,0,0.0612042,0,0.510357,1.05805,0,0.011011,0.00802974,0.0687998,3.95172,0.16197,0.495142,0.0401068,1.14757,0.293944,0.346734,2.64183,1.96072e-05
,72.957097505,0.0608584,0.534863,0.0327508,1.43397,0.692276,0.020558,0.0905427,0.179601,0.384841,0,1.49916,0,0.0163914,0.152141,0.254298,3.51377,0.269394,0.512268,0.413918,0.638754,0.471401,0.00287979,2.95617,6.30027e-05
,73.003537414,0.541178,0.533564,0,1.39619,0.852998,0.0022813,0.0650051,0.17213,0,0,1.83919,0.340971,0.145759,0.151772,0.899305,3.08306,0.299544,0.850511,0.477755,0.0426152,0.435449,0.00242047,3.10638,0.0874679
,73.049977324,0.241464,0,0.143714,0.992799,0.887771,0.701425,0.0453416,0.119183,0.045741,0,2.07371,0.522315,0.0650351,0,1.44462,2.09028,0.31029,1.81373,0.106731,0.0262347,0.451829,0.000342819,3.51863,0.133933
,73.096417233,0,0.0258684,0.329764,0.394652,0.32629,1.07862,0.0226931,0.087528,0,0,2.27616,0.630184,0.0740808,0.0244328,1.6351,1.2232,0.136689,2.19532,0.00486077,0.0192668,0.395246,0,3.71776,0.161558
,73.142857142,0,0.166704,0.0762125,0.150994,0,0.689835,0,0.433566,0,0.135931,1.92768,0.547044,0.107591,0.157452,1.28953,1.23799,0.0301338,2.28068,0,0.193461,0.243466,0.0617225,3.34654,0.140298
,73.189297052,0,0,0.0494453,0.0600297,0,0.281115,0,0.75442,0.00684496,0.308001,1.51165,0.364391,0.10136,0,1.00544,1.68292,0,2.32654,0.00105765,0.336629,0.30513,0.129366,3.24088,0.0934931
,73.235736961,0,0,0.00228632,0,0,0.184477,0.0191155,0.813918,0.0663552,0.427265,1.26165,0.390993,0.0171578,0,0.847109,1.80962,0,2.16936,0.013748,0.363177,0.925918,0.184306,3.37376,0.185051
,73.282176870,0,0.148846,0.179316,0,0,0.203414,0,0.672203,0.234526,0.498749,0.969639,0.961042,0,0.140586,0.905443,1.60612,0,2.02763,0.0105112,0.299943,1.45431,0.226884,3.49443,0.500871
,73.328616780,0,0.551518,0.0557562,0.0150947,0,0.328874,0,0.885165,0.435066,0.311406,1.04307,0.740755,0.0228493,0.520911,0.904959,1.47141,0,2.18321,0.00783063,0.394968,1.46948,0.150549,3.39734,0.28892
,73.375056689,0,0.492242,0.0998889,0.0954835,0,0.262155,0,1.03308,0.51181,0.0346607,1.27734,0.330041,0.1825,0.464924,0.935703,1.39465,0,2.27993,0.00964928,0.460968,1.06806,0.00815999,3.35651,0.102697
,73.421496598,0,0.248476,0.121337,0.0546718,0,0.341202,0.367876,0.443024,0.0312246,0.0827842,1.67871,0.187253,0.28968,0.234686,1.00145,1.06646,0,2.53663,0.17509,0.197681,0.482035,0.0705169,3.20522,0.0501633
,73.467936507,0,0,0.0397453,0,0.467388,0.199594,0.860735,0.0930421,0.100146,0.218752,1.51464,0.0722719,0.25079,0,0.913571,0.587273,0.298702,2.24497,0.350426,0.0415162,1.01541,0.495874,3.02281,0.0503338
,73.514376417,0.093865,0,0,0,0.700292,0.00363759,0.878252,0.0249415,0.43615,0.256149,1.43404,0.0310097,0.173476,0.0021592,0.817944,0.553692,0.415073,2.177,0.357558,0.0757392,1.51262,0.671144,2.86548,0.0499448
,73.560816326,0.277213,0,0,0,0.654682,0,0.519296,0.244995,0.508272,0.27524,1.22453,0.0961403,0.22433,0.00292036,0.694835,0.440249,0.394431,2.37276,0.211418,0.19396,1.96154,0.67845,2.85662,0.0610411
,73.607256235,0.254923,0.224718,0,0,0.345939,0,0,0.755956,0.42835,0.262125,1.20369,0.203508,0.206293,0.214474,0.666108,0.423875,0.349379,2.36953,0,0.422744,2.12864,0.653018,2.94673,0.0810957
,73.653696145,0.106546,0.330485,0,0,0.0864597,0.317515,0,0.826516,0.334039,0.228085,1.47222,0.204931,0.0862203,0.312144,0.629254,0.38198,0.167798,2.40748,0,0.430833,2.0631,0.67426,3.14069,0.0691918
,73.700136054,0,0.354862,0,0,0,0.750013,0,0.569071,0.138063,0.2705,1.56003,0.211859,0,0.340882,0.475679,0.224904,0.0153459,2.568,0,0.274254,1.68603,0.778637,3.12783,0.0624376
,73.746575963,0,0.0811629,0,0,0,1.2214,0,0.182489,0.0746073,0.301412,1.60879,0.230414,0,0.0995973,0.407539,0.395179,0.00292767,2.62226,0.00221652,0.0929246,1.22554,0.745646,2.87149,0.0642916
,73.793015873,0,0,0,0,0,1.48926,0,0,0.0191497,0.185303,1.6825,0.245188,0,0.0223644,0.221101,0.793354,0.0110309,2.45199,0.0510951,0,1.06722,0.604418,2.44157,0.0823479
,73.839455782,0,0,0.0888594,0.0597582,0.0141396,1.3675,0,0,0.0411816,0.126639,1.67698,0.248471,0,0.0423504,0.462471,0.993888,0.0197864,2.35934,0.0369663,0,1.19718,0.277732,2.29209,0.074765
,73.885895691,0,0,0.192122,0.157097,0.277251,1.0552,0,0,0.057867,0.0725683,1.85727,0.204137,0,0.0224045,0.875404,1.03816,0.107849,2.18324,0.00552684,0,1.17178,0.111071,2.33854,0.0523976
,73.932335600,0,0.0394767,0.236156,0.287763,0.232589,0.923611,0.000361523,0,0.0647876,0.0893449,1.98063,0.180399,0,0.0372859,1.10161,1.24762,0.0901185,1.86203,0.00826297,0,1.11933,0.149176,2.48568,0.0514935
,73.978775510,0,0.104059,0.223505,0.384481,0.00895972,0.878171,0,0,0.0433129,0.128743,2.01573,0.196744,0,0.0982837,1.15982,1.25308,0.0195349,1.98827,0.00780523,0,1.00276,0.193706,2.87934,0.118884
,74.025215419,0,0.121345,0.484616,0.264695,0.368787,0.265268,0.0318946,0,0.0758608,0.0584765,2.0325,0.167072,0,0.114611,1.45395,0.56921,0.191467,2.06058,0.0305822,0,0.94002,0.100343,3.37812,0.175814
,74.071655328,0,0.0645647,0.792311,0.294763,0.781781,0,0.493334,0,0.112637,0,1.93152,0.265887,0,0.0739796,1.55718,0.423023,0.294922,1.85723,0.458502,0,0.794333,0,3.48072,0.0793044
,74.118095238,0,0.118167,0.274991,0.596792,0.806409,0,0.235261,0,0.043353,0,1.79541,0.475654,0,0.210872,1.52819,0.884223,0.302822,1.78215,0.686198,0,0.753881,0,3.1058,0.121914
,74.164535147,0,0.0228022,0.0343079,0.663458,0.611839,0,0.172782,0,0,0.0190781,1.55919,0.749359,0,0.136118,1.51239,0.962275,0.236824,1.62755,0.50699,0,1.16231,0.0104803,2.83533,0.192066
,74.210975056,0.426874,0,0,1.15086,0,0.0583268,0.176818,0,0.0119983,0,1.1754,0.878477,0.114973,0.0789434,1.37819,1.17341,0.0250003,1.52618,0.415581,0,1.48373,0,2.71037,0.22516
,74.257414965,0.720883,0.0556829,0,1.19979,0.0239788,0.297826,0.212644,0.082895,0.0361004,0,0.671455,0.826323,0.19416,0.015839,1.40066,1.7406,0.0133464,1.97828,0.304478,0.018247,1.42618,0,2.55938,0.219454
,74.303854875,0.635724,0.263274,0.362266,0.533691,0.114206,0.405371,0.264347,0.322381,0.0117639,0,0.726181,0.515853,0.171224,0.089559,1.74946,0.631279,0.0397449,1.72108,0.0955942,0.070963,0.872776,0,2.76535,0.499835
,74.350294784,0.232912,0.238278,0.513694,0,0.123214,0.811856,0.156919,0.435466,1.1444,0,0.671089,0.334512,0.0627317,0.0864942,1.59488,0.252121,0.0405396,1.53019,0.185178,0.487507,1.18056,0,2.86136,0.0982627
,74.396734693,0.234679,0.0353046,0.0211772,0.0390986,0.00566236,1.33313,0.0449501,0.373209,1.72744,0,0,0.638604,0.350345,0.0465636,0.637234,1.14367,0.0162848,1.6282,0.00962814,0.446292,1.53102,0,2.66753,0.163679
,74.443174603,0.279831,0.0647014,0,0.472373,0,1.19254,0.0261935,0.249137,1.73359,0,0,0.508639,0.470167,0.0672857,0.0794155,1.96284,0.00863174,1.65299,0.00921211,0.302311,1.51379,0,2.37543,0.130368
,74.489614512,0.213116,0,0,0.500637,0,0.910309,0.0035453,0.191961,1.68763,0.000134134,0,0.253455,0.516182,0,0,2.22295,0.00569705,1.92945,0.00376028,0.302942,1.58852,3.15785e-05,2.21597,0.0649623
,74.536054421,0.612486,0.104925,0,0.544694,0.0185475,0.574367,0,0.132331,1.67504,0.0779117,0.0292281,0.0962364,0.620589,0.0298458,0,2.38938,0.00543768,1.88196,0,0.325633,1.91764,0.0183424,2.25126,0.0246661
,74.582494331,0.47338,0.0901324,0.319245,0.283902,0.0207667,0.0818919,0,0.168088,1.69623,0.0435893,0.027909,0.136909,0.67448,0.0256381,0.232203,2.20599,0.0125466,1.69587,0.00827305,0.196657,2.37897,0.010262,2.15955,0.0350907
,74.628934240,0.0123583,0.0746349,1.46092,0,0.140414,0,0,0.207211,1.79209,0,0.0192692,0.335151,0.0100008,0.0685277,0.524228,1.76201,0.243327,1.65864,0,0.370956,2.66506,0.0017815,2.25983,0.0900403
,74.675374149,0,0.401772,1.45342,0,0.132631,0.012543,0,0.180138,1.53707,0.01889,0.383486,0.457877,0,0.39632,0.489851,1.75132,0.2219,1.50352,0,0.103982,1.91542,0.171831,2.45987,0.151966
,74.721814058,0,0.657746,1.09094,0,0,0.174237,0,0.245212,0.981558,0.471022,1.21865,0.179713,0,0.432787,0.367958,1.24874,0.00877379,1.66537,0,0.139497,1.47319,0.223159,2.82775,0.0951344
,74.768253968,0,0.333204,0.421209,0,0.230646,0.397796,0,0.0598964,0.175725,0.492595,1.58676,0,0,0.333625,0.355436,1.18437,0.0948049,1.95748,0,0.0709895,1.66409,0.38743,2.92248,0.0490136
,74.814693877,0,0.120804,0,0,0.151189,1.20898,0,0,0.164274,0.422494,1.71603,0,0,0.126452,0.571951,1.04464,0.0713948,2.18229,0,0.0405609,2.02913,0.427797,2.94403,0.04431
,74.861133786,0,0,0,0,0,1.46246,0,0,0.19077,0.398875,1.83556,0,0,0.0199597,1.33794,0.332386,0.0228692,2.18582,0,0.156743,2.17289,0.329993,3.08946,0.0266914
,74.907573696,0,0,0,0.182755,0.169337,1.16065,0,0,0.182964,0.489456,1.71747,0,0,0.035214,1.55221,0.287952,0.0808857,1.92792,0,0.1699,1.79946,0.287399,3.03949,0.0283711
,74.954013605,0,0.144027,0,0.705343,0.708532,0.414709,0,0,0.170433,0.773638,1.28453,0,0,0.0831582,1.37632,1.15981,0.257729,1.1711,0.083921,0.0379335,2.19503,0.201458,2.47044,0.0304243
,75.000453514,0,0.244342,0.0762155,0.347954,0.994808,0,0.0645656,0,0.261796,1.02111,0.764425,0,0,0.320758,1.0166,1.61531,0.345059,0.676004,0.064624,0,2.55002,0.240768,2.22231,0.0129139
,75.046893424,0.299239,0.247998,0.150543,0.247748,1.02733,0,0.347888,0.0195934,0.359237,0.794532,0.585988,0,0.197932,0.49191,0.800605,2.07513,0.355705,0.659554,0.143023,0.00874276,2.54619,0.187053,2.14829,0
,75.093333333,0.596874,0.175496,0.308756,0.55605,0.406952,0,0.971237,0.18112,0.196737,0.438295,0.580461,0,0.333283,0.135956,0.849407,1.76178,0.27841,0.234705,0.444736,0.3697,2.38585,0.103186,2.16766,0
,75.139773242,0.513949,0.0740092,0.815459,0.304621,0.127244,0.0223844,0,0.830198,0.143046,0.197338,0.138838,0.686725,0.320168,0.0391182,1.55133,0.895931,0.100105,0.00837591,0.276189,1.81257,2.13034,0.0464583,1.62589,0.176013
,75.186213151,0.377964,0.134922,1.26248,0.0027658,0.0700506,0,0.496049,1.8989,0.13043,0.0230907,0.230655,0.530175,0.351161,0.102614,1.69814,0.226185,0.0242546,0.0402528,0.570431,2.65573,1.6419,0.00543613,0.55712,0.135888
,75.232653061,0.272149,0.466555,1.45,0,0.495137,0,0.682139,1.13244,0.109963,0,0.528237,0.462748,0.171406,0.710706,2.54424,0.0149466,0.171438,0.123814,0.642084,2.407,0.972635,0,0.203596,0.118619
,75.279092970,0.461722,0.70446,1.36897,0,0.576069,0,0.807728,0.644708,0.360601,0,0.299206,0,0.333465,0.402605,2.51994,0.0282954,0.19946,0.032816,0.68848,1.70236,0.391749,0.0378002,0.320477,1.45501e-05
,75.325532879,0.549933,0.869591,1.35624,0,0.546579,0,0.745244,0.471333,0.504628,0,0.345124,0,0.529375,0.247355,2.36343,0.517952,0.189249,0,0.731508,1.18703,0.898034,0.111835,0.203747,0
,75.371972789,0.456552,0.942513,1.19889,0.146204,0.284917,0.433262,0.413771,0.179015,0.592541,0.160785,0.391171,0,0.366387,0.268097,2.57531,0.694662,0.159572,0.16212,0.743588,0.426668,1.54669,0.154856,0.244792,0
,75.418412698,0.741747,0.923648,0.811981,0.712122,0,0.668188,0,0.0287837,0.488442,0.41847,0.419549,0.146915,0.559408,0.262731,2.7265,0.880074,0.0786207,0.250026,0.545262,0.264557,1.67346,0.266684,0.259322,0.0376554
,75.464852607,0.768142,0.752931,0.216047,0.700417,0,0.0941142,0.12503,0.294638,0.305217,0.538806,0.412613,0.513838,0.858201,0.587008,2.28733,1.18401,0.0469805,0.0266173,0.35201,0.627109,1.5723,0.372538,0.256527,0.1317
,75.511292517,0.397869,0.532058,0,0.245933,0,0,0.0615591,1.35868,0.459026,0.415571,0,0.638894,1.10824,0.704716,1.20203,1.29823,0.0215041,0,0.198165,1.26568,2.04066,0.0978359,0.17937,0.163753
,75.557732426,0.647142,0.0965277,0.45906,0,0,0,0.0399799,1.44323,1.39504,0,0,0,1.33134,0.294832,0.640732,1.31514,0,0,0.063512,1.39813,2.22715,0,0.19593,0.0465243
,75.604172335,0.303536,0.0721579,0.602647,0,0,0,0,0.566672,2.20282,0,0,0,1.12057,0.237634,0.708622,1.24387,0,0,0.00563858,1.1569,2.2605,0,0.246298,0.0758572
,75.650612244,0.00109223,0.652689,0.173206,0.175536,0,0.0206636,0,0.0167328,2.58328,0,0,0,1.5056,0.703874,0.473971,1.43926,0,0.0438989,0.0298138,0.419027,2.8966,0,0.285512,0.0661666
,75.697052154,0.177136,0.620615,0.0897798,0.476431,0,0.0395556,0,0,2.67535,0,0,0,1.51957,0.600598,0.109598,1.93057,0.0814349,0.0840343,0.0125637,0.434941,3.188,0.013721,0.113542,0.130023
,75.743492063,0.452851,0.506591,0.0410314,0.58018,0,0,0,0,2.65996,0,0,0,1.47022,0.509911,0.0459599,1.86563,0.360682,0,0,0.509108,2.90292,0,0.0511458,0.16265
,75.789931972,0.371279,0.408833,0.0589194,0.516393,0.107636,0,0,0.138692,2.63004,0,0,0,1.27152,0.398034,0.0659965,1.85369,0.659121,0,0,0.561457,2.53703,0,0.222699,0.0954548
,75.836371882,0.341084,0.214618,0.0780011,0.525932,0.124973,0,0,0.165308,2.56372,0.0549051,0,0,0.692286,0.202707,0.104348,1.97397,0.558408,0,0,0.536953,2.42186,0.492968,0.304888,0.0639633
,75.882811791,0.60223,0,0.130775,0.385031,0.00281442,0,0.239827,0,2.45095,0.0801369,0,0.0311749,0.628176,0,0.242423,2.01974,0.0916433,0,0.0976395,0.388528,2.47197,0.719513,0.292774,0.106992
,75.929251700,0.703722,0,0.213556,0.172236,0,0,0,0,2.38184,0.144441,0,0.178102,0.9006,0,0.433415,1.79186,0.00706395,0,0.0474317,0.280905,2.7735,0.512058,0.215472,0.130477
,75.975691609,0.879382,0,0.238753,0.0341855,0,0,0,0,2.5465,0.120435,0,0.131454,1.14971,0.104939,0.414573,1.64689,0.0391544,0,0.113849,0.127524,3.39907,0.467727,0.111182,0.0924086
,76.022131519,0.879047,0,0,0,0.0282362,0.0387709,0,0,2.73333,0.0622073,0,0,1.57674,0,0.0734049,1.07227,1.15654,0.0823673,0,0,4.07241,0.559276,0,0.104143
,76.068571428,0.672477,0,0,0,0.15785,0.0667117,0,0,2.75736,0.0646157,0,0,1.14632,0,0.144177,0.706986,1.71654,0.141726,0,0,3.68309,0.580785,0,0.441399
,76.115011337,0.466897,0,0,0.03717,0.105504,0.0979994,0,0.0465709,2.6234,0.0680559,0,0,1.02512,0,0.153237,0.625369,1.8537,0.208196,0,0.0207803,3.2784,0.611611,0,0.376534
,76.161451247,0.23443,0,0.261169,0.165999,0,0.176217,0.018527,0.0889241,2.55719,0.023831,0,0,0.987501,0,0.44713,0.565295,1.51227,0.374367,0.0517482,0.0396787,3.66292,0.214457,0.280138,0.190285
,76.207891156,0.11437,0.307967,0.777286,0.731831,0.45112,0.152509,0.0329422,0.00759069,2.51917,0,0,0,1.11068,0.124696,0.440957,0.957247,1.26629,0.267825,0.0920116,0.00338703,3.79353,0.0009522,0.559292,0
,76.254331065,0.0661594,0.467364,0.355041,1.12429,0.568183,0.132651,0.126453,0,2.5603,0,0,0,1.02217,0.462314,0.766525,1.17678,0.455831,0.0871044,1.09133,0.13158,2.85887,0,0.785846,0.00102103
,76.300770975,0.189858,0.733499,0.183372,0.393398,0,0,0.0126444,0.0875088,2.47999,0,0,0,0.722958,1.46835,0.92567,0.752691,0.210513,0,2.12483,0.0390472,1.89132,0,0.410031,0
,76.347210884,0.26827,0.870978,0.185509,0.334094,0,0.00498491,0,0.0937534,2.33448,0,0,0,0.905683,1.71354,0.89614,0.466949,0.103917,0.0105902,2.63703,0.0418335,1.51866,0,0.257449,0
,76.393650793,0.00268703,0.546884,0.961187,0,0.139359,0.0446266,0.198227,0,2.24861,0,0,0,1.1818,1.39033,1.07664,0.0119866,0.241441,0.0948074,2.65553,0,1.50971,0,0.356611,0
,76.440090702,0.75268,0.474501,0.960999,0.347919,0,0.0293754,0.318449,0,1.39041,0.269198,0.0791267,0.1509,1.15047,0.947586,0.521837,0.748963,0.144561,0.0624069,2.59386,0,1.24617,0.14788,0.771958,0.201417
,76.486530612,0.691453,0.545702,0.284097,0.945672,0,0,0.277419,0.0164723,0.60315,0.698675,0.641414,0.0279352,0.460365,0.843658,0.0857961,1.94424,0.387644,0,2.2406,0.00362592,0.404788,0.356872,1.54551,0.551668
,76.532970521,0.744167,0.374247,0.264674,1.52996,0,0,0.387434,0.0384386,0,0.735381,0.977818,0.155991,0.256057,0.522314,0.0799304,2.80525,0.181305,0,1.41944,0.715539,0.247128,0.403971,2.12545,0.20257
,76.579410430,0.780154,0.0982998,0.300581,1.89931,0,0,0.0461153,0.230231,0,0.292828,1.13904,0.297497,0.281326,0.110209,0.283558,2.8617,0,0,0.801363,1.04954,0.527808,0.510379,1.93307,0.0762505
,76.625850340,0.726646,0,0.00278717,2.26257,0,0,0.114983,0.187494,0.0846854,0.270028,0.842908,0.131993,0.34998,1.04848,0.500659,2.40592,0,0,0.474282,0.971305,1.3042,0.415105,1.19886,0.0338308
,76.672290249,0.56647,0,0,2.5782,0,0.0124991,0.0533122,0.0304021,0.510727,0.160258,0.497507,0.0739544,0.276164,1.65537,0.444249,1.72542,0,0.180835,0.102252,0.845248,1.87581,0.148089,0.933861,0.0567513
,76.718730158,0.541749,0,0,2.55238,0.196012,0,0,0.287935,0.422052,0.109372,0.652092,0.266947,0.541981,1.85145,0.213756,1.65119,0.0678678,0,0.286135,0.712116,1.83736,0.11788,1.03319,0.146234
,76.765170068,0.484849,0,0,2.50647,0.106901,0,0.0282785,0.381663,0.119643,0,0.724438,0.572578,0.979032,0.80348,0.963542,1.1585,0.0486643,0,0.597143,0.405003,1.83803,0.055516,1.31777,0.256747
,76.811609977,0.698221,0,0,2.39044,0.00869922,0,0.096192,0.217748,0.171129,0.102983,0.296039,0.419645,0.952323,0.0505701,1.57904,0.961877,0.00301204,0,0.79582,0.660988,1.52983,0.121906,1.09056,0.324411
,76.858049886,0.853518,0,0.0516709,2.33321,0,0,0.102989,0,0.13518,0.0426504,0.300094,0.296273,0.887476,0.29059,1.46378,1.13536,0,0,0.80391,0.962949,1.27986,0.0234294,0.828867,0.306505
,76.904489795,0.760208,0,0.0498585,2.44141,0.0865819,0,0.138611,0.128624,0.0659205,0.00932752,0,0,1.41124,0.53777,0.572315,1.40879,0.0928869,0,0.610051,1.47148,0.609236,0.00512394,0.736802,0.164685
,76.950929705,0.261493,0,0.074846,2.51706,0.127487,0,0.0997679,0,0.141859,0.0496439,0,0,1.28846,0.896356,0.0226032,1.50988,0.248635,0,0.297171,1.70899,0.298125,0.44573,0.926401,0.0191134
,76.997369614,0.304066,0.311493,0.564028,2.36086,0.1692,0,0,0.000451318,0.358552,0.0571101,0,0,0.643161,1.52983,0.287021,1.34547,0.0971449,0.0669276,0,1.72262,0.507275,0.51282,1.09339,0
,77.043809523,0.499498,0.617178,0.536098,1.34441,0.286751,0,0,0,0.0964595,0.0664408,0,0,0.404211,2.01053,0.599586,0.469034,0.220798,0.0530688,0,1.80072,0.578946,0.874134,1.26502,0.0120648
,77.090249433,0.756304,0.439336,0.107077,1.21788,0.131007,0,0,0,0.120546,0.0915839,0,0,0.612027,1.73382,0.982502,0.395712,0.0547555,0,0,1.6854,0.942672,1.23527,1.04592,0.100183
,77.136689342,0.947096,0.107316,0.148574,1.64745,0.116648,0.0324107,0,0.0450304,0.146431,0.102481,0,0,0.766422,1.44267,0.958508,0.531157,0.0467065,0.0688552,0,1.68096,0.988355,1.12571,0.865493,0.0851416
,77.183129251,1.19849,0,0.212885,1.97313,0.124102,0.050238,0,0.0412022,0.132696,0.111208,0,0,1.72655,1.0132,0.58605,0.870201,0.0511856,0.115545,0,1.84792,0.75747,0.99849,0.737292,0.0335852
,77.229569160,1.27768,0,0.208889,2.29294,0.222112,0,0,0,0.283022,0.235009,0,0,2.55951,0.509725,0.0630837,1.32651,0.188547,0.244228,0.000294706,1.6387,0.410686,0.958116,0.865305,0
,77.276009070,0.956849,0,0.171718,2.07883,0.512736,0,0,0,0.351786,0.333859,0,0,1.94567,1.19689,0.0518582,1.25042,0.489857,0.484361,0,1.41198,0.313916,0.765112,1.2867,0
,77.322448979,0.207284,0,0.313995,1.52319,0.871099,0,0,0,0.616419,0.0523818,0,0,0.405404,2.10844,0.117197,1.04464,1.02378,0.575684,0,1.57067,0.707617,0.470312,1.58468,0
,77.368888888,0.195062,0,0.279077,2.00878,0.593758,0,0,0.0201548,0.403329,0.0271765,0,0.353837,0.157851,2.25202,0.265411,1.10488,0.812195,0.743422,0,1.64183,1.16507,0.244005,1.62711,0.0906911
,77.415328798,0.336694,0,0.27171,2.21842,0.368355,0,0,0.0799732,0.0699257,0.0129117,0,0,0.272464,1.47572,0.793508,1.24768,0.369919,0.850235,0.0688247,1.66192,0.997262,0.115929,1.81016,7.30784e-05
,77.461768707,0.360573,0,0.286104,2.294,0.179636,0,0,0.00145276,0,0.04201,0,0,0.291788,1.38847,0.923915,1.48734,0.0621978,0.944589,0.123276,1.64631,0.444639,0.406515,1.83543,0
,77.508208616,0.320883,0,0.388059,2.40126,0.117911,0,0,0,0,0.0576934,0,0,0.276557,1.68067,0.532438,1.9706,0.151711,0.74805,0.0250129,1.5476,0.063736,0.558108,1.65318,0
,77.554648526,0.321033,0.215169,0.347939,2.41039,0.0809668,0,0,0,0,0.266572,0.0616506,0,0.369432,1.57181,0.247313,2.11981,0.415562,0.607292,0.0219416,1.45802,0.279539,0.249793,1.53796,0
,77.601088435,0.000992475,0.405751,1.31966,1.16022,0.832365,0,0,0.0693971,0,0.0607726,0.540741,0,0.19374,1.0204,0.614231,2.00562,0.656329,0.0840073,0.0320224,1.9473,0.55468,0.0347308,1.98066,6.15329e-05
,77.647528344,0.133043,0.557989,1.0856,0.334106,0.689899,0.419246,0.0446108,0.296155,0,0.462588,0.268825,0,0.107663,0.346571,1.36819,1.63341,0.346631,0.19235,0.0349468,1.82789,0.732463,0.254116,2.35375,0.000185142
,77.693968253,0,0.718093,1.17336,0.168677,0.523603,0.900207,0.0953053,0.0634158,0,0.516259,0.441224,0,0,0.268544,1.96934,1.29631,0.22828,0.954376,0.0351523,1.40323,0.887127,0.260973,2.59163,0.000182064
,77.740408163,0,0.787493,1.07451,0,0.0573579,1.11043,0,0.0969947,0,0.550565,0.82703,0.0208374,0.0187745,0.23739,2.32515,1.14577,0.0426407,1.59547,0,0.856913,0.9302,0.129617,2.96218,0.0147307
,77.786848072,0,0.67318,0.761705,0.639452,0,0.535807,0,0.186863,0.0753135,0.241649,1.22392,0.435772,0.036118,0.191486,2.3998,1.20324,0.0101879,2.04164,0,0.371184,0.677258,0.0568903,3.05445,0.306385
,77.833287981,0,0.197414,0.133867,0.830733,0,0.360166,0.085817,0.518586,1.00458,0.07532,1.57075,0.266974,0.143003,0.186458,2.43896,0.872689,0.0112268,2.42684,0.0183817,0.24983,0.601948,0.0177322,2.78656,0.187738
,77.879727891,0,0.0995953,0.114445,0.187323,0,0.30896,0,0.570287,1.12723,0.021483,1.48921,0.45369,0.175152,0.094068,2.58085,0.21723,0.0150824,2.69844,0,0.254467,0.580802,0.00505764,3.19308,0.116518
,77.926167800,0,0.323824,0.193888,0,0,0.348642,0,0.218403,0.849658,0.0196919,1.34416,0.368671,0.179336,0.3617,2.59123,0,0.0192652,2.63892,0,0.148806,0.423379,0.0295076,3.6161,0.0948923
,77.972607709,0,0.489739,0.0688365,0.202927,0,0.22745,0.0596998,0.17923,1.06362,0.0220673,1.28368,0.387358,0.0387737,0.534028,2.39115,0.065426,0.017587,2.61114,0.0127875,0.115824,0.528825,0.0162554,3.54035,0.0996616
,78.019047619,0,0.295475,0.0571094,0.888276,0,0,0.080168,0.845398,0.864032,0.0103914,1.11979,0.381617,0,0.29524,2.15848,0.481492,0.0653058,2.67981,0.223919,0.387674,0.429658,0.0400182,3.2193,0.0980522
,78.065487528,0,0.184624,0.0843158,1.07493,0.0651275,0.089135,0.0512723,0.933033,0.284689,0.048904,1.15598,0.271569,0.0116792,0.181835,1.65428,0.650763,0.0380855,2.83119,0.0208742,0.416327,0.365818,0.0737465,3.07316,0.0696417
,78.111927437,0,0,0.216673,0.684253,0.146763,0.256154,0.482736,0.445897,0.0874213,0.227999,1.44429,0.129342,0,0.0113343,1.5826,0.510266,0.0508158,3.01896,0.196534,0.198963,1.06409,0.520337,2.71309,0.0331653
,78.158367346,0,0,0.616626,0.121148,0.7035,0.30491,0.77124,0,0.236733,0.127113,1.59124,0.0578965,0,0.0222094,2.09283,0.205059,0.243582,2.76706,0.313991,0.0312425,1.12659,0.607543,2.74492,0.0446151
,78.204807256,0,0,0.470172,0.0167388,0.704149,0.178379,0.327554,0.290436,0.80561,0.13948,1.27638,0.136924,0,0.154427,2.17112,0.064715,0.243807,2.50681,0.133355,0.204161,0.788405,0.65826,2.68848,0.0966673
,78.251247165,0,0,0.113579,0.341289,0.448995,0.0611789,0,0.507773,1.26684,0.178374,1.05704,0.202378,0,0.286982,1.82401,0.578119,0.160221,2.36383,0,0.310957,0.803318,0.79696,2.38121,0.116731
,78.297687074,0,0,0,0.871688,0,0,0,0.329604,1.68798,0.228304,0.899149,0.259537,0,0.192078,1.64703,1.21711,0.00781081,2.34549,0,0.193873,0.935706,0.892995,2.03761,0.127272
,78.344126984,0,0,0,1.07406,0,0,0,0.120147,1.91312,0.213559,0.854621,0.276154,0,0.010155,1.56958,1.49316,0.00748953,2.31176,0,0.0953291,0.962379,0.984637,2.08979,0.118788
,78.390566893,0,0,0,1.07457,0,0,0,0,1.8224,0.230492,0.931177,0.262743,0,0,1.40673,1.48789,0.0055891,2.348,0,0.0306801,0.960034,0.998798,2.39939,0.110792
,78.437006802,0,0,0,0.860738,0,0,0,0.190649,1.65853,0.187181,1.04244,0.23923,0,0.0387771,1.24351,1.16501,0.00283475,2.2482,0,0.114659,1.48365,0.673361,2.53299,0.0902921
,78.483446712,0,0,0.37429,0.449139,0,0,0,0.566987,1.27941,0.110324,1.27867,0.20499,0,0.223391,1.44332,0.607912,0.0205433,2.44468,0.00179386,0.254801,1.19894,0.267407,2.69019,0.0659175
,78.529886621,0,0,0.69558,0.0870197,0,0,0,0.954314,0.473142,0.0849534,1.54564,0.268114,0.273378,0.161646,2.02221,0.117782,0.0124523,2.53528,0.00112512,0.426548,1.16289,0.0364813,2.65527,0.0851198
,78.576326530,0,0,0.211556,0.466618,0,0,0.249115,0.718687,0.080679,0.0740617,1.96931,0.352964,0.518664,0,2.19593,0.471925,0,2.62903,0.448121,0.320684,0.938223,0.017436,2.1114,0.0945192
,78.622766439,0,0,0.0739127,0.756009,0.181792,0.0600385,0.188273,0.150706,0.046889,0.0661535,2.03369,0.319784,0.584823,0,2.6052,0.63583,0.0629442,2.60716,0.423532,0.0672461,0.651413,0.12887,2.21584,0.0820186
,78.669206349,0,0.0887947,0,0.770418,0.243819,0.152598,0.0617339,0,0,0.0914634,2.05156,0.258618,0.574925,0.0838669,2.76667,0.712618,0.114052,2.33048,0.17243,0,0.14717,0.389147,2.69735,0.0752435
,78.715646258,0,0,0.350606,0.525942,0.736932,0,0.755057,0,0,0.0262383,2.24877,0.256289,0.0687456,0,2.61784,0.655078,0.32278,1.85639,0.314621,0.00213523,0.0255044,0.235582,3.41113,0.0826713
,78.762086167,0,0,0.466108,0.450642,0.906779,0.264925,0.616261,0,0,0,2.26193,0.115712,0,0,2.22987,0.609947,0.371625,1.79737,0.381776,0.00166623,0.0125155,0,3.68323,0.0468739
,78.808526077,0,0.0532681,0.607901,0.513647,0.652566,0.332418,0.230641,0,0,0.0718543,2.04274,0,0,0.0619084,2.07732,0.425751,0.275961,1.82628,0.131508,0.00136074,0.0138197,0.0169163,3.58893,0.052713
,78.854965986,0,0.331647,0.596423,0.783383,0.173671,0.418365,0,0.02853,0,0.171552,1.94013,0.000318652,0.31136,0.0980174,2.38165,0.267771,0.196326,1.80565,0.0561677,0.0127303,0.0142908,0.0403878,3.50155,0.041441
,78.901405895,0,0.320223,0.702334,1.08837,0,0.456985,0,0.0468614,0,0.152875,1.87765,0.106683,0.488761,0.0948671,2.52339,0.350903,0.324752,2.09839,0,0.02091,0.0463288,0.0359907,3.35309,0.0273436
,78.947845804,0.21596,0,0.549464,0.942734,0.0627939,0.730471,0,0,0,0,1.96792,0.661695,0.326846,0.0209715,2.39044,0.303948,0.39989,2.51276,0,0,0.100294,0.0981878,3.5235,0.169597
,78.994285714,0.355714,0,0.30389,0.116322,0.0863688,0.741432,0,0,0.150561,0,2.0362,0.577211,0.119664,0.0600762,2.12199,0.0375034,0.167181,2.51221,0,0.00788921,0.237433,0.120597,3.68068,0.147943
,79.040725623,0.216799,0,0.585404,0.112593,0,0.457693,0.00529136,0,0.0375388,0.106959,1.91936,0.457058,0.0583919,0.147419,2.15689,0.152396,0.184101,2.22004,0.00183823,0.0847713,0.320691,0.0300427,3.36093,0.117147
,79.087165532,0,0,0.844793,0.632229,0,0.336941,0.0459297,0,0.0844359,0.282035,1.78711,0,0,0.234261,1.92428,0.399843,0.234646,2.02602,0.016805,0.32871,0.47423,0.0700016,2.93293,0
,79.133605442,0,0,0.597371,1.08341,0.118485,0.239527,0.0770201,0,0.476637,0,1.60327,0.183243,0,0.241442,1.61937,0.39969,0.279156,2.1708,0.234413,0.379269,0.560877,0.0020259,2.57209,0.0469664
,79.180045351,0.0789963,0,0.0168549,1.09396,0.100403,0.263095,0.124667,0.163621,1.20633,0,0.636232,0.548143,0.0212766,0.179536,1.50565,0.352704,0.276195,2.42524,0.333388,0.345864,0.513226,0.0289012,2.40455,0.140493
,79.226485260,0.330033,0.120231,0.0349667,0.807654,0,0.692588,0.0448774,0.0393001,0.562751,0.00473672,0.0404038,0.755127,0.133519,0.0398368,1.50177,0.414605,0.176514,2.8505,0.155238,0.0631357,0.398557,0.00260205,2.59402,0.193544
,79.272925170,0.028947,0.190494,0.0197647,0.587869,0.408569,0.885495,0.083628,0.00349571,0.561072,0.124645,0.0151449,0.511106,0.00779649,0.0696949,1.05229,0.51088,0.28039,2.77411,0.294054,0.000769481,0.45131,0.257794,2.21064,0.134087
,79.319365079,0,1.05855,0.456053,0,1.16467,0.398843,0.0956316,0,0.49662,0.327891,0.16115,0.401198,0,0.544929,1.00765,0.124121,0.425738,2.11512,0.637405,0.268112,0.442446,0.703722,2.25563,0.11576
,79.365804988,0,1.45021,0.537611,0.0486572,0.896981,0.457771,0,0.116444,0,0.142907,0,0.594108,0,0.781381,1.21909,0.150122,0.532721,1.57878,1.5135,0.604242,0.287423,0.773713,1.92104,0.182189
,79.412244897,0.165965,1.46258,0.904526,0.101446,0.371115,0.40433,0.0358667,0.158451,0,0.323556,0,0,0.128203,0.74406,1.46411,0.160785,0.614525,0.932246,2.02945,0.689303,0.328629,0.885402,1.73602,0.0242944
,79.458684807,0.279957,0.778279,2.26085,0.116051,0,0.287638,0.0107639,0.280622,0.0367393,0.369335,0,0,0.533062,0.447944,1.76048,0.145644,0.488564,0.720841,1.92783,0.770551,0.380994,0.652676,1.48853,0.00281351
,79.505124716,0.221971,0.360196,2.66096,0.174715,0,0.144965,0.14331,0.257006,0.0645071,0.23854,0,0,0.590851,0.176029,2.06408,0.12099,0.534706,0.812402,1.90747,0.775048,0.451252,0.785618,1.27746,0
,79.551564625,0.0906407,0.349622,2.67314,0.122578,0,0.263649,0.0288954,0.0750207,0.0342154,0.26499,0.141081,0,0.391125,0.256024,2.37415,0.0866966,0.650927,0.379005,1.869,0.580795,0.306761,0.925201,1.36434,0
,79.598004535,0.0259113,0.700904,2.30921,0,0.140674,0.555465,0,0,0,0.285142,0,0.277831,0.233552,0.507856,2.52248,0.051945,0.797325,0.35323,1.54415,0.522833,0.0983618,0.906178,1.63806,0.0712102
,79.644444444,0.275323,1.13434,0.969662,0.0312777,0.99342,0.225127,0,0,0.0480845,0.140072,0.191423,0.223724,0.33101,0.643378,2.28676,0.0819928,1.02056,0.487985,1.06005,0.611722,0.104374,0.875485,2.18868,0.0744917
,79.690884353,0.588475,1.00164,0.137421,0.0758214,1.10493,0.19396,0,0,0.189999,0.050708,0.194656,0.372444,0.171087,0.497919,2.03466,0.119451,1.0519,0.809355,0.594268,0.756953,0.354168,0.455284,2.20104,0.138499
,79.737324263,0.68801,0.663679,0.190928,0.210085,0.616412,0.0878915,0.0872482,0,0.165889,0.0128305,0.183702,0.598828,0.185306,0.683346,1.43934,0.286107,0.617672,1.5234,0.229475,0.646715,0.513383,0.115199,2.08209,0.211727
,79.783764172,0.504605,0.117298,0.805964,0.836846,0.235879,0,0.565283,0.110043,0.284083,0.00454946,0.32411,0.646073,0.309764,0.126609,1.543,1.09747,0.394535,0.581821,0.23014,0.571012,1.43077,0.157684,1.73757,0.223189
,79.830204081,0.436647,0,1.42145,0.951473,0,0,0.88387,0.938109,0.33836,0,0,0,0.35335,0.049338,1.61301,0.705775,0.199422,0.0243925,0.359845,1.3949,2.24779,0.141336,1.05838,0.0518618
,79.876643990,0.11135,0.35417,1.02644,0.924462,0,0.177746,0,1.69763,0.339952,0,0,0,0.214682,0.345588,1.31467,0.837079,0.110182,0.0665099,0.0243594,2.08806,1.97449,0.15696,0.569268,0.00402947
,79.923083900,0.061544,1.40129,0.536937,0.523479,0.0111472,0.33239,0,1.57176,0.323516,0.0184996,0,0.38941,0.2275,0.452014,0.887026,1.14058,0.00385963,0.124375,0.0850537,1.9666,1.57951,0.0562669,0.389998,0.0998087
,79.969523809,0.397975,1.42334,0.667339,0.492635,0.0683061,0.199213,0,1.07286,0.764187,0.299093,0,0.130689,0.468373,0.404869,0.801147,1.67433,0.0236505,0.0745426,0.141295,1.10584,1.59198,0.227306,0.232424,0.0334966
,80.015963718,0.582629,1.08148,0.784296,0.456979,0.146236,0.184689,0,0.281776,1.31188,0.0802335,0,0.105264,0.637023,0.307721,0.689621,1.76074,0.0506331,0.0691079,0.152259,0.0774138,2.1519,0.412873,0.0905106,0.0269799
,80.062403628,0.696712,0.861925,1.01612,0.587788,0,0.172038,0,0.14426,1.40246,0,0,0.160881,0.708587,0.349399,0.675431,1.73788,0,0.065474,0.107305,0.0653231,3.08274,0.16634,0,0.0412349
,80.108843537,0.706978,0.845667,0.858396,0.623454,0,0.102412,0,0.07393,1.29418,0.00650996,0,0.237472,0.762218,0.281302,0.630761,2.69813,0,0.038321,0.00234922,0.561334,3.11223,0.00153261,0.285622,0.0703168
,80.155283446,0.582237,0.998148,0.272146,0.467019,0,0,0,0.0316008,1.64663,0.069376,0,0.557916,0.30331,0.616302,0.346765,2.51154,0.0122348,0,0.00622165,0.610709,2.79678,0.0163828,0.764383,0.142998
,80.201723356,0,0.615414,0.148168,0.0215776,0,0,0,1.14079,1.04121,0.406002,0,0.780408,0,0.511174,0.28174,2.17905,0.00138836,0,0.0917365,1.14461,2.67616,0.095583,0.801719,0.200024
,80.248163265,0.0217765,0.0737557,0.603286,0.0978641,0.20302,0,0.0470434,1.16196,1.26469,0,0,0.162316,0.0176223,0.241602,0.80168,2.16539,0.0702944,0,0.26914,0.98282,2.66411,0,0.709934,0.114104
,80.294603174,0.23273,0.0452123,0.622172,0.409719,0,0,0,0.415144,2.03786,0,0.00955496,0.832839,0.0626827,0.169483,1.13802,1.71034,0,0,0.40942,0.520154,2.91025,0,0.727023,0.213463
,80.341043083,0.348186,0.43558,0.103972,1.05384,0,0,0,0,2.40932,0,0,0.749092,0.0937792,0.272935,1.1018,1.46232,0,0,0.581695,0.102953,3.07702,0,0.425657,0.39388
,80.387482993,0.0701417,0.748516,0.343851,1.156,0.0394761,0,0,0,2.64437,0,0,0.00118059,0.0567611,0.407341,0.438416,1.65331,0.825213,0.425985,0.465142,0.029775,2.97983,0,0.0156372,0.811684
,80.433922902,0.224577,0.540172,0.28642,0.888383,0.0275895,0,0,0.0682456,2.82124,0,0,0.0011512,0.191084,0.608293,0.0864976,1.55308,1.32903,0.355756,0.0425109,0.101823,2.63193,0.00232565,0.30632,0.719412
,80.480362811,0.455009,0.623775,0,0.665387,0.092254,0.04239,0,0.226639,2.37528,0,0,0.575142,0.122551,0.463897,0,1.45828,1.34019,0.385851,0.0274105,0.359155,2.61292,0,0.513445,0.663035
,80.526802721,0.34556,0.22377,0,0.355979,0.140994,0.00799084,0,0.45823,1.99803,0.0507504,0,0,0.279639,0.45443,0,1.58574,0.742491,0.109747,0.00259964,0.673269,2.75556,0.455665,0.574846,0.280572
,80.573242630,0.718753,0.122727,0,0.155611,0.0205534,0,0.0845117,0.149716,1.93516,0.0686567,0,0.0250628,0.581639,0.379591,0.0838535,2.14874,0.0343779,0.0110981,0.0344068,0.674905,3.00239,0.616933,0.744446,0.0650264
,80.619682539,0.867112,0.199392,0,0.167694,0,0,0,0.0132351,2.0437,0.0681991,0,0.0297721,0.701697,0.442702,0.028963,2.57825,0,0.00458445,0,0.503768,3.30473,0.612728,0.868882,0.020929
,80.666122448,0.940996,0.282629,0,0,0,0,0,0,2.18284,0.0720271,0,0.0493202,0.87564,0.409197,0.0857666,2.5631,0,0.0999467,0,0.162959,2.7536,0.646699,0.866473,0.0346716
,80.712562358,0.84429,0.292705,0,0,0.0391477,0,0,0,2.35929,0.0369664,0.0363125,0,0.708906,0.276461,0,1.90092,0.065479,0.28504,0.0803502,0.0242764,2.55064,0.331904,1.06798,0
,80.759002267,0.66974,0.0502166,0,0,0.128054,0,0,0,2.41584,0,0.0710663,0.000285981,0.577937,0.0474297,0,1.87949,0.216178,0.209175,0.0569798,0.0225576,2.38045,0,1.41109,0.0114099
,80.805442176,0.392086,0,0,0.0380651,0.00834722,0,0,0,2.3596,0,0.0713903,0.00164287,0.36465,0,0,2.23984,0.0176544,0.124723,0,0.019473,2.19616,0,1.57022,0.0655461
,80.851882086,0.00255852,0,0.0720009,0.446606,0.0603931,0,0,0,2.38017,0,0.0678982,0.000265282,0.0508254,0,0.0806492,2.59886,0.102434,0.0161403,0,0.0178506,2.45713,0,1.63254,0.0105841
,80.898321995,0,0,0.564773,1.35599,0.609677,0,0.021887,0,2.36416,0,0.0297072,0,0.0572868,0.00752372,0.170559,2.8206,0.211096,0,0.0611331,0.0157644,2.92555,0,1.36332,0
,80.944761904,0.0579948,0.0347271,0.460066,1.56302,0.702255,0,0.0535332,0,2.39697,0,0,0,0.104283,0.0385744,0.138938,2.73415,0.243151,0.00130749,0.394759,0.305822,2.44003,0.25725,0.270519,0.456037
,80.991201814,0.396826,0.0881924,0.0561845,0.887627,0.0687603,0,0.059831,0,2.46307,0.0571163,0,0.0119035,0.352717,0.104715,0.0629331,2.04659,0.115009,0,0.261679,0.327153,2.41603,0.392222,0,1.57431
,81.037641723,0.582142,0.0636377,0.257195,0.728421,0.0476942,0,0.0356689,0,2.43883,0.0326083,0,0.0108001,0.523302,0.0934958,0.288088,1.80988,0.079774,0,0.191538,0.340189,2.39517,0.40343,0,1.59074
,81.084081632,0.860145,0.031875,0.638216,0.671266,0.928708,0,0,0,1.35003,0,0,0.474421,0.435063,0.0188864,0.497885,1.81193,0.321559,0,0.184336,0.443443,2.24381,0.354084,0,1.26707
,81.130521541,0.804248,0.107129,0.388995,1.47171,0.894209,0,0,0.419919,0.636481,0.262482,0.239028,0.169163,0.599481,0.0304727,0.223251,1.97688,0.309614,0.00228868,0.317316,0.586118,1.96675,0.373218,0.147742,0.911399
,81.176961451,0.953635,0.158396,0,2.17788,0.821046,0,0,0.5855,0.37094,0.143785,0.858871,0.181317,0.549782,0.0450555,0.582043,1.89617,0.284281,0.00283837,0.452349,0.798912,1.30131,0.591931,0.490821,0.641581
,81.223401360,0.933732,0.136734,0,2.42592,0.416429,0,0.0254562,0.182598,0.0390458,0,1.10079,0.342255,0.282907,0.038894,1.21218,1.96601,0.144186,0,0.550608,0.635613,1.09703,0.865741,0.896815,0.0877224
,81.269841269,0.832657,0,0,2.39811,0.163375,0.0262644,0.146709,0.0106519,0.0538141,0.00494217,0.796488,0.336633,0.224265,0,1.79662,1.97607,0.0565674,0.00549674,0.503748,0.515293,1.08543,1.12067,0.999797,0.0862816
,81.316281179,0.674742,0,0,2.44895,0.158444,0.0126988,0.161176,0,0.14674,0,0.56907,0.159089,0.181733,0,2.14468,2.18509,0.0548601,0.00265767,0.584097,0.510751,1.03683,1.23736,0.885691,0.0407757
,81.362721088,0.572463,0,0,2.33314,0.220467,0,0,0.0134323,0.479678,0.0207039,0.387127,0.146426,0.154185,0,1.87295,2.16637,0.832357,0,0.599671,0.482339,0.952679,1.30314,0.850233,0.0375301
,81.409160997,0.698117,0.0324158,0,2.59552,0.130045,0,0.083332,0,0.073258,0.0193674,0.0532281,0.416851,0.202771,0.00922064,1.00656,2.15413,1.63155,0,0.618647,0.446422,1.15366,1.1554,0.881166,0.317373
,81.455600907,1.07043,0,0,2.2473,0.260124,0,0.15812,0,0.524656,0.174543,0.0635116,0.457129,0.620702,0,0.219601,2.09467,1.84071,0,0.44165,0.152923,1.33803,0.258975,1.0514,0.79417
,81.502040816,1.30451,0,0,1.66062,0.626538,0,0.204933,0,0.600888,0.0620335,0.141007,0.392798,0.812205,0,0.237284,2.24942,1.84714,0,0.572403,0.323297,1.09317,0.0350498,1.35721,0.80294
,81.548480725,0.890301,0,0.0659978,2.10591,0.583117,0,0.233042,0,0.455334,0,0.0659686,0.0837562,0.495198,0.0502275,0.329853,2.74341,1.31824,0.00174323,0.654108,0.520906,0.967802,0,1.44616,0.698252
,81.594920634,0.401336,0.0167581,0.037834,2.40283,0.174565,0,0.154772,0,0.335126,0.0218367,0.0662863,0,0.324775,0.186461,0.262392,2.68659,0.9009,0.00546155,0.542337,0.324349,0.903549,0.0119957,1.75141,0.0977243
,81.641360544,0.126738,0.0159987,0.117416,2.38834,0.18097,0,0.0368674,0.0497193,0.34783,0.219178,0.0584812,0,0.102561,0.258285,0.202599,2.35518,0.646961,0,0.169147,0.547986,1.07789,0.318532,1.81388,0
,81.687800453,0.339199,0.185523,0.164556,2.48544,0.102394,0,0,0.0677668,0.314598,0.316908,0.0092619,0,0.274491,0.472828,0.121669,2.74806,0.1311,0.000217187,0.0180916,0.736516,1.06519,0.635581,1.3315,0.12396
,81.734240362,0.536476,0.119529,0.207675,2.54968,0.0300822,0,0,0.142204,0.264574,0.256536,0,0,0.434135,0.40769,0.0627168,2.95641,0.0104158,0.0113784,0.0318632,0.662846,1.02635,0.617441,1.10275,0.266286
,81.780680272,0.623754,0,0.169156,2.44116,0.0155981,0,0,0.457467,0.175139,0.0831653,0,0,0.504763,0.241766,0.425228,2.48101,0.00590453,0.0105915,0.0967461,0.734582,0.983661,0.755302,1.18878,0.258578
,81.827120181,0.630905,0,0.109404,2.37909,0.0276228,0,0,0.588949,0.172177,0.0971749,0,0,0.51055,0.196816,0.670679,2.01101,0.0095642,0,0.120914,0.966733,0.983286,1.12571,1.25973,0.208911
,81.873560090,0.515661,0,0.124867,2.45191,0.0269049,0,0,0.515621,0.129306,0.111253,0,0,0.417291,0.135196,0.555635,2.28743,0.00931565,0,0.0573112,1.00572,0.749247,1.58339,1.12887,0.131023
,81.920000000,0.30355,0,0.115706,2.5386,0.051415,0,0,0.119277,0.0445603,0.461074,0,0,0.245643,0.150409,0.200107,3.13465,0.0178021,0,0.0121414,0.959829,0.26483,1.8223,1.05197,0
,81.966439909,0.0320057,0,0.102182,2.45563,0.0660049,0,0,0.0328523,0.131292,0.693223,0,0,0.0259001,0.191172,0.191399,3.46711,0.0228538,0,0.00616464,1.36311,0.234199,1.40383,1.17823,0
,82.012879818,0.00864589,0,0.146483,2.45052,0.0607661,0,0,0.22574,0.142176,0.373499,0,0,0.00699655,0.180224,0.228966,3.68986,0.0229295,0,0.0391966,1.71387,0.273091,0.813078,1.32746,0
,82.059319727,0.10568,0,0.109896,2.44456,0.0757417,0,0,0.304662,0.0190075,0.06954,0,0,0.0855194,0.185159,0.197047,4.00474,0.027952,0,0.044193,1.7786,0.125498,0.839183,1.5406,0
,82.105759637,0.23261,0,0.0623477,2.48231,0.0834408,0,0,0.217544,0.00918579,0.0308365,0,0,0.188236,0.167782,0.0552943,4.22729,0.0357122,0,0.0115205,1.63219,0.0418187,0.56973,1.60747,0
,82.152199546,0.290473,0,0.106797,2.59145,0.0600918,0,0,0.0853947,0,0.0511386,0,0,0.23506,0.181141,0.0437946,4.13406,0.0333114,0,0.0128588,1.37262,0.333019,0.687113,1.66018,0
,82.198639455,0.26611,0,0.112344,2.68378,0.0372772,0,0,0,0.0843079,0.197664,0,0,0.215346,0.199771,0.0339275,3.94831,0.0202433,0,0.0141843,1.15403,0.436264,0.579035,1.68519,0
,82.245079365,0.218043,0,0,2.62502,0.0576145,0,0.0903285,0.0545444,0.280613,0.408586,0.333544,0,0.058727,0.203895,0,3.72187,0.0199486,0,0.159395,1.21703,0.410476,0.423758,2.30346,5.7555e-05
,82.291519274,0.470401,0.310597,0,1.57897,0.234024,0,0.0507375,0.0553395,0.33201,0,1.22837,0,0.156399,0.255126,0,3.81086,0.0810293,0.0357955,0.190823,1.08778,0.33673,0.586995,2.48648,0.000134608
,82.337959183,0.684554,0.340334,0.633703,0.948831,0.380148,0.0187079,0.0274035,0.0131136,0,0,1.50675,0.49196,0.580199,0.158889,0.70982,3.66922,0.131624,0.126106,0.12075,0.642396,0.4862,0.612252,2.61772,0.126217
,82.384399092,0.45327,0,0.886219,0.427703,0.418381,0.531576,0.0500937,0.0199548,0,0,1.97465,0.651311,0.416112,0.00256676,1.29183,3.07389,0.144862,1.22645,0.0196238,0.167641,0.671861,0.409121,2.657,0.167006
,82.430839002,0,0,0.674813,0.783623,0,0.599705,0.0398986,0.102374,0,0,2.24748,0.624879,0.451261,0,1.83495,2.38255,0,1.84795,0.00854612,0.0348452,0.765179,0.122885,2.77289,0.160188
,82.477278911,0,0,0.251771,0.815015,0.0062549,0.492775,0.0182009,0.334999,0,0,2.3117,0.453001,0.599586,0,2.09407,1.51349,0.010462,1.95887,0.00389857,0.149479,0.54956,0.0933796,2.99405,0.116107
,82.523718820,0,0,0.0930996,0.599356,0,0.376825,0.0158198,0.613139,0,0.0748527,2.21029,0.269776,0.515376,0,2.23856,1.00248,0.00264191,1.89411,0.00338855,0.273588,0.508151,0.149908,3.11479,0.0691665
,82.570158730,0,0,0.18406,0.335841,0.128168,0.315084,0,0.871255,0.07302,0.099002,2.23132,0.168365,0,0.0140666,2.04604,0.891147,0.046037,1.91883,0,0.388762,1.02152,0.232223,3.37195,0.0433415
,82.616598639,0,0,0.47417,0.307545,0.103267,0.298247,0,0.659648,0.348561,0.0452938,1.83902,0.224578,0,0.0256914,2.00346,1.02202,0.0357555,1.76417,0,0.294341,1.3656,0.197945,3.48794,0.0577729
,82.663038548,0,0,0.189458,0.369603,0.571495,0,0.126024,0.315675,0.53077,0.120858,1.89365,0.332113,0,0.0244245,2.02301,1.17502,0.613609,1.50182,0.1937,0.140857,1.30329,0.15315,3.5438,0.0852686
,82.709478458,0,0,0.0196842,0.456726,0.572698,0,0.18957,0.641801,0.090631,0.103118,2.07129,0.271327,0,0.0130831,2.1849,1.32285,0.60021,1.49351,0.20226,0.286377,1.14877,0.173474,3.4951,0.069543
,82.755918367,0,0,0,0.281337,0.565435,0,0.158941,0.63859,0.0617194,0.104253,1.92168,0.124205,0,0.00447458,2.46149,0.856751,0.451209,1.70276,0.0647086,0.284944,0.886781,0.211781,3.16932,0.0318478
,82.802358276,0,0,0,0.0740796,0.641131,0.179486,0.42556,0.283656,0.135085,0.103014,1.89436,0.0965499,0,0.0156183,2.64376,0.517372,0.221987,1.78397,0.173256,0.14887,0.794016,0.425894,2.99843,0.0257322
,82.848798185,0,0,0,0.143126,0.558334,0.24883,0.446101,0.121062,0.162508,0.140737,1.48905,0.132336,0,0.0426654,2.70505,0.339829,0.195658,2.06268,0.181619,0.0895358,0.945105,0.830287,2.33989,0.0739094
,82.895238095,0,0,0,0.35823,0.287056,0.454826,0.250002,0.135467,0.165627,0.145833,1.46959,0.181104,0,0.0291383,2.41842,0.981609,0.106513,1.9939,0.101782,0.0986088,0.988506,0.701943,2.18315,0.0996632
,82.941678004,0.314006,0.0431341,0,0.423002,0,0.679148,0,0.351069,0.188285,0.157145,1.49529,0.20638,0.254105,0.0615707,2.25262,1.12874,0.0121541,1.94737,0,0.198951,1.11788,0.614851,2.18402,0.103493
,82.988117913,0.443763,0.0492712,0,0.250828,0,0.685103,0,0.66134,0.223655,0.14683,1.40603,0.200476,0.359108,0.0596536,2.20371,0.995803,0.0167281,1.96665,0,0.343931,1.31104,0.607002,2.24935,0.0845006
,83.034557823,0.282631,0.0383812,0,0.0460085,0.0221457,0.796668,0,0.597636,0.246244,0.162576,1.4991,0.200334,0.228715,0.0431199,2.36436,0.636935,0.027978,1.86389,0,0.316996,1.4519,0.776202,2.33218,0.0617451
,83.080997732,0,0,0,0,0.110608,1.05973,0,0.241442,0.199479,0.185622,1.53879,0.252925,0,0.0108333,2.55873,0.380237,0.0610393,2.09381,0,0.141421,1.21716,0.946757,2.24533,0.0673177
,83.127437641,0,0,0,0,0.381881,0.886229,0.0576092,0,0.122499,0.145619,1.61615,0.226808,0,0.00170546,2.25301,0.846392,0.147502,2.11563,0.0234541,0.00184942,1.39079,0.84979,2.1699,0.0581324
,83.173877551,0,0,0,0.133963,0.808504,0.383987,0,0,0.127312,0.0923854,1.67038,0.180279,0,0.0130454,1.72506,1.36664,0.288466,2.0174,0.00156416,0,2.01671,0.601436,2.1277,0.0462068
,83.220317460,0,0,0.0227642,0.578472,1.31788,0,0.0796349,0,0.168099,0.177479,2.19158,0.152033,0,0.0105077,2.11466,1.49754,0.481098,1.2787,0.22243,0,2.36532,0.181689,2.31922,0.0389671
,83.266757369,0,0,0,0.861322,1.03148,0.0473201,0.147341,0,0.12791,0.105777,2.38008,0.194075,0,0,2.31202,1.33554,0.445282,0.986651,0.411542,0.00224377,2.14403,0.0249025,2.35,0.0497427
,83.313197278,0,0,0,0.885671,0.651856,0.119898,0.0896756,0,0.0400652,0.119054,2.30678,0.232001,0,0,2.58099,1.0785,0.43898,1.13292,0.250475,0,1.74853,0.110747,2.25641,0.0594635
,83.359637188,0,0,0,0.722472,0.651755,0.0731386,0,0,0.0171547,0.132725,2.26194,0.16906,0,0,2.7382,0.724418,0.331522,1.21455,0.0115106,0,1.17454,0.164747,2.46716,0.145457
,83.406077097,0,0,0.453194,0.242367,1.11445,0.139475,0.481542,0,0,0,2.237,0.232814,0,0.10723,2.87804,0.442052,0.38587,1.45389,0.326603,0,0.684971,0.079608,3.00402,0.199807
,83.452517006,0,0,0.449804,0.375319,0.92631,0.16005,0.163925,0,0,0,2.08708,0.533626,0,0.259582,2.72477,0.630636,0.320728,1.53573,0.485884,0,1.0015,0.030011,3.25666,0.153019
,83.498956916,0.319317,0,0.100848,0.422181,0.775168,0.167224,0.11579,0,0.0396618,0.1368,1.91796,0.811217,0.0860038,0.264391,2.3047,0.891216,0.268396,1.56169,0.323391,0,1.31047,0.0698123,3.22074,0.207921
,83.545396825,0.526694,0.122809,0.00945663,0.436785,0.373752,0.0569858,0.0990422,0,0.183148,0.182355,1.8812,0.381077,0.141858,0.275316,2.22561,0.95456,0.123409,1.48957,0.297991,0,1.42566,0.0776214,3.21628,0.0976728
,83.591836734,0.636923,0.330611,0,0.687167,0.210176,0.127758,0.0803955,0.0660639,0.285699,0.101779,1.78599,0.228104,0.171547,0.314996,2.34128,0.811475,0.351544,1.25883,0.212385,0.0145421,1.3198,0.0927426,3.21147,0.0584647
,83.638276643,0.565699,0.580335,0,0.674677,0.306069,0.395808,0.0697613,0.341581,0.0582321,0,1.25058,0.133457,0.152363,0.438005,2.47116,0.626236,0.438896,1.20372,0.0781823,0.0751895,1.2611,0.0855523,2.39816,0.539497
,83.684716553,0.735828,0.422635,0.169423,0.415681,0.0545885,0,0.0774681,0.78938,0,0.0310833,0.81207,0.0151959,0.198185,0.320723,2.56688,0.619093,0.0112069,1.14962,0.0243066,0.202707,1.75712,0.106675,1.2985,0.606554
,83.731156462,0.472204,0.260172,0,0.736651,0.10683,0,0.0184942,1.06517,0.232495,0.379235,0.462967,0.0805959,0.455092,0.101275,2.32401,1.13777,0.021932,0.79371,0.00547248,0.343432,2.19558,0.549553,0.860386,0.133214
,83.777596371,0.334906,0,0.232369,0.70445,0,0,0,0.723838,1.01021,0.129533,0.0229774,0.467312,0.657064,0.031829,2.14205,1.41572,0,0.781758,0.00423406,0.304125,2.79335,0.43405,0.900146,0.119933
,83.824036281,0.501889,0,0,0.667287,0,0,0,0.1044,1.45128,0.172469,0,0.368856,0.755425,0.0255026,2.00858,1.61928,0.00268272,0.540269,0.00460808,0.0302134,3.13456,0.203378,0.988046,0.0946432
,83.870476190,0.437711,0.0399468,0,0.749921,0,0.120677,0.00415063,0.0358763,1.69721,0.170389,0,0.232951,0.728493,0.0249091,2.11782,1.56518,0.000762078,0.361212,0.0115932,0.00789715,3.27379,0.11492,1.1308,0.0597271
,83.916916099,0.139914,0.126529,0.165154,0.825018,0,0.147692,0,0.0680917,1.81856,0.15024,0,0.227303,0.675538,0.0401277,2.1507,1.46536,0,0.648995,0,0.0149884,3.22484,0.0353703,1.04006,0.0582594
,83.963356009,0.113256,0.165357,0,0.74851,0.165942,0.150924,0,0.0983949,1.7698,0,0,0.286907,0.576745,0.0710901,1.96778,1.53595,0.0574563,0.890534,0,0.022271,2.90871,0,0.716741,0.0735364
,84.009795918,0.0470706,0.15085,0.318502,0.931515,0.130383,0.0415815,0,0.223455,1.80336,0.473401,0.046155,0.758005,0.0380912,0.122284,2.04046,1.40054,0.0467603,0.907593,0.00422543,0.12322,2.77532,0.320628,0.749934,0.253173
,84.056235827,0.0744243,0.333243,0.520762,0.44314,0.1329,0.184374,0.0108638,0.346356,1.43202,0.534942,0.229982,0.665173,0.0602267,0.368391,2.45429,0.751559,0.0460157,0.572307,0.502847,0.18993,2.25543,0.518121,1.00436,0.331716
,84.102675736,0.109012,0.506414,0.35854,0.261327,0,0.588418,0,0.00669558,0.182581,0.71549,0.828549,0.396734,0.193989,0.516089,2.65766,0.540287,0,0.772585,0.648719,0.0424376,1.84825,0.615719,1.06414,0.149353
,84.149115646,0,0.5744,0,0.148429,0,1.09446,0.0150698,0,0.188491,0.446241,1.23013,0.130556,0.251154,0.567231,2.72399,0.409189,0.000936364,1.0849,0.287183,0.0388763,1.63556,0.870691,1.21591,0.0407098
,84.195555555,0,0.426437,0,0.0211536,0,1.27728,0,0,0.144798,0.472439,1.56896,0,0.271295,0.413862,2.70498,0.230737,0,1.28091,0,0.0334785,1.46286,1.36162,1.42013,0.0225507
,84.241995464,0,0.255189,0.222003,0.0162929,0.0770251,1.22634,0,0,0.0385681,0.556025,1.61688,0,0.225896,0.137454,2.86403,0.130823,0.0293071,1.28906,0,0.0313972,1.30924,1.20982,1.63538,0.00824478
,84.288435374,0,0.284178,0.325663,0,0.585862,0.539464,0.0518813,0,0.0100228,0.658273,1.51322,0,0.0227229,0.0808341,2.66888,0.0871603,0.218887,1.10686,0.0211221,0.0757276,0.883755,0.878333,2.55604,0
,84.334875283,0,0.618347,0.269008,0.148007,0.678657,0.282275,0.344457,0,0.0126251,0.921422,1.19374,0,0,0.185895,2.04646,0.824306,0.242181,0.860524,0.178325,0.0764178,0.981578,0.772698,2.60453,0
,84.381315192,0.319325,0.542699,0,0.2236,0.415126,0.18058,0.526135,0.063009,0.225188,0.93692,0.757189,0,0.0860058,0.171497,1.17245,1.77362,0.143734,1.26215,0.319523,0.0138697,1.25643,0.607285,2.44979,0
,84.427755102,0.791398,0.217841,0.0064102,0.289215,0.138014,0.118015,0.423605,0.167356,0.37604,0.736327,0.436418,0,0.213153,0.0619648,0.866512,2.24385,0.0477863,1.47987,0.193958,0.0368387,1.12853,1.46268,1.60053,0
,84.474195011,0.722693,0.132266,0.494815,0.887765,0.102613,0.0310816,0,0.869088,0.335032,0.362074,0.183611,0.630587,0.517557,0.126209,1.30453,1.42582,0.0862631,0.0660316,0.0351468,0.663738,0.73408,2.53039,0.497667,0.242908
,84.520634920,0.6231,0.197633,1.04795,0.679626,0.11328,0,0,1.00124,1.01042,0.35359,0.318139,0.427253,0.504233,0.410173,1.20153,0.524735,0.317325,0,0.105049,1.10835,0.946468,2.3794,0.080684,0.192938
,84.567074829,0,0.135987,1.27173,0,0.509306,0,0.721945,0.844941,0.430902,0.599233,0.658131,0.0668716,0,0.490271,1.49497,0.0342638,0.264307,0,0.581181,1.57953,0.963061,2.10818,0.216851,0.042188
,84.613514739,0.0420297,0.790998,1.31462,0,0.547486,0,0.712771,0.286635,0.366946,0.580892,0.657795,0,0.0201981,0.374935,1.60181,0,0.189563,0,0.887948,1.66671,0.79613,1.32988,0.481177,0
,84.659954648,0.0841926,0.846374,1.17979,0,0.468928,0.419774,0.623889,0.222624,0.431537,0.604186,0.588156,0,0.0322093,0.24075,1.9773,0,0.162363,0.157073,0.809623,1.56723,1.04637,0.947518,0.447849,0.0102843
,84.706394557,0.0943345,0.892567,1.23276,0,0.359017,0.443682,0.364792,0.0231727,0.733863,0.454734,0.599978,0.265349,0.164381,0.255308,2.4383,0,0.124307,0.164222,0.621146,0.734556,1.67376,0.394836,0.372264,0.201164
,84.752834467,0.21583,0.693411,0.987225,0.569439,0,0.145594,0.0738454,0,0.98601,0.459089,0.582692,0.647275,0.368839,0.19724,2.43359,0.183594,0,0.0574366,0.393863,0.0655154,2.11945,0.394022,0.294991,0.358021
,84.799274376,0.656409,0.267581,0.788339,0.859348,0,0,0.120543,0.0304982,1.00061,0.521232,0.408719,0.910889,0.774742,0.174646,1.61387,0.972007,0,0,0.0258199,0.231682,2.56646,0.416403,0.418609,0.451781
,84.845714285,0.779976,0.361749,0.135951,0.383171,0,0,0.108894,0.401432,2.11261,0.4537,0.0434744,0.791606,0.84404,0.521972,0.476351,1.19857,0,0,0.0814096,0.342401,2.50447,0.108856,0.94292,0.430117
,84.892154195,0.424051,0.106126,0.163143,0,0,0,0,0.953274,2.14643,0,0,0.341096,0.561193,0.417212,0.329643,1.30748,0,0,0.152946,0.914258,2.35343,0.07035,0.894942,0.239781
,84.938594104,0.380558,0,0.419203,0,0,0,0,0.461206,2.18737,0,0,0.255075,0.30796,0.296842,0.767538,1.16336,0,0,0.236919,0.591804,2.4084,0.0746544,0.706434,0.17931
,84.985034013,0.223478,0,0.196166,0.303999,0.433523,0.16098,0,0.00967086,2.4261,0,0,0.119991,0.231931,0.227237,0.850146,1.30048,0.331991,0.0602363,0.303111,0.106499,2.3933,0.058774,0.477808,0.0843507
,85.031473922,0.0947784,0.14034,0.0482401,0.461776,0.296746,0,0,0,2.43529,0,0,0,0.436828,0.230091,0.356074,2.05285,0.513269,0,0.335334,0.114209,2.60925,0.227419,0.152451,0.00747074
,85.077913832,0.0869488,0.229317,0,0.44154,0.258963,0,0,0.182093,2.44544,0,0,0,0.388736,0.379487,0.172498,2.25386,0.433145,0,0,0.628047,2.48031,0,0,0.353482
,85.124353741,0.234578,0.402617,0,0.281593,0.403688,0,0,0.317738,2.45723,0,0,0,0.648707,0.511475,0.314426,2.08473,0.305662,0,0,0.558916,2.10607,0,0,0.399973
,85.170793650,0.179796,0.32005,0.0118591,0.205551,0.227457,0.0487834,0,0.238864,2.49593,0.00617122,0,0,0.779592,0.349717,0.362576,1.97328,0.380447,0.103638,0.0212579,0.383448,1.95683,0.0554086,0.0668472,0.3678
,85.217233560,0.189897,0.271937,0,0.36347,0.197806,0.304961,0,0,2.50947,0.0429775,0,0,0.861856,0.256845,0.453932,1.76385,0.330853,0.114112,0.0397759,0.190736,2.1369,0.385875,0.301809,0.2831
,85.263673469,0.491513,0.339446,0.00179529,0.0664927,0.1543,0.412586,0.373392,0,2.23648,0.0575538,0,0.0566542,1.01376,0.320608,0.492312,1.09028,0.258085,0.154383,0.222718,0.101143,2.20887,0.516806,0.636661,0.100706
,85.310113378,0.720202,0.34349,0.149478,0,0.174841,0,0,0,2.09972,0.100047,0,0.0765584,1.27214,0.324427,0.478957,0.915865,0.292443,0,0.0786574,0.0884421,2.3324,0.555748,0.604019,0.0538185
,85.356553287,0.767538,0.412791,0.239519,0,0.271316,0,0,0,2.09843,0.0852391,0,0.00155607,0.650126,0.802773,0.31669,0.666455,0.471039,0,0.0149669,0.248194,2.47193,0.664605,0.526634,0.265592
,85.402993197,0.596105,0.425755,0.0604186,0,0.217818,0,0,0,2.23042,0.173334,0.00662116,0.00152972,0.482388,0.969854,0.191671,0.250346,0.950573,0,0,0.283883,2.17122,0.580648,0.765863,0.234033
,85.449433106,0.461991,0.347972,0.0633121,0,0,0.021494,0,0,2.53727,0.092943,0.00916703,0.00153223,0.570625,0.598473,0.100047,0.988163,0.919753,0.045663,0,0.312327,2.00617,0.348393,1.01504,0.108169
,85.495873015,0.358899,0.261722,0.0596472,0,0.151228,0.0275131,0,0,2.53623,0.00820834,0.00165479,0,0.507156,0.332501,0.0668117,2.17758,0.760159,0.0584504,0,0.334255,2.0609,0.079122,1.07649,0.0671621
,85.542312925,0.00315001,0,0,0.167959,0.379905,0,0,0,2.45968,0.00700689,0,0,0.614911,0.0789808,0,2.70917,0.700721,0,0,0.350496,2.30782,0.0663943,1.23227,0.0356263
,85.588752834,0.0963075,0.143471,0.580342,0.671561,0.964475,0,0.0580711,0,2.40076,0,0,0,0.830804,0.117333,0.203686,2.89198,0.508623,0,0.1622,0.258314,2.2688,0.00276825,1.25559,0
,85.635192743,0.132828,0.293182,0,0.631061,1.1207,0,0.0890168,0,2.5477,0,0.0153609,0,0.827775,0.830717,0.309524,1.30197,0.466207,0.784842,0.574688,0.00100939,2.06538,0.0683386,1.21191,0.00733699
,85.681632653,0.27993,0.373347,0,0.391867,0.319689,0,0,0,2.85605,0,0.025423,0,1.21777,0.940865,0,0.613303,0.534717,1.07338,0.803546,0.00897511,1.90103,0.129691,0.637253,0.00502043
,85.728072562,0.457221,0.175007,0,0.378533,0.358723,0,0,0,2.8244,0,0.0304069,0,1.02866,0.648475,0,0.595495,0.600006,0.981941,0.760777,0.0221955,1.91463,0.113196,0.934602,0.0127588
,85.774512471,0.781943,0.4681,0.0765376,0.597407,0.570447,0.446596,0.0398582,0,2.47372,0.00627103,0.0403543,0.0467986,0.862384,0.452674,0.0774177,0.960565,0.518528,0.632026,0.748895,0.208894,1.6502,0.164496,1.19574,0.0119948
,85.820952380,0.656875,0.499468,0.0614395,0.799746,0.805592,0.684726,0.122679,0,1.4309,0.202935,0.147253,0.0709356,0.327493,0.210857,0.0688192,2.15886,0.363134,0.36937,0.678332,0.388019,1.0062,0.19452,1.79678,0.0181813
,85.867392290,0.610686,0.436962,0,0.867823,0.980666,0.47049,0.144098,0.159153,0.382313,0.453823,0.111299,0.221796,0.180408,0.134969,0,3.1541,0.339549,0.180453,0.450222,1.02111,0.195009,0.287328,1.84251,0.0568479
,85.913832199,0.572587,0.33186,0,1.37955,0.941484,0.0651065,0.247296,0,0,0.715436,0.115428,0.289231,0.180339,0.140445,0,3.71697,0.325982,0.0313402,0.308273,1.15621,0.00916956,0.397943,1.54519,0.074132
,85.960272108,0.722066,0.0158014,0,1.63817,0.51106,0.0159107,0.217131,0,0,0.415126,0.245256,0.284821,0.211944,0.0983481,0,3.92926,0.176951,0.00575799,0.201284,1.38158,0.00591802,0.230456,1.37361,0.0730016
,86.006712018,0.313961,0,0.138331,2.42407,0.118109,0.0260871,0.13266,0,0.479082,0.419669,0.0988083,0,0.10137,0.219053,0.0417755,3.51626,0.0408944,0.00545963,0.0694224,1.53826,0.352825,0.211623,1.07667,0
,86.053151927,0.203354,0,0.17238,2.59966,0.11534,0,0.102299,0,0.558497,0.414648,0.418428,0,0.164561,0.791202,0.151786,2.90792,0.0399355,0.0370794,0.302018,1.58042,0.461924,0.274131,1.1996,0.00741844
,86.099591836,0.0810048,0,0.175286,2.28876,0.425286,0,0.161061,0,0.449739,0.444485,0.0409765,0,0.0655519,2.10354,0.0819241,1.90915,0.277892,0.0807364,0.449862,1.36993,0.730884,0.302624,1.05712,0.0941991
,86.146031746,0.0739575,0,0.0521545,1.89567,0.749884,0,0.146651,0,0.524861,0.409247,0.0296165,0,0.0598489,2.9028,0.0604781,1.20978,0.725968,0.178919,0.409614,0.905558,0.827741,0.225669,0.932209,0.110094
,86.192471655,0.360663,0,0.00325778,1.74897,0.892087,0,0.137368,0,0.560865,0.198558,0.0381359,0,0.291861,3.09716,0.00364909,1.12474,0.879657,0.305765,0.383686,0.695718,0.789802,0.109767,0.950563,0.100949
,86.238911564,0.436165,0,0,1.72069,0.880545,0,0.104135,0.000556967,0.414456,0,0.0502518,0,0.35296,3.01084,0,1.54191,0.916121,0.255806,0.290863,0.623342,0.743299,0.000255738,1.0261,0.0779249
,86.285351473,0.396858,0.193403,0,1.7363,0.567972,0,0.0730241,0,0.216451,0,0.330594,0,0.321151,2.27117,0,2.10256,0.628068,0.106765,0.203965,0.472736,1.09247,0.000193909,1.32744,0.0491451
,86.331791383,0.268806,0.45842,0.274528,1.82772,0.34717,0,0,0,0.132386,0.0617465,0.00328895,0,0.245116,1.31472,0.311899,2.12825,0.356481,0,0.00449987,0.393483,1.43718,0.554394,1.6439,0
,86.378231292,0.435241,0.39539,0.182958,2.2021,0.404659,0,0,0.14219,0.1281,0.0793683,0,0,0.807133,0.578838,0.834679,1.77023,0.281288,0.113106,0.0369553,0.274666,0.76703,0.712612,1.28995,1.57835e-05
,86.424671201,0.444822,0.257846,0.170942,2.30817,0.353862,0,0,0.260194,0.137319,0.0668077,0,0,0.778034,0.497071,1.16768,1.4823,0.222455,0.134661,0.137999,0.80042,0.779131,0.599836,1.05253,0
,86.471111111,0.334191,0.190071,0.161301,2.31222,0.292898,0,0,0.393114,0.15269,0.0571543,0,0,0.852847,0.375521,1.24075,1.41441,0.165447,0.0397644,0.330946,1.11951,0.869795,0.513163,0.888789,0
,86.517551020,0.181247,0.0667028,0.158764,2.29671,0.179054,0,0,0.297888,0.160003,0.0532934,0,0,1.05393,0.156155,1.69323,1.32269,0.0912728,0,0.456197,1.51609,0.921664,0.621448,0.709025,0
,86.563990929,0.00653036,0,0.14426,2.38543,0.0571907,0,0,0.149345,0.130003,0.058807,0.0102592,0,1.03968,0,2.05075,1.31266,0.0198019,0,0.362235,1.71577,0.761665,0.766262,0.759732,0
,86.610430839,0.0039035,0.0495168,0.0700807,2.61571,0.0209927,0,0,0,0.0375585,0.759217,0,0,0.986257,0.268708,2.1136,1.58476,0.00726858,0,0.185952,1.50171,0.240935,0.983895,0.604621,0
,86.656870748,0.14431,0,0.0146329,2.55971,0.05578,0,0,0,0.339476,0.68987,0,0,1.16119,0.964691,1.29308,1.5804,0.0230003,0.00392792,0.068576,0.996958,0.300372,1.25686,0.609718,0
,86.703310657,0.16871,0,0.0233844,2.59669,0.0996128,0,0,0.059523,0.324323,0.29378,0,0,1.27767,1.38564,0.383924,1.58186,0.126542,0.302973,0.0440236,0.823546,0.306678,1.05415,0.589314,0
,86.749750566,0.341508,0,0.0494716,2.65017,0.116697,0,0,0.102784,0.138595,0.0125963,0,0,1.30348,1.58059,0.251997,1.56807,0.10621,0.472217,0.0319392,1.12944,0.177686,0.469283,0.879055,0
,86.796190476,0.514764,0,0.0723949,2.64055,0.104085,0,0,0.0431157,0.0675245,0.00525809,0,0,1.37448,1.43709,0.355964,1.88711,0.0360388,0.510522,0.034309,1.49,0.0421966,0.449332,1.2677,0
,86.842630385,0.568856,0,0.0425048,2.61128,0.0972887,0,0,0,0,0.0167847,0,0,1.39934,0.983521,0.0128363,2.85968,0.0336855,0.423164,0.265526,1.51524,0.0239623,0.479148,1.39346,0
,86.889070294,0.450636,0,0.00459374,2.68553,0.0881899,0,0,0.0519867,0.12008,0.127187,0,0,1.37044,0.339587,0.00138729,3.5892,0.0305351,0.283332,0.347297,1.40645,0.113782,0.452949,1.53647,0
,86.935510204,0.179954,0,0.0437411,2.62249,0.103712,0,0,0.147693,0,0.160328,0.980989,0.000643516,0.610669,0.167131,0.329648,3.38205,0.0359095,0.023723,0.404593,1.59259,0.043273,0.360617,1.95333,0.0256746
,86.981950113,0.373589,0,0,2.12948,0.117403,0,0,0.317044,0.302696,0.0122027,1.50157,0.128655,0.331688,0.115348,1.19539,2.63325,0.04065,0.171683,0.302933,0.868758,0.170171,0.446697,2.19277,0.0473516
,87.028390022,0.666522,0,0.411434,1.76082,0.274029,0.226612,0.0422821,0.108911,0,0,1.55436,0.530995,0.4567,0.0905628,2.0142,1.60968,0.0948805,0.858044,0.0303998,0.550769,0.115486,0.356118,2.24488,0.148533
,87.074829931,0.560653,0,0.400103,1.1737,0.48561,0.497641,0.0460634,0.11262,0,0,1.89212,0.622511,0.620037,0,2.36486,0.710657,0.168139,1.75638,0.0106196,0.114995,0.188151,0.184246,2.87713,0.160924
,87.121269841,0.089109,0,0.236086,0.959072,0.509739,0.750243,0.0253206,0.0668709,0,0,2.02236,0.572233,0.234026,0,2.37711,0.401015,0.194238,2.31166,0.00542358,0.0147197,0.267768,0.0800615,3.32239,0.146667
,87.167709750,0,0,0,0.516084,0.135248,1.10197,0.0102542,0,0,0,2.22737,0.489527,0.0946053,0,2.07204,0.269143,0.0468289,2.6175,0.0021964,0,0.341519,0.157705,3.46881,0.130153
,87.214149659,0,0,0,0.341112,0.209847,0.844859,0.0244817,0,0,0.0667236,2.18156,0.257068,0.0506398,0,1.92512,0.208856,0.0726582,2.64513,0.00524388,0,0.307875,0.159989,3.51272,0.0792776
,87.260589569,0.0785373,0,0.202997,0.552541,0.211759,0.533268,0,0,0.00769876,0.134357,1.85379,0.160671,0.0635551,0,2.13716,0.23576,0.0733202,2.6043,0,0,0.397185,0.169865,3.49928,0.0411812
,87.307029478,0,0,0.409157,0.639164,0.598929,0,0.0630467,0,0.289892,0.0890242,1.84448,0.343548,0,0,2.47914,0.234628,0.565386,2.30522,0.0842935,0,0.752348,0.147173,3.36041,0.0880538
,87.353469387,0,0,0.0205306,0.735848,0.67814,0,0.0191391,0,0.135872,0.110557,1.99379,0.394556,0,0,2.36418,0.317275,0.68886,2.13963,0.0534579,0,0.769584,0.123747,3.33505,0.101127
,87.399909297,0,0,0.0336313,0.810473,0.674399,0.0306241,0,0,0.104695,0.0925953,2.16176,0.325607,0.0217148,0,2.03212,0.57818,0.641115,1.98835,0,0,0.597987,0.0687856,3.4861,0.0834553
,87.446349206,0,0,0,0.510178,0.704075,0,0,0.00233103,0.0304316,0.122825,2.3479,0.254885,0.298941,0.00529698,1.66399,0.592969,0.519647,1.91909,0,0.00895377,0.378892,0.0702911,3.55851,0.0653289
,87.492789115,0,0,0.000237611,0.132656,1.04433,0,0.275241,0.0396153,0.137454,0.18188,2.06366,0.139278,0.20178,0.0103337,1.76428,0.185601,0.361594,2.35381,0.112057,0.0240781,0.798223,0.714022,3.18674,0.054436
,87.539229024,0,0.0709855,0,0.535119,0.711513,0,0.134754,0.180887,0.490456,0.107802,1.5809,0.136176,0,0.0904209,1.91771,0.749358,0.246357,2.63913,0.0548616,0.115406,0.916328,0.727472,2.3748,0.0882905
,87.585668934,0,0.290717,0,0.805342,0.462564,0,0,0.214926,1.58591,0.114363,1.23858,0.178138,0,0.296539,1.86004,1.1023,0.166415,2.63584,0,0.137847,0.899593,0.721834,1.78713,0.107288
,87.632108843,0,0.199805,0,0.903744,0.0541918,0,0,0.00395152,1.96007,0.157036,0.873502,0.206817,0,0.202171,1.80595,1.22322,0.0332363,2.6241,0,0.0446156,0.976458,0.754842,1.79693,0.113193
,87.678548752,0.0984023,0.0505317,0,0.920385,0,0,0,0,1.99745,0.184422,0.795186,0.178384,0.0796305,0.0496253,2.00547,1.22563,0.015456,2.68143,0,0.0376254,0.997511,0.845505,1.96131,0.10001
,87.724988662,0.101551,0,0,0.887994,0,0,0,0,1.82323,0.184363,0.788899,0.185223,0.0821789,0,2.11563,1.20191,0.00614746,2.69601,0,0.0290422,0.904506,1.04581,1.9475,0.10941
,87.771428571,0,0,0,0.752639,0,0.18547,0,0.351794,1.51317,0.127186,0.812764,0.24147,0,0,2.01315,1.0187,0,2.72337,0,0.191124,0.970064,0.970084,2.02988,0.303784
,87.817868480,0,0,0.288846,0.512095,0,0.306136,0,0.648968,1.14165,0.0742909,0.805796,0.258693,0,0,2.08965,0.693123,0.020251,2.76595,0,0.308959,1.08809,0.358062,2.32484,0.397
,87.864308390,0,0,0.698517,0.141196,0.0199816,0.314095,0,0.979677,0.60654,0.0613867,1.10816,0.237707,0,0.0276532,2.23551,0.191109,0.0615298,2.73568,0,0.42057,0.897166,0.014452,2.65629,0.275693
,87.910748299,0,0,0.350246,0.142689,0.547966,0.378303,0,0.854585,0.373942,0.0726347,1.57785,0.182991,0,0.0240613,1.98192,0.19313,0.237516,2.81195,0,0.381323,0.744118,0.0171,2.71464,0.196973
,87.957188208,0,0,0,0.577633,0.729023,0.270913,0,0.280878,0.0316671,0.0754493,2.02112,0.139432,0,0,2.03827,0.431125,0.299377,2.69749,0,0.12533,0.596078,0.0346415,2.97332,0.126013
,88.003628117,0,0,0,0.594682,0.352121,0.692161,0,0,0.0366997,0.0539919,2.20524,0.167442,0,0,2.08047,0.364647,0.264882,2.59316,0,0,0.444308,0.0941415,3.33515,0.0543896
,88.050068027,0,0,0,0.332335,0.117385,0.950688,0,0,0.0471919,0.0456647,2.18904,0.192282,0.0167581,0,2.0269,0.188604,0.0842649,2.34836,0.00140201,0,0.367247,0.102316,3.52422,0.0621755
,88.096507936,0,0.0643729,0.516124,0.0142793,0.44205,0.370282,0.239668,0.30891,0.0454445,0,1.86172,0.16973,0,0.270623,2.0598,0.0193271,0.15334,1.82835,0.175095,0.137838,0.454676,0.0663192,3.42397,0.055084
,88.142947845,0.105491,0.288374,0.296802,0.00948213,0.0374223,0.284408,0.175048,0.445801,0.122306,0.0334934,1.55161,0.3169,0.0853667,0.529201,1.61966,0.0130662,0.0732919,1.55747,0.223177,0.19892,0.61477,0.0078852,3.01379,0.132081
,88.189387755,0.300303,0.285667,0.0357504,0.12096,0,0.119052,0.012201,0.226661,0.0110778,0.121292,1.63577,0.482469,0.243016,0.515912,1.71829,0.171004,0.0814239,1.46341,0.132465,0.106338,0.494773,0.0467114,2.82686,0.216488
,88.235827664,0.297296,0.102603,0,0.194118,0.0217524,0.176575,0,0.0265445,0,0.0860738,1.81259,0.516367,0.140927,0.289593,1.9815,0.270077,0.157146,1.59919,0.0467103,0.0178328,0.551618,0.0202639,3.02972,0.208615
,88.282267573,0.670663,0.0407332,0,0.101817,0.0828759,0.328099,0,0,0,0.114876,1.86436,0.325808,0.218458,0.082289,2.19397,0.13781,0.203528,2.23135,0.0397515,0,0.376618,0.0276915,3.26768,0.0861143
,88.328707482,0.671276,0.0372852,0,0.0345856,0,0.450301,0.033082,0,0,0.374753,1.89748,0.0288789,0.240793,0.0302369,2.10968,0.0468118,0,2.36284,0.00708603,0.00976019,0.0735629,0.173019,3.22587,0.00740187
,88.375147392,0.558519,0.0838322,0.206158,0,0,0.449511,0,0,0.349684,0.43197,1.73621,0,0.236935,0.0649182,2.24529,0.161324,0,2.39268,0,0.128068,0.475388,0.50577,2.47278,8.85082e-05
,88.421587301,0.668557,0.105999,0.751471,0.71941,0.0397327,0.312117,0,0,0.0893307,0.271998,1.32782,0.0429986,0.386741,0.230094,2.26063,0.516161,0.0677734,1.90342,0.197798,0.387321,0.58606,0.537221,2.00598,0.0295844
,88.468027210,0,0.230577,1.8538,0.781768,0.188703,0.391346,0,0.280651,0.104499,0.175525,0.820917,0,0.263416,0.371836,2.24982,0.317118,0.326735,1.78604,0.629862,0.553563,0.634314,0.309215,1.94802,0.0281839
,88.514467120,0,0.290035,2.38031,0.48898,0.207129,0.315621,0,0.962539,0.110749,0.122933,0.34808,0,0.246518,0.458326,2.13279,0.193429,0.367109,1.9013,0.751951,0.84531,0.669652,0.254694,1.76564,0.0319229
,88.560907029,0,0.668543,2.49475,0.227375,0.249061,0.482423,0,0.953051,0.0977796,0.0336859,0.169816,0,0.0536076,0.639458,2.029,0.0807721,0.444081,1.96169,0.756364,0.842822,0.549174,0.30245,1.93528,0.0246735
,88.607346938,0,1.34092,1.60489,0,0.251663,0.801362,0,0.749521,0.0469749,0.069089,0.0287713,0.134797,0,0.796062,1.63991,0.0143177,0.443966,1.82862,0.817485,0.800733,0.270937,0.620319,2.27633,0.0578075
,88.653786848,0.185428,1.65999,0.826412,0.103009,0.326179,0.730154,0.0636862,0.262554,0.00642316,0.0849776,0.0257097,0,0.0499426,0.704499,1.56901,0.193499,0.119455,1.97908,0.863761,0.489154,0.0493181,0.762976,2.36878,0.0381542
,88.700226757,0.849437,0.682814,1.13372,0.208478,0.362432,0.374807,0.10993,0,0.568831,0.0314354,0,0.0194436,0.228784,0.277965,1.52773,0.365164,0.131439,2.10705,0.730693,0.314514,0.523258,0.282244,2.00464,0.0518623
,88.746666666,0.599272,0.201665,1.75103,0.293387,0.361228,0.406795,0.0234558,0,0.292064,0.00131708,0,0.256387,0.161406,0.111261,1.68481,0.206772,0.150961,1.78061,1.01658,0.421638,0.65711,0.0118254,1.96815,0.110981
,88.793106575,0.00469568,0.283188,2.40702,0.425832,0.0523802,0.618883,0,0.169728,0.173029,0,0,0.0529131,0.00126472,0.254226,1.81449,0.153343,0.103745,1.73539,1.14946,0.583292,0.672793,0,1.91913,0.0779753
,88.839546485,0.000119652,1.08829,1.97696,0.352014,0.145866,0.105659,0.0118347,0.127665,0.190865,0,0.561224,0.0323576,0.0233571,0.651941,1.71315,0.215624,0.270888,1.50044,1.03755,0.566757,0.511806,0,2.08499,0.0580376
,88.885986394,0.173352,1.48794,0.0876004,0.507547,0.0920086,0.0522171,0.531271,0.0428863,0.0731933,0.0518804,0.886964,0,0.101212,0.81648,1.88259,0.469413,0.115788,0.970385,0.751983,0.118301,0.648838,0.465811,1.9547,0.00343187
,88.932426303,0.280308,1.43175,0.0603449,0.432564,0,0.384279,0.610971,0,0.0803438,0.254535,0.932995,0,0.0754972,0.745699,2.1401,0.424141,0.0904957,1.1066,0.336675,0,0.522331,0.334352,2.04661,0.000237898
,88.978866213,0.430232,1.32524,0.182045,0.221094,0.0166898,0.521617,0.216463,0.0237402,0,0.0166471,1.00869,0,0.115877,0.75727,2.22265,0.0958901,0.120758,1.29072,0.076177,0.0207442,0.336084,0.153087,2.47224,0.000215299
,89.025306122,0.494764,1.03962,0.489078,0.0267349,0,0.915257,0,0.0814848,0.0142255,0.00756149,1.17439,0.0233941,0.133258,0.747194,1.69677,0.569071,0.153857,0.665773,0.0080095,0.104348,0.494507,0.00341529,2.62477,0.00599607
,89.071746031,0.522214,0.688237,0.871064,0.0225117,0,1.06024,0,0,0.205714,0.163348,1.30592,0.116838,0.140651,0.536818,1.01625,1.51859,0.218142,0.682858,0.0147331,0.100195,0.297764,0.0439712,2.45453,0.041015
,89.118185941,0.52222,0.289285,0.902959,0.113179,0,1.18468,0,0,0.41583,0.253735,1.4156,0.130757,0.140653,0.47046,0.466362,1.60813,0.0577209,0.642317,1.45619,0.0442134,0.312434,0.226774,2.09774,0.0536507
,89.164625850,0.688046,0.0837828,1.09747,0.649078,0.112916,0.91235,0.124168,0,0,0,1.39347,0.0480755,0.207698,0.353631,0.331431,1.18551,0.188865,0.57026,3.0805,0.00300589,0.0474731,0.485346,1.43873,0.0123221
,89.211065759,0.224887,0,0.227754,0,0.423055,0.136941,0,0,0,0,0.0584873,0,0.613193,0.312838,0.25511,0.721719,0.719703,0.290925,3.47871,0,0.0749297,0.422714,1.26026,0
,89.257505668,0.147547,0,0,0.916061,0.946622,0.724448,0,0.0616786,0,0.0366489,0.0781741,0,0.1194,0.348728,0,0.295348,0.890435,0.271078,3.54943,0.0275215,0.156585,0.416644,0.956784,0
,89.303945578,0.48548,0.621583,1.05663,0.473773,0.768382,0.283701,0,0,0.0489495,0,0.336467,0.195468,0.260245,0.594576,0.319097,0.15275,0.933887,0.106157,3.31728,0,0.505447,0.299421,1.23291,0.0500999
,89.350385487,0.480738,0.843041,0.680269,1.01995,0.636333,0,0,0.221267,0.224371,0,0.0397214,0.42472,0.673484,0.596051,0.205438,0.562185,1.27131,0,3.12422,0.0487056,0.973341,0.217642,1.22451,0.179343
,89.396825396,0.65536,0.7774,0.468811,1.60257,0.525549,0,0,0.343842,0.288909,0,0,0.372418,0.938524,0.348752,0.141579,1.06721,1.93054,0.167906,2.40722,0.136756,1.29788,0.117156,1.05811,0.308865
,89.443265306,0.760409,0.521442,0.0584873,1.81751,0.326778,0.191454,0,0.509698,0.599976,0.0251134,0,0.194554,0.893541,0.636358,0.081302,1.29855,1.86755,0.43789,1.27037,0.194351,1.40439,0.115624,0.869709,0.262428
,89.489705215,0.866421,0.318334,0,1.55589,0.0802302,0.513205,0,0.392013,1.26861,0.135316,0,0.0438372,0.504579,0.715436,0.0395101,1.34781,0.851474,0.873993,1.78742,0.131466,1.39725,0.276826,0.738521,0.0112358
,89.536145124,0.808614,0.153893,0,1.07892,0,0.675586,0.00988872,0.213543,2.14274,0.225127,0,0.0122174,0.328873,0.689727,0,1.46586,0.146957,0.917706,1.64832,0.0711755,1.2903,0.49097,0.720495,0.00324215
,89.582585034,0.620721,0,0,1.21081,0.0711329,1.07723,0.118458,0.31647,2.25005,0.0994001,0,0.0326383,0.293264,0.103466,0.139096,1.72103,0.250958,1.05732,1.12979,0.0937772,1.87312,0.489272,0.596133,0.00848641
,89.629024943,0.649906,0,0.224347,1.47197,0.0970296,1.24738,0,0.340423,1.64954,0,0,0.321873,0.575666,0,0.603422,1.75848,0.204377,1.14546,1.08511,0.175141,2.2852,0.447611,0.272058,0.0953058
,89.675464852,0.582419,0,0.0456372,1.60755,0.121394,1.16062,0,0,2.32675,0,0,0.563118,0.626907,0,0.629528,1.54645,0.254153,0.932131,1.16774,0.0237472,2.66161,0.347237,0.448355,0.165812
,89.721904761,0.343794,0.0530736,0,1.29158,0.399566,0.645833,0,0,2.32305,0.00722681,0.367994,0.523992,0.700653,0.0409372,0.536425,1.2822,0.248103,0.8331,1.21762,0.0207879,2.62553,0.247047,0.666712,0.162793
,89.768344671,0.250001,0.105607,0,1.34788,0.575156,0.380272,0.0232133,0.27787,2.52098,0.0247461,0.641017,0.0528668,0.88721,0.03004,0.435387,1.38818,0.273804,1.02975,1.4334,0.0844744,2.53511,0.182504,0.444458,0.0400417
,89.814784580,0.304657,0.128773,0,1.15892,0.457946,0.394872,0,0.316893,2.13526,0.0262479,0.474463,0.393001,0.648014,0.392763,0.587999,1.32396,0.178221,1.26369,1.35375,0.115689,2.28934,0.447519,0.377442,0.131096
,89.861224489,0.403659,0,0.215616,1.0063,0.187637,0.605662,0,0.568345,1.38896,0.0656514,0.000723419,0.574241,0.742566,0.399246,0.54382,1.43945,0.0649681,1.4047,1.14399,0.307546,2.2379,0.930884,0.176452,0.209787
,89.907664399,0,0,0,1.42509,0.430723,0.820836,0,0.674263,1.58938,0.0747262,0,0,0.674048,0.260841,0.456042,1.44231,0.149135,1.36671,1.01082,0.355596,2.12967,1.13925,0.00055434,0.0659924
,89.954104308,0.000378856,0,0,1.47749,0.570565,0.889459,0,0.425727,2.07666,0.067858,0,0,0.625096,0.163384,0.493092,1.55406,0.197554,1.29132,0.922583,0.243972,2.13218,1.10474,9.87151e-05,0.077236
,90.000544217,0.130159,0,0.574709,1.33916,0.468994,1.02247,0,0,2.45036,0.0363185,0,0,0.595673,0.11116,0.699982,1.48602,0.173339,1.20494,0.860945,0.0497669,2.23084,0.788695,0.0004764,0.102311
,90.046984126,0.250773,0.028347,0,1.09108,0.416446,0.762612,0,0,2.45759,0.152605,0.575996,0.08159,0.764095,0.00806329,0.646166,1.31612,0.155891,0.897561,0.999692,0.0386261,2.283,0.858739,0.142925,0.123703
,90.093424036,0.220403,0.0395237,0,0.721092,0.451108,0.725157,0,0,2.22489,0.325469,0.409494,0,0.673463,0.0112425,0.505388,1.21202,0.156193,0.723036,0.795465,0.0319331,2.24455,1.15961,0.189088,0.108107
,90.139863945,0.529652,0,0.23876,1.1947,0.270917,0.65143,0,0.206599,1.65851,0.300128,0.0122588,0.466025,0.824346,0.0273618,0.315756,1.76481,0.0946246,0.652553,0.263999,0.216126,2.64205,0.57318,0.0387898,0.18642
,90.186303854,0.664622,0,0.294081,1.10126,0.350988,0.775965,0,0.186664,2.06542,0.0280479,0,0.247063,0.891183,0.0612466,0.391052,1.4153,0.377257,0.580925,0.027052,0.291989,2.78501,0.335081,0.236247,0.118077
,90.232743764,0.715493,0,0.109097,1.2021,0.441058,0.884096,0,0,2.53536,0,0,0.305215,0.987021,0.0492008,0.413261,1.46424,0.382248,0.628123,0.17034,0.210737,2.85448,0.0992324,0.326438,0.149347
,90.279183673,0.589098,0.0788626,0.0458764,1.27454,0.424309,0.852184,0,0,2.68609,0.275291,0.0638871,0.395237,0.629267,0.0791254,0.737502,1.4515,0.146914,0.760814,0.203703,0.227211,2.47519,0.0978,0.607508,0.147004
,90.325623582,0.213323,0.148086,0.0243446,1.19307,0.492872,0.356838,0,0.0105724,2.2526,0.110308,0.529257,0.188102,0.0574556,0.242183,0.704374,1.22563,0.170654,0.454234,0.507238,0.073429,1.52631,0.0259692,0.383538,1.62167
,90.372063492,0.149113,0.188757,0,1.37827,0.333293,0.163256,0,0.156542,1.92332,0.440294,0.526704,0.036451,0.0401615,0.294066,0.495298,1.31731,0.117048,0.115125,0.764592,0.0930694,1.22398,0.103656,0.179052,2.03468
,90.418503401,0.84626,0.22487,0.448293,0.947775,0.953908,0,0.0277664,0,0.469301,0.649226,0.0181769,0.0413606,0.227929,0.295098,0.553762,1.28642,0.333016,0.132637,1.02874,0.0196548,0.776217,0.356644,0.60087,1.57581
,90.464943310,0.714686,0.477379,1.18694,0.754229,0.794704,0,0.135466,0,0.0498794,0.552579,0.199025,0.120961,0.211263,0.34696,0.664804,1.26176,0.276871,0.195639,1.37672,0.278147,0.464811,0.303552,1.34971,0.799724
,90.511383219,0.696857,0.633227,1.16584,1.10399,0.527047,0,0.220421,0,0.0983058,0.294044,0.0536691,0.161974,0.263257,0.364501,0.707593,1.24734,0.182486,0.212789,1.45682,0.573373,0.455738,0.131801,1.80746,0.254734
,90.557823129,0.743044,0.457229,0.971383,1.63468,0.0164147,0.0137929,0.326848,0.0414421,0.323051,0,0.037646,0.180485,0.317054,0.272235,0.812952,1.21391,0.00568347,0.399544,1.10501,0.709688,0.706263,0,1.91026,0.137106
,90.604263038,0.752887,0.24847,0.596493,1.79878,0.206283,0.0597808,0.238955,0.107012,0.380702,0,0.0366306,0.271044,0.313473,0.188884,0.930748,1.08227,0.180799,0.771466,0.347393,0.806189,0.820127,6.44305e-05,1.95814,0.0694704
,90.650702947,0.875712,0,0.467715,1.57539,0.300683,0.0385393,0.202326,0.289186,0.588101,0,0.0504571,0.229045,0.295731,0.150141,0.868142,1.13812,0.293053,0.486798,0.20097,0.846912,0.938581,0,1.85005,0.0587058
,90.697142857,1.04547,0,0.626522,0.999929,0.197571,0.00685899,0.213916,1.3946,0.0085526,0,0.20437,0.0756807,0.281582,0.477219,0.701777,2.05297,0.165506,0.266047,0.451068,1.02229,0.630157,0.000544721,1.70721,0.0288502
,90.743582766,0.652164,0,0.702189,0.582601,0.223944,0.517685,0.142768,2.04227,0.027045,0,0.0741652,0,0.175652,0.745285,0.857672,1.91429,0.283729,0.51791,0.0305804,1.69204,0.954374,0.00357315,1.41195,0.216403
,90.790022675,0.536044,0,0.799458,0.646968,0.32097,0.783206,0,2.35441,0.0208224,0.26566,0.0165531,0.428224,0.267366,0.679262,1.07163,1.55375,0.541348,0.695651,0.00562965,2.02296,0.849512,0.0682549,0.846976,0.47599
,90.836462585,0.577262,0,0.487699,0.756765,0.598201,0.414009,0,2.41817,0.0151127,0.388791,0,0.53272,0.300875,0.541791,1.1848,1.32008,0.426511,0.752927,0.00820579,2.00554,0.689075,0.0971016,0.649238,0.85239
,90.882902494,0.528399,0,0.236302,0.862633,0.58886,0.0773164,0.200638,2.08477,0.0129883,0.144377,0,0.352143,0.379046,0.58401,1.34893,1.1715,0.382147,0.763769,0.0552094,1.82471,0.41111,0.0389736,0.723272,0.770007
,90.929342403,0.517359,0,0.33537,0.804983,0.434618,0.0337251,0.0963516,1.96567,0.460914,0.123375,0,0.166057,0.271875,0.806249,1.27101,1.09001,0.203141,0.747594,0.0367737,1.94473,0.239078,0.263572,0.879772,0.579589
,90.975782312,0.516881,0,0.858374,0.721294,0.255815,0,0.165514,2.02052,0.49484,0.102474,0,0.122862,0.170683,0.734172,1.18413,1.66134,0.0885741,0.692743,0.0642002,1.79726,0.263899,0.370021,0.708587,0.289622
,91.022222222,0.315382,0,1.42631,0.287976,0.0953774,0,0,1.61998,0.658142,0.16362,0,0.244592,0.0849439,0.722191,1.04564,1.06298,0.0330238,0.671153,0,1.83998,0.866894,0.571978,0.732324,0.751675
,91.068662131,0.328217,0,1.01848,0.736879,0.130469,0.268439,0,1.66369,0.145689,0.0837563,0,0.539044,0.088401,0.709268,0.789219,1.0532,0.045174,0.960015,0,1.7979,0.954635,0.75201,0.477394,0.919408
,91.115102040,0.428339,0,0.577313,0.717503,0.0986316,0.210604,0,1.64915,0.128743,0.110917,0,0.593417,0.154086,0.711395,0.744178,0.971145,0.0388335,1.07852,0,1.79018,0.915863,0.995871,0.391123,0.812176
,91.161541950,0.638437,0,0.585295,0.715107,0.220635,0,0,1.66266,0.104979,0.124518,0.367136,0.456129,0.322401,0.700531,0.752292,0.967902,0.209227,1.11902,0,1.67466,0.725325,1.11799,0.491435,0.524028
,91.207981859,0.544315,0.0720966,0.330412,0.509181,0.123814,0.0639876,0.00523736,1.35673,0.554128,0.430637,0,0.167078,0.28306,0.564798,1.04135,0.352946,0.226885,1.04818,0.00112182,1.44464,0.781965,1.2549,0.780042,0.11907
,91.254421768,0.273122,0.00134241,0.642964,0.0374388,0.131968,0.0763673,0.0798548,1.38557,0.638447,0.348356,0,0.0888717,0.618571,0.323419,1.41321,0.636671,0.176341,0.80117,0.0171046,1.45743,0.834685,1.15529,0.885099,0.0288674
,91.300861678,0.399982,0,0.8641,0.313113,0.00991672,0.080372,0.0600295,1.75624,0.59795,0.177132,0.0356199,0.253621,0.665515,0.441994,1.60155,0.973571,0.00343359,0.652963,0.0151557,1.76233,0.471079,0.6936,1.27126,0.47895
,91.347301587,0.56729,0,0.941768,0.723196,0.0191286,0.400633,0,2.47047,0.109669,0.523646,0,0.29635,0.58093,0.67419,1.28196,0.834899,0.0199699,0.815445,0,2.14141,0.702551,0.130322,1.15355,0.682377
,91.393741496,0.508893,0,0.590901,0.836884,0.537186,0.430888,0,2.46044,0.103941,0.459821,0,0.343119,0.488479,0.727253,1.26448,0.828234,0.231413,0.82073,0,2.25348,0.658585,0.111256,0.929012,0.862014
,91.440181405,0.564651,0,0.209167,0.911736,0.512116,0.25482,0.014401,2.16651,0.0406523,0.362076,0,0.221739,0.500152,0.693882,1.29262,0.790598,0.438757,0.519423,0.00308464,2.06258,0.774753,0.0890796,0.745783,0.999262
,91.486621315,0.393094,0,0.329432,0.663037,0.456939,0.0932903,0.170277,1.74966,0.607656,0.0591115,0,0.0592151,0.106539,0.0221719,0.854523,1.00314,0.662185,0.384132,0.0555498,1.20232,2.68995,0.0154045,0.00076077,0.994947
,91.533061224,0.494867,0.00630635,0.488416,0.329587,0.34924,0,0.14331,0.961539,0.746224,0,0,0.00105315,0.133286,0.00418864,1.12515,0.876079,0.651674,0.232846,0.0591288,0.381648,3.34108,0,0,0.634712
,91.579501133,0.247477,0,1.75213,0.0397177,0.778469,0,0.586254,0.918484,0.397151,0,0,0,0.200267,0,1.21658,0.886131,0.496734,0.155887,0.241247,0.500438,3.21847,0.0378008,0,0.561697
,91.625941043,0.793728,0.396896,1.49564,0,0.449485,0.310648,1.14285,0.054037,0.440178,0.137218,0.120116,0.0932289,0.411863,0.112897,1.09981,0.985662,0.155631,0.716626,0.466147,0.315306,2.83447,0.160293,0.0742434,0.645051
,91.672380952,0.769887,0.795949,0.608937,0,0.16412,0.547979,1.23626,0,0.186405,0.266178,0.731707,0.127594,0.8547,0.249623,0.701347,1.04009,0.0568256,1.16416,0.661667,0.539785,2.09374,0.249324,0.452266,0.605373
,91.718820861,0.811256,0.812935,0.16586,0,0,0.751443,0.82784,0.178428,0,0.00517953,0.967593,0.139709,1.13436,0.280114,0.788349,0.482838,0,1.87017,0.715982,0.618687,0.771847,0.0807779,0.598067,0.587759
,91.765260770,0.876736,0.519658,0,0.6139,0,0.872903,0.35046,0.0571035,0,0.00624881,1.46438,0.235062,1.28792,0.207266,0.776205,0.290798,0,2.44784,0.488563,0.340643,0.18286,0.0034327,0.905201,0.658168
,91.811700680,0.817172,0.301374,0,0.692372,0.0356152,0.913101,0.209995,0.115903,0,0,1.73307,0.193674,1.80836,0.199964,0.655969,0.263482,0.0396458,2.30411,0.237024,0.0594597,0.562828,0,1.0712,0.793238
,91.858140589,0.720639,0.0786591,0,0.506302,0.280402,0.86607,0.129075,0.247292,0.00704803,0,1.83639,0.0346737,2.16784,0.0987946,0.740157,0.243042,0.551814,1.76131,0.131009,0.0671681,0.44044,0,1.23729,0.472016
,91.904580498,0.671098,0,0,0.474737,0.390252,1.1352,0.176984,0.350503,0.153789,0,0.891817,0.0141033,1.56378,0.101345,1.33376,0.370674,0.60551,1.81413,0.110467,0.183463,0.504408,0.0115048,1.84471,0.0488113
,91.951020408,0.555794,0,0.422467,0.987955,0.249651,1.49335,0.0133209,0.358816,0.0135803,0.0701395,1.87047,0.1219,0.948219,0.0902915,1.50947,0.662714,0.51457,1.75151,0.042713,0.383472,0.53428,0.269978,2.03753,0.112504
,91.997460317,0.320523,0,0.127048,1.17721,0.225015,1.34217,0.0228685,0.113384,0.456677,0.343988,2.28881,0,0.929414,0.0193791,1.60488,0.379546,0.478923,1.60589,0.0638746,0.297542,0.506326,0.389789,2.01268,0.11842
,92.043900226,0.0375176,0.0444563,0,1.39933,0.429446,1.18189,0.00969298,0.038102,0.121366,0.551907,2.34275,0,1.21059,0.0340234,1.516,0.647267,0.413493,1.45177,0.0357992,0.227745,0.289716,0.35665,1.82638,0.116181
,92.090340136,0.206722,0.0302075,0,1.08914,0.455304,0.993345,0,0.0192021,0.0479634,0.612053,2.27428,0,1.53034,0.0323992,1.32048,0.713649,0.307933,0.961027,0.0249722,0.12841,0.240516,0.257659,2.22885,0.0430042
,92.136780045,0.485839,0,0,0.766891,0.2374,1.01066,0,0.133476,0.148998,0.668379,1.90051,0.0301774,1.26324,0.0565346,1.15156,0.747797,0.0979683,0.986097,0.00887423,0.156584,0.364152,0.260818,2.72642,0.012074
,92.183219954,0.51871,0,0.154448,0.416539,0.18616,0.746815,0,0.367867,0.647719,0.541948,1.03736,0.0159874,0.678075,0.025016,0.64735,0.693282,0.142774,1.68262,0,0.251308,0.998179,0.471706,2.53618,0.0601258
,92.229659863,0,0.265681,0.523586,0.606465,0.5104,1.03727,0,0.452307,0.160072,0.476829,0.893085,0,0.181585,0.11856,0.91212,0.715934,0.546926,1.83043,0,0.764607,0.965118,0.478454,2.26933,0.0482379
,92.276099773,0,0.140339,0.862692,0.626599,0.50183,1.24826,0,0.536066,0.154387,0.178885,1.13004,0,0.036402,0.0932405,1.14565,0.46761,0.547225,1.80092,0,0.93645,0.946869,0.383547,2.42602,0.0475374
,92.322539682,0.212437,0,0.688217,0.757445,0.467141,1.22385,0,0.730354,0.152817,0.163722,1.22768,0,0.298418,0.0540351,1.05441,0.382892,0.49507,1.71394,0,0.822616,0.935528,0.526099,2.44461,0.0505045
,92.368979591,0.39524,0,0.522622,0.835042,0.453187,1.1172,0,0.980928,0.133025,0.17979,1.26412,0,0.666175,0.0404628,0.675172,0.450593,0.450927,1.38432,0,0.829368,0.780313,0.669947,2.35038,0.0429876
,92.415419501,1.01333,0.159884,0,0.457478,0.560034,0.848778,0,0.894087,0.0818328,0.221015,0.905158,0.100374,0.89538,0.0675143,0.727936,0.656276,0.225517,0.691248,0,0.920412,0.45961,0.981822,2.29075,0.048605
,92.461859410,1.27784,0.00154225,0,0.671393,0.565494,0.317346,0,0.604213,0.0730837,0.308828,0.406982,0.00830175,1.33051,0.0353469,0.810917,0.693651,0.195798,0.840948,0.0086866,0.530407,0.422119,0.83966,1.85088,0.0100038
,92.508299319,0.756119,0,0.474539,0.610245,0.681255,0.39371,0,0.521748,0.0602433,0.284296,1.11945,0.0784687,0.991491,0.0498442,1.32547,0.566759,0.615517,1.40348,0,0.426677,0.355027,0.439219,1.89607,0.0564347
,92.554739229,0.325193,0,0.383874,0.496663,0.594058,0.74305,0,0.299909,0.594165,0,1.9176,0.311217,0.705499,0.0856092,1.63565,0.168234,0.780129,1.34114,0,0.335176,0.330383,0.103485,2.44816,0.128995
,92.601179138,0,0.0079924,0.0571555,0.862035,0.555462,0.973588,0.0253325,0.139555,0.414422,0.46925,2.23191,0,0.57967,0.0729086,1.69308,0.284474,0.611108,1.52522,0.0707568,0.244183,0.101836,0.223326,2.44369,0.0498425
,92.647619047,0.0714075,0,0,1.1709,0.432367,1.2701,0.0168967,0.118781,0.0679967,0.593165,2.26676,0,0.61758,0.0773592,1.61137,0.569324,0.419698,1.63918,0.0471945,0.3078,0.0193,0.244225,2.34702,0.0433799
,92.694058956,0.502806,0,0,0.945091,0.253513,1.05688,0.0317979,0.14441,0.0240561,0.633454,2.21302,0,0.590052,0.124026,1.39024,0.51637,0.20622,1.62739,0.0888154,0.805076,0.0102971,0.264266,2.45407,0
,92.740498866,1.01445,0,0,0.26482,0.938622,0.384883,0.373421,0,0.272925,0.344863,1.90096,0.0437566,0.541344,0.0675655,0.933198,0.465047,0.379266,1.40407,0.336482,1.14091,0.0887955,0.320536,2.5267,0.0112876
,92.786938775,1.19143,0.116797,0.869946,0.496047,0.777139,0.240402,0.759922,0,0.411835,0.260435,0.105975,0.163206,0.495902,0.0368316,0.964261,0.729487,0.352834,1.50371,0.979481,0.726303,0.487756,0.317151,1.91449,0.0996274
,92.833378684,0.909534,0.632135,0.738798,0.49902,0.600698,0.341181,0.46593,0,0,0,0.102926,0.12263,0.525343,0.183762,1.20086,0.72804,0.310563,1.66162,0.925636,0.556159,0.482068,0.268932,1.71453,0.186995
,92.879818594,0.749344,0.538085,0.408524,0.801003,0.212424,0.480815,0.348643,0.0535545,0,0.0811672,0.413114,0.144926,0.563713,0.158777,1.31717,0.648658,0.275387,1.73026,0.555344,0.439355,0.474337,0.348705,1.6688,0.131175
,92.926258503,0.721435,0.508507,0.113728,1.26923,0.117316,0.637533,0.204066,0.032016,0,0.0238847,0.552413,0.262415,0.622156,0.153943,1.34044,0.655501,0.31932,1.77764,0.262848,0.301947,0.344635,0.343835,1.61623,0.0674342
,92.972698412,0.681105,0.276383,0.0130233,1.32337,0.124279,0.680578,0.1362,0.0867783,0,0,1.03995,0.239542,0.696953,0.0973214,1.40852,0.646081,0.282621,1.75622,0.0322087,0.338706,0.0503881,0.31683,1.85916,0.0615775
,93.019138321,0.671963,0.0790831,0,0.777806,0.176091,0.915045,0.100019,0.196368,0,0,1.49123,0.143342,1.06315,0.117888,1.32895,0.566628,0.247713,1.43051,0.063814,0.48801,0.00282635,0.361611,2.08916,0.0369138
,93.065578231,0.716301,0,0,0.420731,0.368753,0.691521,0.264439,0.311683,0.00711802,0,1.41635,0,1.10566,0.0963085,1.16712,0.507921,0.782869,1.57077,0.376477,0.347254,0.048852,0.399395,2.17195,0.00054285
,93.112018140,0.589871,0,0.560222,0.140353,0.494766,0.93513,0.111625,0.283279,0.468041,0,1.64318,0.0880631,0.753446,0.0997157,1.55531,0.194855,1.14666,1.82023,0.311783,0.255667,0.118378,0.414568,2.38346,0.023182
,93.158458049,0.468987,0,0.495512,0.521291,0.37478,1.09382,0.0680047,0.067224,0.495569,0.166184,1.759,0.014774,0.518153,0.11906,1.71071,0.187445,0.958019,1.89969,0.189945,0.151395,0.125001,0.457352,2.39837,0.00437725
,93.204897959,0.306465,0,0.185142,0.891923,0.507452,1.16269,0.0557757,0.00626493,0.149514,0.600683,1.86221,0,0.450856,0.14378,1.66423,0.464577,0.694117,1.89747,0.155788,0.135132,0.0463903,0.564772,2.31083,0.000540512
,93.251337868,0.496392,0,0,0.798556,0.580821,1.08841,0.053852,0,0.064972,0.641063,1.75106,0,0.55398,0.194966,1.54675,0.556552,0.508919,1.72241,0.150415,0.150946,0.0308901,0.57275,2.37798,0.00213117
,93.297777777,0.927532,0,0,0.379094,0.51512,0.895743,0.0726921,0.0354217,0.153333,0.63156,0.89867,0,0.678475,0.249141,1.48246,0.428541,0.324642,1.50504,0.203038,0.108517,0.0560411,0.570789,2.39832,0
,93.344217687,1.03643,0.00885068,0.252637,0.011079,0.276075,0.841582,0.0398226,0.238189,0.585265,0.479355,0.169682,0.0413539,0.679379,0.258108,1.50168,0.104125,0.151933,1.82721,0.111229,0.256786,0.575919,0.711624,1.98807,0.0278848
,93.390657596,0.779501,0,0.523454,0.496202,0.206294,0.821761,0.0232599,0.121698,0.079774,0.600989,0.768905,0.119836,0.425759,0.228354,1.68499,0.714278,0.163729,2.09606,0.00946966,0.264246,0.549517,0.688312,1.26296,0.130218
,93.437097505,0.148096,0.442381,0.639523,0.54892,0.310177,1.1415,0,0.266869,0.0467895,0.394081,1.29001,0,0.209292,0.305625,1.61071,0.80425,0.225019,2.0152,0,0.336551,0.36707,0.769405,1.38915,0.117294
,93.483537414,0.0535033,0.203239,0.979544,0.752943,0.363835,1.28099,0,0.40534,0.0541871,0.281789,1.45351,0,0.0794872,0.182405,1.47926,0.805437,0.274879,2.02413,0,0.397338,0.397703,0.770717,1.45393,0.113803
,93.529977324,0.222779,0.435793,0.340432,0.753486,0.397665,1.28821,0,0.569428,0.0353733,0.100025,1.41379,0,0.159892,0.365794,0.912139,0.789158,0.281843,1.30794,0.468962,0.3276,0.212428,0.898079,1.87604,0.472613
,93.576417233,0.22715,0.226193,0.252734,0.817612,0.32492,1.1887,0,0.531422,0.0537549,0.403754,1.07829,0.0120619,0.781334,0.276404,0.0763247,0.731826,0.261798,1.31375,0.460032,0.554134,0.301912,0.919898,1.0757,1.3513
,93.622857142,0.677473,0,0,0.586212,0.701107,1.28852,0,0.342012,0.0442616,0.562836,0.715948,0.0156035,2.05371,0.251779,0,0.793442,0.242753,0.906644,0.418306,0.624346,0.248593,0.673591,0.458645,1.30593
,93.669297052,0.312106,0,0,0.591041,0.267609,0.135199,0.598323,0.690839,0.0486804,0.864669,0.207326,0.0056653,2.30679,0.570549,0.712888,0.799978,0.447607,0.316058,0.950886,0.990931,0.273411,0.783731,0.138276,0.810608
,93.715736961,0.026464,0,0,0.444887,1.11905,1.28083,0.115637,0.202225,0.0257249,0.393438,1.00031,0,0.95007,0.819136,1.84319,0.537258,0.59336,0.479265,0.875286,1.57849,0.145463,1.00615,0.622502,0.501096
,93.762176870,0,0.0182954,0.58728,1.29898,0.667993,1.26435,0.114179,0.0271513,0,0,1.67351,0,0.093336,0.489325,2.5827,0.418807,0.623548,0.473099,0.879534,1.50893,0.00325024,1.01298,1.32159,0.11927
,93.808616780,0,0,0.316301,1.66238,0.760872,1.08182,0.0596918,0.0675853,0,0,1.65678,0,0.0393061,0,2.69407,0.535969,1.30994,0.4048,0.661657,1.34238,0.00250534,1.00787,1.55757,0.0838182
,93.855056689,0,0,0,1.74105,0.754721,0.987588,0,0.2278,0,0,1.46492,0,0,0,2.12632,0.561336,2.66001,0.452944,0.230081,0.83542,0.0863008,0.769979,1.66896,0.39018
,93.901496598,0.358869,0,0,0.448548,0.084752,0.177233,0.0392941,0.480115,0,0,1.17119,0.0868368,0.290409,0.0185811,0.527096,0.607112,3.37429,0.376524,0.0269178,0.24206,0.150703,0.807006,1.83643,0.834931
,93.947936507,1.04711,0.102393,0.752303,0.819166,1.08455,0.134543,0.383953,0,0.684005,0,0.83016,0.103338,0.446388,0.0418135,0.227192,0.939082,3.22443,0.0503439,0.156316,0.18202,0.671458,0.866029,1.24978,0.826451
,93.994376417,0.573261,0.602253,1.07929,0.520172,0.986052,0.13861,0.30545,0,0.248425,0.210777,0.489834,0.0710004,0.693664,0.22163,0.32594,1.66675,2.65708,0.179424,0.124356,0.259932,1.07699,0.44523,0.876461,0.708348
,94.040816326,0.563809,0.754702,0.790006,0.801739,0.794418,0.290721,0.07408,0.170431,0.152062,0,0.364638,0.0295745,1.07639,0.289557,0.238579,2.32645,1.74577,0.108783,0.119474,0.343986,1.17892,0.00586261,1.03479,0.373999
,94.087256235,0.667,0.649149,0.501108,1.41959,0.10818,0.451997,0.0617988,0.17258,0.188735,0,0,0.0875819,1.04504,0.265864,0.56056,2.44519,0.519325,0.16913,0.0817331,0.342341,1.3742,0.0111486,0.853872,0.0578651
,94.133696145,0.657779,0.336616,0.0673548,1.61458,0,0.420909,0.0272806,0.34983,0.486421,0.170385,0,0.096616,0.981264,0.168255,0.869036,1.74142,0.274757,0.157498,0.0440833,0.353054,1.52695,0.0801069,0.872967,0.0917804
,94.180136054,0.609675,0.16509,0,1.34682,0,0.540583,0.0196821,0.506131,0.657982,0.198658,0,0.0587535,0.68609,0.120748,1.08621,1.20161,0.774778,0.202278,0.00421582,0.444423,1.67079,0.0927836,0.92186,0.213152
,94.226575963,0.471449,0.0409759,0,0.782428,0,0.922776,0.0807481,0.444291,0.899268,0.313754,0,0,0.425928,0.0504549,1.28548,1.21209,1.34768,0.345289,0.0319607,0.478804,1.88796,0.0970917,0.857666,0.251681
,94.273015873,0.577655,0,0.0147545,1.35202,0,1.16826,0,0,1.80146,0.236943,0,0.165199,0.651729,0.0119942,0.721499,1.83345,1.31795,0.475406,0.00136213,0.168494,2.30358,0.130161,0.531111,0.215333
,94.319455782,0.742424,0,0.0593876,1.30918,0.0563501,1.25874,0,0,2.34961,0,0,0.326966,0.775402,0.0220686,0.213717,1.82076,0.923663,0.598094,0.0475659,0.0709857,2.60703,0.0105386,0.433543,0.301267
,94.365895691,0.645626,0,0.0197532,1.15391,0.264706,0.99806,0,0,2.46408,0.115225,0.148852,0.475161,0.900998,0.0425112,0.2638,1.86401,0.65972,0.533205,0.090538,0.163557,2.6012,0.0862074,0.369435,0.360315
,94.412335600,0.40331,0.0179396,0.00759254,0.830665,0.609197,0.605322,0,0,2.34246,0.00924034,0.53895,0.132737,0.924787,0.0720333,0.310809,1.79553,0.353441,0.358506,0.00561007,0.366741,2.30759,0.115872,0.510033,0.321634
,94.458775510,0.320025,0.0815486,0,0.972125,0.594633,0.263552,0.0237704,0.329622,2.3516,0,0.658598,0,0.901647,0.132445,0.458926,1.90114,0.283725,0.103087,0.00752442,0.551134,2.17539,0.25451,0.423422,0.343916
,94.505215419,0.405543,0,0.061564,0.928976,0.328131,0.39903,0,0.356416,1.65571,0.112676,0,0.549558,0.650268,0.0500373,0.566831,1.65165,0.325073,0.34659,0,0.371899,2.33291,0.844393,0.0990868,0.42235
,94.551655328,0.11418,0.251698,0.66963,1.09385,0.10173,0.707405,0,0.620734,1.53238,0.0671716,0,0,0.70317,0.132851,0.755748,1.24044,0.815084,0.632003,0,0.343599,2.59964,0.603103,0.20709,0.16066
,94.598095238,0.0270315,0,0,1.49441,0.364532,0.980279,0,0.460583,2.0189,0.106983,0,0,0.686586,0.0488804,0.588544,1.03543,0.746019,0.745732,0,0.236073,2.62033,0.960554,0.43692,0.0897474
,94.644535147,0.111999,0,0,1.5,0.515401,1.05872,0,0.0282337,2.34805,0.118768,0,0,0.694311,0.0463572,0.611395,1.13416,0.654582,0.786969,0,0.0479321,2.54844,1.06637,0.481678,0.0808045
,94.690975056,0.172962,0,0,1.47331,0.546568,0.977989,0.0189859,0.0307092,2.25482,0.214193,0,0,0.684384,0.0302674,0.644871,1.33174,0.42908,0.773822,0.100208,0.0544589,2.40868,1.17603,0.478467,0.12658
,94.737414965,0.163724,0,0,1.19314,0.547682,0.849283,0,0.0830055,2.03828,0.490283,0.00485187,0,0.604508,0.00850991,0.634066,1.56058,0.191157,0.717689,0.320712,0.0751766,2.13878,1.28665,0.478769,0.160292
,94.783854875,0.224462,0.0206696,0,1.10081,0.446012,0.464255,0,0.474967,1.49466,0.796206,0.563578,0.298853,0.662152,0.0309181,0.376573,1.72512,0.154428,0.563261,0.507218,0.251148,2.08465,1.24707,0.237807,0.254972
,94.830294784,0.495457,0,0.2212,1.13754,0.233994,0.63464,0,0.188133,1.57329,0.295928,0.104412,0.461516,0.662438,0.123232,0.268107,2.14382,0.0810188,0.550029,0.48638,0.384396,2.08826,0.958358,0.0284043,0.334676
,94.876734693,0.679697,0,0.297998,1.05753,0.207868,0.824474,0,0.0799419,2.22645,0.0255633,0,0.16503,0.539512,0.212158,0.308273,2.03825,0.0738025,0.618425,0.444389,0.388114,2.17808,0.591794,0.00312638,0.228685
,94.923174603,0.737186,0.0182888,0.161714,1.24082,0.252972,0.78696,0,0,2.53742,0,0,0.254043,0.609393,0.218762,0.32778,1.92853,0.0952545,0.611324,0.316512,0.362796,2.36739,0.333889,0.00304922,0.265396
,94.969614512,0.5508,0.0727518,0.105356,1.24265,0.216525,0.570408,0,0,2.47986,0.347628,0.0143009,0.0999002,0.689187,0.100385,0.11801,1.95064,0.093349,0.226613,0.889709,0.315504,2.22598,0.229116,0.00395205,1.04575
,95.016054421,0.204591,0.194474,0.0743543,1.52387,0.0751279,0.143388,0.0182685,0.0167519,2.12274,0.229976,0.467162,0.0221193,0.0647365,0.164193,0.532465,1.36447,0.041188,0.0536535,0.586793,0.0944356,2.02552,0.0541421,0.188953,1.5751
,95.062494331,0,0,0.0757643,0.843827,0.00974362,0,0.0264925,0.152737,2.19401,0.196613,0.0573248,0.0199486,0.0171085,0.110699,0.676445,1.22109,0.0346063,0.104,0.516281,0.195231,1.89266,0.108007,0.963059,1.40615
,95.108934240,0.290013,0.684495,0.701867,1.40624,0.918677,0,0,0.0709232,0.448205,0.387845,0.0674913,0.00562623,0.149847,0.222584,0.867514,1.76724,0.318086,0.355497,0.409194,0.0535711,1.14074,0.213057,1.11729,0.911944
,95.155374149,0.658524,0.600978,1.15891,1.25611,1.04838,0,0.0667985,0.0588266,0.24043,0,0.33479,0.0446482,0.177365,0.172058,0.953474,1.89513,0.362993,0.32288,0.236944,0.545169,0.640658,0,1.49207,0.617187
,95.201814058,0.621041,0.601493,0.854252,1.33047,0.825267,0,0.178385,0.197175,0.0607169,0,0.108373,0.0977992,0.167269,0.235606,0.954622,1.79259,0.481091,0.170038,0.490198,0.822612,0.51455,0.0300783,1.79429,0.143931
,95.248253968,0.684943,0.393375,0.640721,1.62687,0.48879,0.0127865,0.322219,0.0739105,0.377476,0,0.102927,0.174941,0.18448,0.2402,0.787339,1.53918,0.577871,0.219946,0.511473,0.794581,0.584033,0,2.1462,0.0538216
,95.294693877,0.710269,0.148831,0.30119,1.69374,0.463338,0.0845016,0.260263,0.133067,0.454485,0,0.109028,0.248647,0.191302,0.187654,0.489812,1.5076,0.581073,0.205557,0.320758,0.577716,0.424507,0,2.53631,0.0637299
,95.341133786,0.714188,0,0.295311,1.33905,0.256466,0.0778095,0.216624,0.524853,0.2968,0,0.146288,0.067716,0.192357,0.102328,0.46499,1.63399,0.38049,0.222374,0.129545,0.567634,0.263808,0.000175577,2.79158,0.0173561
,95.387573696,0.627874,0,0.706824,0.810654,0.0414256,0.11374,0.210919,1.13587,0,0,0.241168,0,0.169109,0.176627,0.670684,2.02278,0.00850458,0.339403,0.0851543,1.10097,0.0140581,0.00564076,2.85037,0
,95.434013605,0.476524,0,0.738814,0.730721,0,0.940658,0,1.8878,0,0,0.117872,0.193333,0.128345,0.465369,0.860359,2.04756,0,0.71208,0.0577053,1.58967,0.175955,0.00454687,2.47655,0.130379
,95.480453514,0.415617,0,0.800246,0.961927,0.228487,0.769416,0,2.31667,0,0,0.0889836,0.469632,0.111941,0.636082,0.687479,1.9801,0.342513,0.765755,0.0580202,1.74834,0.11863,0.00465439,1.68725,0.468735
,95.526893424,0.491701,0,0.325016,1.01231,0.171079,0.304857,0.0564746,2.2065,0.07395,0.453615,0.0827817,0.250049,0.132433,0.571283,0.655835,1.88973,0.226911,0.642293,0.0746937,1.6622,0.101543,0.111599,1.52098,0.435394
,95.573333333,0.352881,0,0.238282,0.847964,0.164306,0.123838,0.211677,2.04322,0.3543,0.471211,0.047887,0.0930047,0.0950438,0.395508,0.904617,1.59418,0.074736,0.629245,0.14155,1.6173,0.0930835,0.115971,1.07991,0.774306
,95.619773242,0.406889,0,0.479022,0.799852,0.230308,0.0175674,0.0995578,2.00721,0.530355,0.267175,0.028049,0.140527,0.116901,0.254414,1.08656,1.19546,0.0877409,0.471679,0.158964,1.51562,0.122242,0.0731123,1.13232,0.859581
,95.666213151,0.296115,0,0.77347,0.47226,0.127607,0.0294158,0.0831942,1.74749,0.625292,0.251575,0,0.13155,0.0827542,0.569096,0.939806,1.02439,0.0449698,0.374519,0.0585349,1.56078,0.445707,0.906844,0.85426,0.289023
,95.712653061,0.372761,0,1.43454,0.614889,0.123544,0.184224,0,1.61525,0.124716,0.0664151,0,0.408792,0.100398,0.833211,0.807431,1.34598,0.0562854,0.377694,3.42088e-05,2.05624,0.720587,0.744118,0.626326,0.104828
,95.759092970,0.059219,0.373661,1.2311,0.801284,0.163928,0.268105,0,1.65958,0.0933028,0.091604,0,0,0.047922,1.07372,0.621508,1.36768,0.0751936,0.509565,0,2.21913,0.536701,0.963083,0.590426,0.0101661
,95.805532879,0.422472,0,0.560381,0.761065,0.0942224,0.114564,0,1.60031,0.113734,0.136957,0,0.55261,0.171775,0.87543,0.627691,1.25552,0.0529822,0.564087,0,2.17833,0.649083,1.34334,0.442237,0.286465
,95.851972789,0.481647,0,0.50842,0.729504,0.133324,0,0,1.61549,0.0920044,0.151389,0.453003,0.400804,0.261684,0.726457,0.572828,1.21273,0.11845,0.617785,0,2.21872,0.521076,1.45163,0.532209,0.327904
,95.898412698,0.170927,0.0444697,0.709981,0.498443,0.0765319,0.0346785,0,1.66247,0.59837,0.471042,0,0.228185,0.0913112,0.48824,0.867548,0.697831,0.0571694,0.718754,0,2.34952,0.164834,1.36799,0.650496,0.42002
,95.944852607,0,0.016444,0.78331,0.275106,0.0155187,0.0568724,0.0600934,1.53498,0.571559,0.272348,0,0.240604,0.145212,0.28419,1.36534,0.721967,0.0391345,0.900449,0.0128718,2.16813,0.138461,1.16394,0.493807,0.602843
,95.991292517,0.24491,0.0135837,0.9529,0.560481,0.0329939,0.0707857,0.0309665,1.73021,0.556448,0.154352,0,0.313813,0.105241,0.498156,1.26118,1.1542,0.0179923,0.901526,0.0210319,2.02818,0.266721,0.73023,0.298747,0.993892
,96.037732426,0.467546,0,0.735717,0.756422,0.0146733,0.547888,0,2.36053,0.13721,0.485928,0,0.348486,0.125927,0.530873,1.05285,1.18568,0.00508054,1.01829,0.0333848,2.08891,0.679979,0.436136,0.202176,1.07874
,96.084172335,0.585587,0,0.528591,0.749678,0.516298,0.578878,0,2.61711,0.0829783,0.464332,0,0.362006,0.15772,0.581555,1.06163,1.23186,0.215782,1.10649,0.0377059,2.1498,0.336083,0.115371,0.166061,1.03519
,96.130612244,0.552551,0.0107751,0.165835,0.735693,0.334989,0.382866,0.184672,1.92517,0.160647,0.13092,0,0.396616,0.148822,0.507201,0.878318,1.12024,0.281398,0.959195,0.377261,2.04982,0.0746491,0.0308218,0.395433,1.28813
,96.177052154,0.210956,0.00523464,0.14025,0.789015,0.163224,0.388149,0.466175,1.30234,0.358527,0,0.00528989,0.545166,0.726015,0.0262522,0.428721,0.903122,0.601089,0.737131,0.68125,1.25136,0.409298,0,0.685033,1.351
,96.223492063,0.150508,0,0.301803,1.04539,0.487268,0.190193,0.700393,1.08608,0.0113228,0,0.00560886,0,1.92466,0,0.346002,0.839314,0.614437,0.689221,0.980641,0.881579,0.326874,0,0.570528,1.39937
,96.269931972,0.225284,0,0.97925,0.760121,0.907772,0.112759,0.746949,0.396107,0.0187358,0,0.0094793,0,2.42266,0,0.298811,0.80476,0.781361,0.239553,0.990251,0.893944,0.285082,0,0.499829,1.40025
,96.316371882,0.61265,0.580493,0.938355,0.38247,0.794408,0.174134,0.801431,0.0362886,0,0.136297,0.259133,0.219308,2.52875,0.165121,0.283379,0.539105,0.723695,0.695839,0.959267,0.949213,0.207242,0.074873,0.454554,1.29457
,96.362811791,0.67108,0.645022,0.684065,0.124132,0.720762,0.405129,0.95706,0.19087,0,0.0803777,0.36696,0.162115,2.36859,0.183476,0.206585,0.249,0.679726,1.13309,0.885448,0.90303,0.257953,0.0316276,0.456186,0.855078
,96.409251700,0.666602,0.600318,0.373491,0.596873,0.423603,0.559378,0.53177,0.2543,0,0,0.83053,0.206081,1.00364,0.17076,0.919103,0.252405,0.780086,1.27665,0.657434,0.853744,0.356413,0,0.600778,0.369467
,96.455691609,0.626426,0.207248,0.177683,1.06719,0.414199,0.584989,0.285005,0.0558396,0,0,1.26208,0.452609,0.355616,0.258504,1.25849,0.378727,0.711491,1.18545,0.231398,0.312952,0.306077,0,0.874914,0.256634
,96.502131519,0.540328,0.0971821,0,1.05506,0.394499,0.79651,0.156578,0.0869268,0,0,1.4531,0.406246,0.390394,0.185555,1.08113,0.990211,0.449892,0.852502,0.207723,0.0639912,0.232615,0,1.01907,0.293785
,96.548571428,0.526218,0,0,0.597541,0.36605,1.1232,0.0608292,0.260609,0,0,1.22507,0.336897,0.444519,0.0626565,0.913649,1.59487,0.349122,0.512188,0.0339689,0.117125,0.148598,0.0029225,1.34866,0.444788
,96.595011337,0.598202,0,0,0.97961,0.436386,1.02879,0.113244,0.16387,0,0.216407,1.09773,0.169993,0.523773,0,0.930085,2.44612,0.9947,0.38629,0.0485701,0.174422,0.0314293,0.0509476,1.47429,0.388115
,96.641451247,0.48604,0.0334348,0.313141,1.53559,0.33551,1.39223,0,0.217311,0,0,1.78141,0.487029,0.508224,0.0242331,0.960073,2.24205,0.994247,0.732693,0,0.380799,0.0324189,6.40843e-05,1.8777,0.320958
,96.687891156,0.0634923,0,0.183911,1.58596,0.0946682,1.41362,0.018857,0.297336,0.314688,0.477276,2.10402,0,0.387643,0.0192162,0.910818,1.50759,0.650476,1.43978,0.0526698,0.524961,0.14334,0.151952,2.25351,0.158729
,96.734331065,0.000611046,0,0,1.25501,0.258285,1.33174,0.025253,0.37354,0.0758003,0.469713,2.15812,0,0.758528,0,0.685409,1.00937,0.65633,1.82354,0.0789967,0.536392,0.119589,0.146934,2.5506,0
,96.780770975,0.126324,0,0,0.842328,0.242682,1.1373,0.0298967,0.588921,0.066305,0.579347,2.13268,0,1.12393,0,0.729417,1.09898,0.477373,1.483,0.0882638,0.725347,0.0774118,0.136393,2.69246,0
,96.827210884,0.433562,0,0,0.802849,0.0286509,1.16144,0.0309652,0.706115,0.269887,0.655378,1.51341,0.055872,1.3367,0,0.641991,1.03232,0.108288,1.3331,0.0864896,1.06334,0.326006,0.154292,2.82039,0.014342
,96.873650793,0.555775,0,0.432507,0.920702,0.194882,0.808105,0,0.474164,0.106794,0.77749,0.724331,0.0166459,1.20297,0.0170666,0.785645,1.05968,0.0717591,2.19048,0,1.19657,0.660643,0.667818,1.86042,0.0291956
,96.920090702,0,0,1.04829,0.693323,0.408801,0.992401,0,0.56983,0.0711363,0.494245,0.823281,0,0.738604,0.0325913,1.22474,0.606603,0.298836,2.38027,0,1.15388,0.471804,0.573835,2.03704,0.0920862
,96.966530612,0,0,0.904208,0.776441,0.647323,1.01214,0,0.678272,0.0573569,0.221123,1.22178,0,0.591496,0.0326279,1.24444,0.539743,0.401497,2.27204,0,0.854431,0.392078,0.745755,2.06637,0.114869
,97.012970521,0,0,0.761792,0.903789,0.677081,1.01635,0,0.774334,0.0381038,0.157089,1.52718,0,0.629208,0.0266291,1.2165,0.725416,0.379637,2.14735,0,0.648429,0.264682,0.877274,2.19786,0.0930078
,97.059410430,0.51904,0.115133,0,0.758998,0.520468,0.997809,0,0.708741,0.00485663,0.0799986,1.66554,0.210564,0.934243,0.0592506,1.19432,0.902108,0.276726,1.92636,0,0.590539,0.0304135,0.810653,2.42011,0.199447
,97.105850340,0.441835,0.257158,0,0.361792,0.228472,1.11367,0,0.6551,0.217663,0.650031,1.04637,0.0924875,1.21443,0.200153,1.18922,0.599857,0.0791067,1.57502,0.4291,0.526041,0.180076,0.204063,2.75839,0.157981
,97.152290249,0.598624,0.165983,0,0.426512,0.635462,0.599906,0,0.359257,0.58587,0.395092,0.820858,0,1.38845,0.128817,1.0633,0.298313,0.241644,1.78387,0.0447424,0.188493,0.597228,0.177515,2.6613,0.000544871
,97.198730158,0.539094,0.185789,0.210741,0.31773,0.766534,0.677821,0.0630765,0.171875,0.587736,0,1.79739,0,1.28456,0.132833,1.46139,0.104191,0.830711,1.49036,0.17618,0.28568,0.601372,0.181131,2.3778,0.000461037
,97.245170068,0.258141,0.0849559,0.0927316,0.464985,0.735248,0.769676,0.08519,0.0611516,0.5056,0.11931,2.18513,0.107659,1.10429,0.102941,1.59837,0.156142,0.763823,1.44247,0.237946,0.297608,0.184321,0.23546,2.35466,0.0279904
,97.291609977,0,0,0.0178079,0.778801,0.73945,0.983654,0.133488,0.0986575,0.184971,0.518745,2.30646,0,0.977752,0.0763131,1.68249,0.396216,0.537133,1.42834,0.372848,0.280853,0.0862821,0.327072,2.22415,0.000369653
,97.338049886,0.0360978,0.00941038,0,1.05808,0.483758,1.15228,0.0871761,0.187908,0.0673501,0.583649,2.22596,0,1.05446,0.0608728,1.75503,0.556462,0.355301,1.39051,0.243493,0.451985,0.0396453,0.299387,2.22705,0.000373516
,97.384489795,0.456929,0.0451347,0,0.795308,0.290056,0.927251,0.0185209,0.285189,0.113989,0.583389,2.00579,0.0174538,1.41326,0.118013,1.55694,0.489219,0.272834,1.0357,0.0534899,0.853926,0.0300168,0.36343,2.43282,0.00477774
,97.430929705,0.651822,0,0.386131,0.35581,1.0819,0.35846,0.206352,0,0.383293,0.343891,1.64134,0.0977682,1.40683,0.0717403,1.54399,0.315782,0.414702,1.38974,0.0870093,0.975972,0.0981575,0.350444,2.66353,0.0253417
,97.477369614,0.592378,0.275785,0.903857,0.439303,1.45514,0.286705,0.275834,0,0.323404,0.225778,0.0921063,0.223959,1.18098,0.0829587,1.69742,0.342476,0.839422,1.91045,0.401509,0.130357,0.470574,0.343937,2.25617,0.0576637
,97.523809523,0.52178,0.578526,0.728198,0.58969,1.35501,0.283899,0.165218,0.13971,0,0,0.0924999,0.198164,0.921463,0.166209,1.78875,0.37168,0.914705,2.0621,0.441739,0.0307532,0.501842,0.319164,2.10977,0.111047
,97.570249433,0.673581,0.449057,0.524621,0.987719,0.780208,0.312063,0.253101,0.00742156,0,0,0.464224,0.284239,0.787335,0.135731,1.88227,0.35022,0.826029,2.11137,0.338544,0.00163365,0.463342,0.338878,2.03081,0.122485
,97.616689342,0.640493,0.168651,0.19999,1.33988,0.466732,0.619509,0.183197,0,0,0,0.515418,0.537621,0.834876,0.0631626,1.84704,0.460777,0.78058,2.16328,0.257624,0,0.308717,0.353434,1.91886,0.137913
,97.663129251,0.601585,0.027023,0.0606589,1.11315,0.373976,0.863524,0.132956,0.0529319,0,0,1.04882,0.395593,1.13683,0.0469725,1.61225,0.390781,0.584471,1.76087,0.098612,0.226687,0.0465052,0.30923,2.21086,0.101393
,97.709569160,0.767388,0,0.00233543,0.441016,0.206748,1.13381,0.136664,0.157089,0,0,1.4516,0.256464,1.44365,0.0895607,1.28765,0.387409,0.32809,1.52338,0.128699,0.389488,0.0312811,0.341892,2.45513,0.0657336
,97.756009070,0.639156,0,0,0.212737,0.604736,0.957369,0.38199,0.247955,0,0.26295,0.99333,0.0523983,1.11685,0.0629413,1.35247,0.33671,0.911833,1.98961,0.524128,0.332427,0.00405579,0.413894,2.35276,0.0135328
,97.802448979,0.46338,0,0.1493,0.256236,0.629189,1.12074,0.134483,0.165466,0.436551,0.0533826,1.27937,0.0799562,0.818921,0.0697083,1.67994,0.10779,1.066,1.88302,0.375626,0.168002,0.0991654,0.391993,2.56502,0.020681
,97.848888888,0.214171,0,0.17697,0.574907,0.441982,1.13446,0.0998423,0.133643,0.374102,0.570455,1.86754,0,0.676358,0.0748004,1.74092,0.19552,0.741299,1.74192,0.278872,0.129689,0.129786,0.510997,2.5918,0.0265063
,97.895328798,0.0568726,0,0.097233,0.977988,0.502861,1.253,0.0627094,0.163586,0.128208,0.609722,2.04429,0,0.603731,0.0811996,1.72729,0.460602,0.555241,1.73096,0.175155,0.150116,0.0895454,0.520999,2.50798,0.0375582
,97.941768707,0.187487,0,0.0660482,1.01451,0.239693,1.17328,0.0240417,0.277465,0.0957969,0.601229,1.9789,0,0.742655,0.211424,1.69943,0.582727,0.390533,1.62333,0.0770018,0.209724,0.0217608,0.511576,2.6293,0.000121599
,97.988208616,0.480274,0,0.0723726,0.532687,0.106659,1.07974,0.0367937,0.395308,0.219121,0.608835,1.31643,0.0503677,0.998853,0.19486,1.83965,0.351282,0.34036,1.19108,0.12277,0.592041,0.0605768,0.366771,2.67129,0.0270975
,98.034648526,0.727293,0.132487,0.532527,0.144808,0.0423758,1.00051,0.00799152,0.189662,0.562197,0.874182,0.298854,0.0530716,0.195887,0.10983,2.16792,0.101576,0.276933,2.02701,0.0223213,0.39636,0.341624,0.571729,1.74134,0.154529
,98.081088435,0.775302,0.205308,0.488115,0.531914,0.273517,1.06282,0,0.0917923,0.0429832,0.620362,0.729801,0.299358,0.208817,0.124012,2.30794,0.565657,0.412685,1.90487,0,0.266173,0.258324,0.614672,1.86203,0.186482
,98.127528344,0.283908,0.215122,1.01826,0.68736,0.614552,1.15402,0,0.385889,0.0249839,0.293626,1.06756,0,0.229748,0.122968,2.27063,0.584277,0.42276,1.90499,0,0.391429,0.151217,0.541759,2.05519,0.128982
,98.173968253,0.293716,0,0.766053,0.696261,0.737448,1.13089,0,0.578879,0.0193738,0.23001,1.35294,0,0.237685,0.0602637,1.97302,0.623855,0.423501,1.90523,0,0.448402,0.108812,0.707176,2.14308,0.133641
,98.220408163,0.85701,0.207546,0,0.383059,0.641715,1.19181,0.0629854,0.464483,0,0.0969789,1.71631,0.163638,0.230824,1.19112,0.904542,0.605425,0.438833,1.32715,0.0256429,0.345071,0.110681,0.870736,2.00388,0.219046
,98.266848072,0.801618,0.137031,0,0.188889,0.430286,1.45902,0,0.432567,0.013252,0.219934,1.32381,0.428205,0.215905,1.67088,0.661562,0.367092,0.362131,0.949155,0,0.277351,0.450205,0.682226,1.94789,0.337065
,98.313287981,0.186905,0,0,0.383268,0.728832,1.39833,0,0.480399,0.118165,0.426889,0.460297,0.0955172,0.15125,1.32985,0.472631,1.25269,0.28381,0.757891,0,0.24872,0.675746,0.499385,2.07538,0.332515
,98.359727891,0,0,0,1.06787,0.872086,0.938613,0.0965048,0.501209,0.111125,0.314627,0.910199,0,0,0.428409,0.186508,2.05078,0.68076,0.452728,0.26955,0.717048,0.628883,0.221616,1.84552,0.260269
,98.406167800,0,0.217926,0.457003,0.785947,0.776134,0.946263,0.061053,0.439237,0.00635383,0,1.48314,0,0,0.160658,0.138013,2.86289,0.70301,0.480956,0.170528,1.0745,0.035686,0.054408,1.81233,0.177482
,98.452607709,0,0,0.0366505,1.13397,0.706239,0.801133,0.0621143,0.341305,0,0.0908597,1.85139,0,0.0333937,0.0534655,0.0110683,3.26377,0.633127,0.427347,0.173493,1.02999,0.0120338,0.0300848,1.58751,0.000652589
,98.499047619,0,0,0,1.39319,0.215193,1.13273,0.0392467,0.272707,0.0672495,0.605827,1.77629,0.147822,0.110701,0,0,3.09657,0.148228,0.557107,1.35562,0.262085,0.0152761,0.356645,1.19661,0.104545
,98.545487528,0.114412,0,0,1.15505,0,1.11479,0,0.326034,0.0884031,0.643308,1.74155,0.194553,0.164592,0,0.0359312,1.35621,0,0.557466,2.69404,0.179643,0.0307961,1.03056,0.828515,0.137063
,98.591927437,0.827372,0,0.594743,0.465199,1.0048,0.35859,0.220531,0,0,0,1.34561,0.0706398,0.439399,0,0.427267,0.192461,0.35979,0.830564,3.08762,0.0178886,0.0114277,0.916131,1.31195,0.0181055
,98.638367346,0.790752,0.190523,1.38752,0.566521,0.851287,0.144774,0.540442,0,0,0.0146206,1.3632,0.127394,0.975568,0.109437,0.419026,0.32914,0.308104,0.816422,3.15104,0.0109042,0.00170707,0.981429,1.06694,0.0326521
,98.684807256,0.694277,0.609964,1.04121,0.411649,0.568944,0,0.46324,0,0.0846552,0.185214,0.755271,0.0769166,1.52329,0.193733,0.314442,0.767941,0.196993,1.15015,2.83997,0.00869808,0.111237,1.11364,0.467416,0.0197143
,98.731247165,0.748132,0.62884,0.557494,0.900482,0.0436078,0,0.416967,0.249514,0.0738941,0.0483791,0.548713,0.0555461,1.80498,0.337953,0.168361,1.05683,0.0150989,1.44955,2.42924,0.0866431,0.578012,0.82531,0.34006,0.0142369
,98.777687074,0.81299,0.544653,0.148546,1.25767,0.0682118,0,0.190511,0.363991,0.309118,0.0297559,0.307885,0.0466197,1.85293,0.389569,0.0448602,1.10668,0.0236179,1.2367,2.35021,0.133352,0.822224,0.48318,0.191385,0.011949
,98.824126984,0.838504,0.348143,0,1.04464,0.0651417,0.378199,0.0538254,0.373343,0.687105,0.0969025,0.140738,0.000877851,1.69878,0.417148,0,0.907403,0.0229132,0.836308,2.17629,0.101227,1.0576,0.370896,0.0880878,0.000225
,98.870566893,0.773287,0.183555,0,0.624525,0.0202568,0.686998,0.00827124,0.359029,0.844364,0.25569,0,0,1.55929,0.210835,0,0.922383,0.00415866,0.751952,2.17851,0.0970141,1.10245,0.366908,0.012571,2.90768e-05
,98.917006802,0.697756,0,0,0.850974,0,1.18028,0.0357315,0.346364,1.16597,0.368419,0,0.0571958,1.26194,0.0116057,0.0511676,1.78637,0,0.777467,2.37649,0.157356,1.50555,0.207494,0.0285257,0.0147698
,98.963446712,0.80242,0,0.335097,1.13129,0,1.2369,0,0,2.13644,0,0,0.233767,1.11209,0.0293137,0.183753,2.06876,0,1.03708,1.82097,0.0371188,2.08276,0.0786024,0.261522,0.0600612
,99.009886621,0.771631,0.0788991,0.0784298,1.21426,0.0606892,1.06795,0,0,2.47424,0,0,0.336085,1.14022,0.0707641,0.134199,1.92458,0.0210132,1.0716,1.37362,0.00433487,2.43143,0.159264,0.348112,0.0862929
,99.056326530,0.78129,0.0866882,0.0431964,0.955904,0.324814,0.776356,0,0,2.43891,0.0653621,0,0.260286,1.22053,0.210665,0.178533,1.56445,0.112465,0.716009,0.707415,0,2.45509,0.242786,0.306013,0.0668579
,99.102766439,0.521517,0.0957514,0,1.03995,0.465681,0.411459,0.00918114,0.265562,2.59634,0.005227,0.424979,0,1.22396,0.508789,0.15168,1.51689,0.161239,0.508435,0.528528,0.0599608,2.33155,0.225423,0.269076,0.000152035
,99.149206349,0.630671,0.160761,0,0.925014,0.368316,0.42756,0.00998497,0.341641,2.28226,0.0263812,0.293768,0,0.920376,0.767581,0.089308,1.56747,0.127527,0.758182,0.533931,0.1041,2.29189,0.233547,0.0735679,0.0204027
,99.195646258,0.536873,0,0.357301,1.08212,0.185745,0.587557,0,0.299098,1.77129,0.0796909,0,0.564841,1.10122,0.256268,0.214633,1.65387,0.064313,0.774939,0.741271,0.177134,2.36477,0.810623,0,0.212693
,99.242086167,0,0.0111026,0.960953,1.03784,0.145609,0.768752,0,0.489918,1.75231,0.0465455,0,0,1.19241,0.00315813,0.381061,2.13641,0.050416,0.614201,0.75512,0.262206,2.18876,0.860261,0,0.0730757
,99.288526077,0.00598081,0,0.014818,1.44881,0.414892,0.836418,0,0.38507,2.07148,0.0886486,0,0,1.17557,0,0.0970047,2.19615,0.143653,0.696395,0.740127,0.216547,2.11942,1.16357,0,0.0734395
,99.334965986,0.150316,0.00186917,0.57471,1.22427,0.26733,0.90575,0,0,2.35849,0.0780984,0,0,1.05085,0.104228,0.278395,2.15525,0.0925612,0.749947,0.643443,0.0469964,2.17258,1.04479,0.000257758,0.0804977
,99.381405895,0.319343,0,0,1.11449,0.185858,0.625452,0,0,2.41592,0.251363,0.483455,0.390522,0.871575,0.28532,0.197213,1.85055,0.064352,0.789528,0.664176,0.046662,2.17025,1.30827,0.120403,0.182248
,99.427845804,0.156884,0.0436431,0,0.84165,0.412013,0.387429,0,0.000835513,2.1915,0.311522,0.569827,0.233904,0.773775,0.169424,0.290307,1.62546,0.142657,0.798549,0.866446,0.0362378,1.99479,1.37148,0.142848,0.129137
,99.474285714,0,0,0,0.974319,0.392069,0.382426,0,0.314264,1.72554,0.246058,0.268132,0.607653,0.909777,0.010211,0.201732,1.65546,0.135751,0.684694,0.696237,0.27601,2.02059,0.902561,0.12949,0.238724
,99.520725623,0.394678,0,0.263248,1.14465,0.10108,0.752961,0,0.380152,1.70135,0.0225047,0,0.599883,0.567006,0.178318,0.34191,1.719,0.0418294,0.85008,0.441707,0.432571,2.36014,0.299269,0.23644,0.251342
,99.567165532,0.602377,0,0.146243,1.18757,0.116282,0.856637,0,0.234202,2.16537,0,0,0.437304,0.496189,0.211239,0.408909,1.6495,0.0511092,0.785949,0.312767,0.398492,2.54174,0.107732,0.214615,0.264987
,99.613605442,0.600646,0,0.0620856,1.28107,0.152231,0.595441,0,0,2.22425,0.274075,0,0.411802,1.5264,0.00607974,0.265962,1.4166,0.17214,0.2372,0.0276634,0.732651,2.61491,0.0645241,0.00419281,0.321267
,99.660045351,0.452035,0.0191682,0.0202896,1.09797,0.385636,0.370049,0.00352355,0,2.23121,0.195331,0.151233,0.157302,1.4212,0.00545237,0.0445755,1.07032,0.375635,0.138467,0.465779,0.346447,2.25593,0.0459858,0.0384303,1.18502
,99.706485260,0.254548,0.0320681,0,1.17664,0.282246,0.255463,0.0149967,0,2.16496,0.431459,0.4043,0.0342474,0.872969,0.0349018,0,0.98169,0.257329,0.0987722,0.617153,0.151767,2.02489,0.134884,0.0990862,2.59865
,99.752925170,0.338005,0,0.0107052,1.29103,1.21768,0,0.0595463,0,1.4951,0.325427,0,0.025794,0.60057,0.0505311,0.0119911,0.977036,0.441663,0.00568947,0.948772,0.0101054,1.45798,0.235032,0,2.75804
,99.799365079,0.80955,0.241814,1.18104,0.583333,0.807023,0,0.254996,0,0.796833,0.304858,0.328884,0.116313,0.218041,0.148511,0.423565,0.965252,0.283455,0.00263053,1.32455,0.0903678,0.577723,0.218372,0.75838,2.65918
,99.845804988,0.767269,0.490649,1.24295,0.939108,0.575034,0,0.208768,0,0.485734,0.189953,0.125504,0.155602,0.206654,0.251191,0.594751,0.804677,0.211172,0,1.49756,0.345896,0.264481,0.116971,1.16797,2.05929
,99.892244897,0.800679,0.493646,1.00923,1.27414,0.0873015,0,0.250249,0.210949,0.401251,0,0.0843968,0.163559,0.215652,0.321106,0.699605,0.715739,0.0654785,0.181465,1.06986,0.396647,0.324687,0.00995745,1.39715,1.19456
,99.938684807,0.831792,0.28696,0.850398,1.67789,0,0.0361595,0.256329,0.0242447,0.536565,0,0.0952382,0.350316,0.224032,0.31297,1.16019,0.823644,0.0418406,0.430054,0.451831,0.64235,0.594807,0.00601676,1.57708,0.195889
,99.985124716,0.850667,0,0.665146,1.74829,0.00311904,0.0447722,0.234324,0.12635,0.776202,0,0.097601,0.351267,0.229116,0.0593019,1.36945,1.00339,0.00438355,0.540605,0.192109,0.638901,0.706273,0.00499958,1.85702,0.164823
,100.031564625,0.951351,0,0.758018,1.10321,0.000610282,0,0.238083,0.559747,0.677379,0,0.255724,0.0994746,0.256234,0.013497,1.25883,1.11099,0.000211306,0.581229,0.0509965,0.742249,0.642846,0.00263143,1.85306,0.404803
,100.078004535,0.716671,0,0.927841,0.421804,0.0880282,0.0986124,0.174388,1.6493,0.0973856,0,0.30429,0,0.193026,0.118255,0.879932,0.990231,0.0386942,0.677122,0.0484379,1.17622,0.178144,0.00194998,1.49695,1.09934
,100.124444444,0.483382,0.0265464,1.19941,0.473484,0.42327,0.873913,0,2.03473,0.0429535,0.0776895,0.068153,0.41496,0.130192,0.567494,1.07166,0.861413,0.516914,0.438805,0.223266,2.12865,0.135429,0.0203674,1.20474,1.47588
,100.170884353,0.452107,0.00497469,0.88447,0.34409,0.656309,0.75341,0,2.36165,0.0090052,0.226686,0.0272966,0.591292,0.121769,0.617878,1.11556,0.891511,0.641783,0.429162,0.364393,2.59627,0.0505773,0.0555132,0.581221,1.46478
,100.217324263,0.553633,0,0.334437,0.475616,0.821213,0.446474,0.0126889,2.22772,0,0.0612176,0.000331541,0.500648,0.177878,0.572853,1.1822,0.903219,0.601815,0.354738,0.285913,2.61589,0,0.0162948,0.229971,1.5348
,100.263764172,0.413616,0,0.35826,0.454103,0.663597,0.0924033,0.114928,2.34522,0.431743,0.0596642,0,0.131609,0.114846,0.442526,1.18568,0.499747,0.420653,0.261544,0.246949,2.71294,0.0980731,0.0158475,0.314776,1.49989
,100.310204081,0.495295,0,0.569296,0.544736,0.454052,0.0365886,0.042561,2.31267,0.495201,0.0867564,0,0.0804544,0.133401,0.3171,1.21838,0.43664,0.238747,0.534736,0.0764737,2.5241,0.124625,0.0213189,0.224162,1.38461
,100.356643990,0.58179,0,0.954239,0.339643,0.279715,0.0632783,0.339752,2.07876,0.593206,0.099683,0,0.131524,0.156697,0.528269,1.04127,0.347756,0.575115,0.868219,0.129323,1.61289,0.561617,0.651304,0.247434,0.926898
,100.403083900,0.616091,0,0.95543,0.62057,0.200875,0.62892,0,1.41027,0.489939,0.0938037,0,0.356838,0.173381,0.674692,0.573349,0.477093,0.965206,1.09926,0,1.27375,1.20579,0.842667,0.595268,0.697868
,100.449523809,0.324251,0.443272,0.660075,0.768154,0.476586,0.655122,0.0379355,1.58744,0.201181,0.103126,0,0,0.262395,0.767574,0.486636,0.669875,1.05322,0.983367,0.0154444,1.51556,1.05713,0.92604,0.506288,0.436604
,100.495963718,0.647402,0,0.250982,0.574543,0.441234,0.423846,0,1.7034,0.140936,0.129907,0,0.49881,0.366165,0.646068,0.620184,0.777647,0.990592,0.871885,0,1.64143,1.10306,1.16638,0.409018,0.448446
,100.542403628,0.706023,0,0.209195,0.810283,0.138768,0.280307,0,1.77193,0.224666,0.874741,0.0181518,0.207468,0.433945,0.634777,0.821288,0.717819,0.435671,0.785961,0,1.62001,0.984916,1.26034,0.395226,0.432463
,100.588843537,0.222114,0.0442669,0.211366,0.394943,0.178169,0.114227,0.0757005,1.73196,0.667003,0.340697,0,0.0752714,0.28252,0.348486,0.976651,0.589294,0.326531,0.354914,0.0162148,2.08913,0.843592,1.46632,0.240478,0.653637
,100.635283446,0.212766,0.0509251,0.868096,0.275821,0.181046,0.0500809,0.0899641,1.83027,0.584785,0.182438,0,0.155097,0.709745,0.0748956,1.15524,1.45856,0.0883626,0.224879,0.0230067,2.14035,0.473994,0.892068,0.157826,1.01819
,100.681723356,0.398993,0,1.42397,0.229057,0.266056,0.219343,0,2.03376,0.613766,0.0969324,0.014379,0.295862,0.330877,0.498612,1.25189,1.17809,0.0921199,0.557624,0.0399942,2.48445,0.733287,0.170705,0.552456,1.28061
,100.728163265,0.428607,0,0.972799,0.495052,0.583088,0.577819,0,2.17136,0.195921,0.417348,0,0.455288,0.139214,0.596231,1.11943,1.06774,0.209647,0.756315,0.0539865,2.476,0.976373,0.100709,0.511432,1.3487
,100.774603174,0.506921,0,0.620918,0.636234,0.754413,0.494662,0,2.56593,0.150833,0.36167,0,0.514715,0.14939,0.643683,0.996685,1.18541,0.345551,0.80322,0.0608176,2.4624,0.262927,0.0883038,0.351329,1.45029
,100.821043083,0.527233,0,0.364901,0.737733,0.453884,0.188972,0.166546,2.45426,0.210737,0.274118,0,0.327183,0.142003,0.811373,1.22896,0.585762,1.0353,0.20213,0.0844585,2.06188,0.29656,0.117728,0.261262,1.0155
,100.867482993,0.578014,0,0.503842,0.782477,0.124953,0.151154,0.10088,2.21091,0.518869,0.253667,0,0,0.15568,1.1011,0.922934,0.415268,0.994933,0.0560019,0.240408,1.19207,0.549641,1.75252,0.181763,0.0397392
,100.913922902,0.705592,0,0.36979,0.781871,0.479544,0,0.0467612,1.45122,0.611794,0.144799,0,0,0.190042,1.24572,0.467055,1.1662,0.90084,0.000568757,0.364693,0.763511,0.756029,1.66182,0.0400464,0.0318463
,100.960362811,0.884409,0.320883,0.728512,0.898836,1.06061,0,0.196576,0.843466,0.196184,0.0674478,0,0.0437891,0.238204,0.608414,0.314003,1.28124,0.977608,0.00985346,0.521548,0.961215,1.11602,1.36084,0.242769,0.0112235
,101.006802721,0.525055,0.631877,0.79206,0.388243,1.27521,0,0.462585,0.620063,0.246503,0.0341457,0,0.269782,0.569582,0.422063,0.31783,1.16871,0.955544,0.0587775,0.960555,1.27349,1.02057,1.01395,0.260196,0.0691471
,101.053242630,0.582847,0.63684,0.59365,0.634987,1.14928,0.0867419,0.322472,0.510864,0.0516741,0,0.13896,0.441026,0.986292,0.319714,0.424459,1.52043,0.650778,0.184311,0.8685,1.28502,0.599404,0.295267,0.708196,0.113038
,101.099682539,0.615295,0.382661,0.456573,1.14647,0.493031,0.399909,0.235382,0.481404,0.0194986,0,0.380687,0.780263,1.35602,0.160131,1.15134,1.34697,0.649008,0.513538,0.446243,1.01401,0.125977,0,1.35562,0.202804
,101.146122448,0.525686,0.106799,0.109757,1.05909,0.317682,0.66676,0.0953791,0.0824741,0,0,0.314023,0.839156,1.81543,0.0927868,1.66455,0.6231,0.490204,1.22477,0.186966,0.113488,0.000390006,2.90741e-05,1.77833,0.242888
,101.192562358,0.45546,0.0139576,0.0441244,0.850239,0.188003,1.03558,0.059971,0.0496296,0,0.049576,1.42419,0.446061,1.59567,0.102577,1.36177,0.274126,0.4724,1.49446,0.0543197,0.153951,0.169107,0.0130496,1.96644,0.114329
,101.239002267,0.375957,0,0.143042,0.378906,0.661629,1.02384,0.153095,0.0784919,0,0.281747,1.76811,0.105187,1.22158,0.145796,1.2499,0.391187,0.901697,1.01917,0.0515812,0.556569,0.0025002,0.085649,2.08772,0.0269603
,101.285442176,0.395635,0,0.227567,0.235799,0.422625,1.19712,0.0822785,0.351198,0.377192,0.216569,1.71763,0.05097,0.829841,0.249123,1.19495,0.44148,1.04244,1.3552,0.240094,0.518483,0.0857524,0.263598,2.25212,0.0133758
,101.331882086,0,0,0.595715,0.59435,0.220902,0.934931,0.213686,0.553456,0.429829,0.379518,2.17137,0,0.804463,0.237467,1.37722,0.25078,0.754624,1.4129,0.596851,0.449859,0.0978286,0.363615,2.41793,0.000444312
,101.378321995,0,0,0.612708,1.34314,0.0205503,1.00684,0.243535,0.35538,0.164755,0.539976,2.20456,0,0.682113,0.263327,1.44822,0.636162,0.550668,1.35385,0.680223,0.698811,0.0384212,0.424807,2.25482,0.000157628
,101.424761904,0.0255308,0,0.117252,1.67267,0.0273275,0.990104,0.129805,0.220939,0.0553684,0.541247,2.02255,0,0.658878,0.28319,1.33793,0.750238,0.562526,1.13637,0.362562,0.885321,0.0175135,0.3845,2.14636,0
,101.471201814,0.392046,0,0.0834372,1.07174,0.176141,1.08859,0.0498728,0.14885,0.0689904,0.634856,1.53627,0.0334535,0.715847,0.197789,1.2562,0.734034,0.340395,1.00687,0.139487,0.89606,0.153571,0.305529,2.3957,0.0235169
,101.517641723,0.877322,0,0,0.372305,0,1.05217,0.0712199,0.216529,0.44915,0.628488,0.871621,0.00400497,0.89993,0.150351,0.930301,0.536626,0,0.759397,0.198926,0.801757,0.744334,0.261418,2.47708,0.0273933
,101.564081632,0.883386,0.113255,0.386025,0.465669,0.375932,0.922826,0,0.085657,0.10231,0.538473,0.921346,0.058363,1.07866,0.128552,0.973756,0.681361,0.281618,0.971396,0.133187,0.29418,0.616982,0.381756,1.99542,0.0919206
,101.610521541,0.270183,0,0.928217,0.526289,0.482736,1.18636,0.011198,0.267198,0.127121,0.202758,1.16934,0,0.973326,0.0894931,1.11559,0.445532,0.496887,0.869238,0.00455896,0.166101,0.756419,0.263443,2.44141,0.085372
,101.656961451,0.166356,0,0,0.806939,0.66141,1.24169,0,0.484995,0.13487,0.179776,1.33497,0,0.790707,0.0801753,0.993535,0.389876,0.439554,0.862315,0,0.318251,0.769325,0.603628,2.67983,0.078923
,101.703401360,0.101198,0,0,0.867467,0.648473,1.22653,0,0.670929,0.146069,0.122075,1.45386,0,0.650303,0.0601233,0.840942,0.510092,0.478415,0.732515,0,0.429227,0.820388,0.589894,2.63634,0.0739514
,101.749841269,0.553491,0.277113,0,0.394348,0.458734,1.11095,0,0.702859,0.128402,0.0676052,1.24719,0.387017,0.835721,0.118125,0.682913,0.633432,0.313704,0.679458,0,0.797877,0.721166,0.606997,2.38536,0.149156
,101.796281179,0.653366,0.204257,0,0.444183,0.500309,0.782244,0.0289687,0.516507,0.0903092,0.2025,0.69159,0.0585067,0.851267,0.109434,0.808166,0.713316,0.222181,1.57622,0.0809131,0.861267,0.507217,0.708195,2.07076,0.0629147
,101.842721088,0.695467,0.180415,0.245199,0.547991,0.655698,0.500919,0,0.186923,0.0656702,0.227014,1.37292,0,0.95236,0.152365,0.886468,0.725052,0.351399,1.99508,0,0.762059,0.391123,0.508955,2.16965,0.015815
,101.889160997,0.659082,0,0.352457,0.556126,0.660417,0.616322,0.0674931,0,0.0927605,0.186586,1.65561,0.0480264,0.991031,0.171886,1.47218,0.382314,0.609737,1.76172,0.188516,0.547856,0.535239,0.195619,2.39046,0.0269868
,101.935600907,0.392593,0.105329,0.185716,0.52812,0.758411,0.759827,0.0851028,0.0886194,0.483212,0.262306,1.91034,0,0.988965,0.222773,1.47494,0.170272,0.622825,1.32959,0.237702,0.693062,0.255894,0.255823,2.6782,0.00106682
,101.982040816,0.402885,0,0.0044427,0.908591,0.682429,0.8923,0.0948266,0.0419571,0.150434,0.581592,1.93696,0,1.26648,0.154701,1.40122,0.332188,0.424006,1.32195,0.264862,0.681647,0.14761,0.342478,2.3297,0.000347939
,102.028480725,0.540684,0.0235365,0,0.95997,0.286761,1.03358,0.0427128,0.238167,0.0692534,0.610539,1.83047,0,1.52809,0.039165,1.48059,0.451426,0.218424,1.55262,0.119302,0.639004,0.263365,0.378857,2.33122,0
,102.074920634,0.947152,0,0,0.342814,0.389009,0.64742,0.0605712,0.226442,0.18198,0.531734,1.42176,0.036202,1.34597,0.025361,1.60889,0.333586,0.254793,1.7454,0.169183,0.603712,0.470391,0.303383,2.41542,0.00927884
,102.121360544,1.2277,0,0.587741,0.0974852,0.901369,0.313436,0.650895,0.0668538,0.267738,0.208226,0.778398,0.154303,0.934922,0.038291,1.31556,0.199164,0.431054,1.64732,0.759875,0.695103,0.545669,0.354157,2.2285,0.0395489
,102.167800453,1.4246,0.466165,0.721163,0.358264,0.640025,0.491787,0.427445,0,0.0022589,0.0419759,1.03044,0.117161,0.622482,0.168115,1.07198,0.574253,0.50555,1.06536,0.999222,0.69422,0.231613,0.366139,1.98345,0.306983
,102.214240362,1.2562,0.618611,0.430367,0.610248,0.325574,0.547899,0.275396,0.166952,0,0,1.48967,0.0587783,0.465235,0.22958,1.23819,0.629409,0.381102,1.17523,0.713628,0.651625,0.109852,0.359898,2.10588,0.225965
,102.260680272,1.03858,0.472598,0.229677,0.96879,0.155224,0.640553,0.27741,0.0320341,0,0,1.52451,0.120944,0.279728,0.191847,1.39847,0.599102,0.324951,1.38152,0.347357,0.484905,0.270808,0.351274,2.22747,0.111464
,102.307120181,0.938932,0.281449,0.0588363,1.129,0.139901,0.770291,0.165782,0.0545275,0,0,1.62566,0.233114,0.390732,0.134551,1.33447,0.564187,0.398046,1.59893,0.118803,0.312421,0.628733,0.342116,2.2389,0.0597487
,102.353560090,0.833491,0.160583,0,0.703108,0.214224,0.864618,0.107096,0.164179,0,0,2.01279,0.201652,1.16874,0.0810491,1.36185,0.360718,0.416513,1.23593,0.0229395,0.527766,0.712437,0.323043,2.37165,0.0517589
,102.400000000,0.614822,0.0186142,0.00821301,0.386133,0.180318,1.20136,0.120253,0.302612,0,0,1.41581,0.126036,1.4941,0.0226786,1.28498,0.312896,0.442029,1.58784,0.0290941,0.499359,0.676823,0.246837,2.33681,0.0327692
,102.446439909,0.485972,0,0,0.245883,0.542724,1.07717,0.205745,0.394514,0.219677,0.0973668,1.00445,0.085499,1.13152,0.041329,1.45562,0.208619,1.17759,2.06568,0.424892,0.147726,0.399285,0.232878,2.19701,0.154429
,102.492879818,0.371648,0,0.385053,0.348591,0.482693,1.17241,0.0654173,0.285263,0.475406,0,1.67288,0.0816104,0.893935,0.0485707,1.64262,0.11239,1.09754,1.97132,0.182719,0.168645,0.391109,0.217757,2.19713,0.173385
,102.539319727,0.114098,0.00283009,0.0657147,0.752875,0.412147,1.20282,0.073089,0.282751,0.251808,0.557798,1.96914,0,0.968154,0.0457275,1.53321,0.26655,0.744577,2.00438,0.204146,0.161423,0.340797,0.349299,2.53938,0.0264845
,102.585759637,0.0895366,0.000206551,0,0.992374,0.470695,1.22307,0.0392237,0.331746,0.0711308,0.594325,2.04831,0,1.10883,0.0344675,1.24453,0.520975,0.474105,1.94865,0.109557,0.156762,0.298581,0.367296,2.88903,0.000592754
,102.632199546,0.326219,0,0,0.779413,0.290774,0.941746,0.0245557,0.375644,0.071688,0.621805,1.86208,0,1.16315,0.0553144,1.2469,0.453562,0.246022,1.61263,0.068587,0.298133,0.336039,0.247477,3.14513,0.000482965
,102.678639455,0.570177,0.0173698,0,0.366992,0.0675671,0.888771,0.0246963,0.341194,0.382978,0.675261,0.975659,0.0226628,1.03916,0.113824,1.63827,0.145229,0.0937742,1.60249,0.0689798,0.397946,0.874809,0.221016,2.94961,0.0221915
,102.725079365,0.688822,0.137842,0.430075,0.445804,0.397551,0.551584,0.0309982,0.179234,0.123773,0.604444,0.825153,0,1.07797,0.103645,1.54178,0.476185,0.527692,1.76621,0.0865818,0.409635,1.02088,0.582799,1.61441,0
,102.771519274,0.114241,0.325127,0.559646,0.484709,0.678274,0.905649,0,0.283393,0.102215,0.220513,1.33445,0,0.734722,0.14213,1.57852,0.577753,0.709694,1.47956,0,0.653721,0.779064,0.878511,1.57127,0
,102.817959183,0,0.160194,0.860097,0.601186,0.681079,0.978372,0,0.50615,0.112931,0.149495,1.48775,0,0.413903,0.0841066,1.48352,0.472034,0.47917,1.41995,0,0.915766,0.957177,1.0311,1.63163,0.0611836
,102.864399092,0.0205876,0.30579,0.298035,0.551323,0.465899,0.886181,0,0.726094,0.0949478,0.111433,1.53314,0,0.252417,0.0869817,1.25928,0.517691,0.355248,1.50287,0,0.918925,1.33081,1.01487,1.86439,0.0680228
,102.910839002,0.362688,0.184564,0,0.628886,0.14731,0.426556,0,0.766615,0.0611387,0.32049,1.43732,0.0338275,0.328622,0.0875228,0.757852,0.74653,0.0824218,1.50978,0.724136,0.663409,1.4038,1.16169,1.38933,0.0489301
,102.957278911,0.528392,0.247353,0.0812066,0.381565,0.227756,0.683667,0,0.556291,0.049871,0.513374,0.287639,0.467854,1.06959,0.25311,0.264621,0.51645,0.0788589,0.722201,1.24894,0.248222,1.50102,0.967869,0.156917,0.929801
,103.003718820,0.00507687,0.175664,0.342889,0.417802,0.45793,0.581996,0.133406,0.510891,0.0855222,0.728233,0.421097,0.298005,1.33342,0.872412,0.516137,0.134704,0.191349,0.427405,1.35353,0.227964,0.757519,1.00929,0.260308,0.915982
,103.050158730,0.00312547,0,0,0.084635,0.025837,1.44686,0.525096,0.698663,0.142261,0.633542,1.24106,0,0.907347,0.993374,0.970198,0.114554,0.0892477,0.833486,1.38232,0.311749,0.801005,1.10962,0.767096,0.59885
,103.096598639,0.215611,0,0.763849,0.488552,0.0686337,1.12107,0.68439,0.621251,0.097635,0.0418193,1.28819,0.00127083,0.712842,1.12849,1.93607,0.159671,0.155363,0.934977,0.952704,0.277207,0.553451,0.717191,0.796227,0.377266
,103.143038548,0.348026,0,0.37231,0.863181,0.0508107,0.64321,0.674791,0.555464,0.0463425,0.19958,1.56976,0.160576,0.735707,0.873971,2.35592,0.278299,0.219563,0.361389,0.86745,0.247853,0.273428,0.744023,0.833961,0.0638781
,103.189478458,0.53752,0.119896,0.438707,0.915666,0.0947697,0.346625,0.274863,0.290353,0.0756721,0.109992,1.34252,0.284844,0.934928,0.27072,2.42212,0.295221,1.80683,0.129702,0.429769,0.129558,0.320995,0.62069,1.34481,0.0730076
,103.235918367,0.606747,0.491451,0.0946351,0.923137,0.860414,0,0,0,0.137538,0,1.26392,0.524456,0.965532,0.208775,1.33675,0.699046,2.45703,0,0.0280481,0.188526,0.551163,0.399613,1.38963,0.658199
,103.282358276,0.469251,0.32553,0.136656,1.20308,0.580429,0,0,0,0.230767,0.567008,0.641841,0.545848,0.415036,0.271684,0.24147,1.24348,1.97221,0,0.0119327,0.34077,1.98775,0.424536,0.933743,0.929407
,103.328798185,0.603809,0.0777135,0.201631,1.36382,1.03948,0,0.141324,0,0.298249,0.21756,0.612469,0.311801,0.437312,0.117113,0.0882777,1.87327,1.40176,0,0.0660086,0.41588,2.44597,0.584175,0.722651,0.752551
,103.375238095,0.916829,0.0142672,0.594993,1.18651,0.8914,0.0738822,0.177574,0,0.37748,0.0223377,0.810225,0.433384,0.720909,0.0240007,0.214034,2.36791,0.810058,0.0276456,0.0722947,0.389684,2.45117,0.20056,0.762736,0.723108
,103.421678004,0.938931,0.0807017,0.324424,1.48542,0.611871,0.15256,0,0.0684614,0.319315,0.0026165,0.746958,0.64477,0.751633,0.0229555,0.135825,2.67307,0.391014,0.0570856,0,0.290188,2.40141,0.0234924,0.661955,0.926327
,103.468117913,0.982428,0.165041,0.123678,1.7205,0.135601,0.0164804,0,0.118257,0.980792,0,0.54427,0.636025,0.488408,0.047688,0.499584,2.52028,0.266399,0.0034491,0.00604753,0.306439,2.63896,0,0.496807,1.00789
,103.514557823,0.746365,0.133887,0,1.51968,0,0,0,0.125329,1.92498,0.412297,0.102584,0.426715,0.224049,0.038084,1.1326,2.2249,0.210777,0,0.039254,0.430032,3.17645,0.0970652,0.693962,0.649354
,103.560997732,0.657629,0.0619495,0,1.14694,0,0,0,0,2.12027,0.540627,0,0.214505,0.591213,0.0176215,1.22441,2.11869,0.376365,0,0.0394828,0.42095,3.35219,0.129418,0.789808,0.247666
,103.607437641,0.637314,0.504039,0.166904,1.10999,0,0,0,0.0241897,2.10786,0,0,0.0218469,1.02554,0.143373,1.04023,2.18894,0.273612,0.0700783,0,0.241714,3.37343,0.0023981,0.956039,0.0934986
,103.653877551,0.113721,0.849586,0.177491,1.14462,0.0167477,0,0,0.120217,2.00987,0,0.00737309,0.0277893,1.11376,0.241664,0.967749,2.15466,0.289178,0.62615,0,0.247997,3.02352,0,1.05808,0.187669
,103.700317460,0,0.283952,0.349222,1.33098,0.068821,0,0,0.071417,2.20021,0,0.0300311,0,0.948648,0.08077,0.884197,2.15812,0.157551,0.999077,0,0.249458,3.12906,0,1.28253,0.147865
,103.746757369,0,0,0,1.18772,0.153158,0.0525809,0,0,2.41037,0,0.0481567,0,1.10301,0.0896463,0.63639,2.18129,0.102228,1.22741,0.000875717,0.177412,3.28135,0,1.27819,0.0845516
,103.793197278,0.02235,0.0214148,0,0.992071,0.0571384,0,0,0,2.47203,0,0.0543648,0,1.38023,0.0202263,0.594986,2.19947,0.128594,1.21608,0.00141524,0.107385,3.33256,0,1.29411,0.0263792
,103.839637188,0.0393219,0,0,1.00232,0,0.0308445,0,0,2.42723,0.0368552,0.0585157,0,1.39352,0,0.657004,2.25455,0.031617,0.871845,0.0825765,0.13429,3.29804,0.168355,1.39512,0.0205475
,103.886077097,0.0868069,0.0436309,0.887671,1.34584,0.378982,0.162455,0,0,1.73813,0.254977,0.00221883,0.439838,0.958989,0.035378,0.954134,2.72415,0.176893,0.713568,0,0.382359,2.87779,0.723262,0.641425,0.113751
,103.932517006,0.309296,0.268197,1.17561,0.981289,0.397074,0.20794,0,0,1.09357,0.751352,0,0.253383,0.727342,0.209433,0.993311,2.82432,0.162919,0.708733,0.0511593,0.492043,2.37288,0.696406,0.86915,0.0649438
,103.978956916,0.562912,0.521405,1.11582,1.35966,0.32242,0.206519,0,0,0.208077,1.14617,0,0.352013,0.788318,0.305275,0.93688,2.72396,0.111636,0.901187,0.0325909,0.551226,1.93354,0.764098,1.22117,0.0902235
,104.025396825,0.761829,0.405813,0.805797,1.72029,0.146464,0.171312,0,0,0.514742,0.99188,0,0.33912,0.721533,0.232453,0.682103,2.93598,0.0507121,0.991316,0,0.58932,1.91331,0.881606,1.31837,0.0869188
,104.071836734,0.941911,0.0925317,0.630011,1.56468,0,0.0800181,0,0,1.52522,0.338324,0,0.278601,0.502428,0.0832469,0.365357,3.05458,0,0.972033,0,0.669704,2.03123,0.927062,1.48927,0.0714074
,104.118276643,1.00462,0.13874,0.60226,0.422904,0,0,0,0.00461996,2.26716,0.52038,0.0264047,0.219477,0.270581,0.100212,0.25202,2.83254,0,0.745241,0,0.697549,2.26699,0.539119,1.99231,0.0562535
,104.164716553,0.891998,0.0201035,0.131084,0.198871,0.103291,0,0.00162757,0.122635,2.10937,0.497313,0,0.214701,0.240248,0.0831263,0.054513,2.92953,0.0357638,0.730849,0.000348618,0.675039,2.37142,0.11708,1.60606,0.0550294
,104.211156462,0.217529,0.747338,0.684139,0.465463,0.0349798,0,0,0,2.15827,0,0,0,0.446513,0.255619,0.431758,3.03242,0.0615432,0.567581,0,0.494595,1.82535,0,1.98658,2.5299e-06
,104.257596371,0.269218,0,0,0.772749,0.132929,0,0,0,2.30929,0,0.470545,0.546127,0.458271,0.0417407,0.45066,2.83504,0.172468,0.505793,0.00260856,0.376972,1.95725,0,2.37745,0.139988
,104.304036281,0.365029,0.0511388,0,1.09521,0.250233,0.236792,0,0,2.34408,0,0.0258833,0.712462,0.245038,0.0537874,0.518957,2.69534,0.205885,0.814532,0.000799215,0.241759,2.22822,0,2.40221,0.182615
,104.350476190,0.101395,0.131821,0,0.833135,0.147619,0,0,0.0139561,2.26555,0,0.0385231,0,0.151905,0.170845,0.884368,2.4198,0.24691,1.15254,0,0.154346,2.37027,0,2.405,0.000131579
,104.396916099,0.332861,0.170559,0,0.780538,0.113862,0,0,0.079304,2.16521,0,0.0431889,0,0.269363,0.222215,0.759222,2.35402,0.190447,1.23696,0,0.257031,2.26155,0,2.48212,0.000274441
,104.443356009,0.531244,0,0.151659,0.703742,0.069539,0,0,0.000145012,2.13759,0,0.0447685,0,0.4299,0.0626637,0.553439,2.57536,0.116312,0.90742,0,0.277352,2.35742,0,2.42395,0.000244225
,104.489795918,1.0813,0.321356,0.80417,0.652891,0.720332,0,0.00868553,0,1.57617,0,0.154588,0,0.303934,0.148074,0.515303,2.90534,0.24941,0.442515,0.0242597,0.821887,1.77369,0,2.25566,0.0229798
,104.536235827,0.909974,0.671278,0.568523,0.685139,0.458403,0,0.0888279,0.237551,1.12585,0,0.0289896,0.146051,0.245089,0.262971,0.390318,3.19007,0.278925,0.130808,0.248107,1.50949,1.08573,0,1.89492,0.673662
,104.582675736,0.777831,0.715626,0.218017,0.948107,0.292237,0,0.118808,0.310948,0.845023,0,0.0148832,0.278066,0.209498,0.287825,0.435119,3.2945,0.488799,0.108516,0.321994,1.85649,0.416989,0.000486632,1.53761,0.901948
,104.629115646,0.758397,0.468305,0.0521532,1.30492,0.420916,0.023194,0.162706,0.555558,0.35491,0,0.0330645,0.386534,0.204264,0.148108,0.49083,3.61646,0.590511,0.119327,0.0415395,2.29287,0.175726,0.000563146,1.51932,0.811459
,104.675555555,0.863663,0.306381,0,1.07347,0.464164,0.00302875,0.218486,1.21182,0.0391704,0,0.0174471,0.0850129,0.25156,0.0872431,0.514378,3.66721,0.53292,0.177935,0.0467988,3.14455,0.0964725,7.45558e-05,1.16727,0.359472
,104.721995464,0.8656,0.178491,0,0.504644,0.156207,0,0.0429917,1.7727,0.055219,0.027412,0.0681305,0.0307883,0.247199,0.0930819,0.613045,3.62981,0.238706,0.284223,0.0213958,3.27141,0.202908,0.00645348,0.977776,0.410031
,104.768435374,0,0,0,0.587035,0.0827351,0,0,2.28957,0.0334043,0,0,0.00544075,0.0026678,0.00802821,0.49064,3.63323,0.138384,0.388441,0.0104974,3.52939,0.187614,0,1.00229,0.809723
,104.814875283,0.139842,0.463581,0.116243,0.843278,0.149181,0,0,2.34202,0,0,0,0.00894593,0.0376645,0.133309,0.465106,3.65851,0.255362,0.560695,0.00680414,3.25194,0,0,1.09615,0.778979
,104.861315192,0.535246,0,0,0.983571,0.195267,0,0,2.29019,0,0,0.218251,0.643711,0.144161,0,0.574231,3.34751,0.350827,0.511864,0.00659163,3.04364,0.00667993,0,1.46319,0.732041
,104.907755102,0.373627,0,0,0.98464,0.223505,0,0,2.3938,0,0,0.479991,0.617989,0.174564,0,0.65506,3.10504,0.406402,0.436867,0.00534679,3.24506,0.0294429,0,1.76377,0.65551
,104.954195011,0.344408,0,0,1.14994,0.232451,0,0,2.80605,0,0,0.0481191,0,0.367735,0,0.581458,3.06525,0.423734,0.569228,0.00677826,3.28141,0.0521507,0,1.70906,0.531394
,105.000634920,0.472721,0,0,0.758679,0.192121,0,0,2.92985,0,0,0.0375183,0,0.422703,0.00842301,0.583882,2.94507,0.355322,0.813326,0.00892122,3.04031,0.0867166,0,1.51867,0.631468
,105.047074829,1.00971,0.161747,0.809672,0.739957,0.112355,0,0,2.26681,0.0403662,0.0277743,0.0154288,0.125835,0.271951,0.0644792,0.506667,3.3355,0.143577,0.863557,0.00499129,2.73547,0.332548,0.249373,1.05579,0.899119
,105.093514739,0.645135,0.548538,0.958456,0.749782,0.0481714,0,0,1.6649,0.0476692,0.321901,0.0865951,0.0847018,0.173758,0.18483,0.352523,3.38334,0.0779322,0.927218,0,2.60419,0.334205,0.491947,0.870318,0.938654
,105.139954648,0.560618,0.708378,0.797131,0.818732,0.164331,0,0,1.51206,0.0405627,0.204991,0.0432687,0.151508,0.150995,0.232278,0.254624,3.33932,0.295642,0.850928,0,2.76272,0.233609,0.640366,1.11916,0.901644
,105.186394557,0.567064,0.626514,0.491926,1.13122,0.300097,0,0,1.53865,0.0428006,0.0922769,0,0.355049,0.152731,0.206642,0.330105,3.17261,0.473191,0.920846,0,2.87582,0.240388,0.828512,1.37388,0.869165
,105.232834467,0.550836,0.312901,0.299143,1.25354,0.430569,0.0681004,0.0496809,1.64737,0.100949,0.104155,0,0.421544,0.14836,0.111729,0.400891,3.12049,0.599335,0.832337,0.0106415,2.8369,0.307799,0.935162,1.36831,0.841847
,105.279274376,0.769351,0.424837,0.291701,0.847281,0.345145,0.0538898,0.0181124,2.0138,0.0176515,0.265505,0.152089,0.197422,0.207214,0.194768,0.344505,3.15575,0.470415,0.578108,0.00387962,2.91239,0.0995998,0.930755,1.27904,0.721131
,105.325714285,0.689943,0.183478,0,0.814655,0.0389214,0,0.0250468,1.7127,0.0889319,0.244538,0.388647,0.0645935,0.185827,0.111545,0.639084,2.78604,0.0667383,0.653637,0.00536494,2.93845,0.501229,0.792633,1.437,0.631222
,105.372154195,0,0,0.0223797,0.827329,0.0443243,0.083489,0.121223,1.86389,0.228935,0.0497432,0,0,0,0.0323578,0.432539,2.61524,0.0741374,0.920739,0.0555305,3.09658,0.997575,0.446622,1.67687,0
,105.418594104,0.0367624,0,0.0847127,0.898792,0.082472,0.130188,0.11574,1.72071,0.265731,0.00683318,0.00731271,0,0.0297494,0.0322006,0.543356,2.60961,0.139587,0.987685,0.0579938,2.99876,1.06774,0.0613521,2.00528,0
,105.465034013,0.276978,0,0.17053,0.898394,0.125342,0.068825,0.0771755,1.74697,0.244508,0,0.0847007,0,0.22414,0.025328,0.659512,2.53712,0.210505,0.690696,0.0531752,2.44923,0.852047,0,2.84743,0
,105.511473922,0.413574,0,0.368876,0.739264,0.122954,0,0.00209552,2.19522,0.00396951,0,0.129233,0,0.346846,0.107101,0.656972,2.50159,0.206531,0.421945,0.0380099,2.05986,0.044792,0,3.3663,0
,105.557913832,0.386871,0,0.692412,0.500959,0.054911,0,0.0115336,2.45222,0,0,0.149483,0,0.313069,0,0.858631,1.85541,0.0942064,0.504844,0.0488482,1.87267,0.0158203,0,3.61539,0
,105.604353741,0.319528,0.282267,0.874787,0.0312587,0.0268128,0.0132423,0,2.38729,0,0,0.154693,0.0392026,0.260654,0.266602,1.00174,0.815295,0.0473763,0.497186,0.0429964,1.79442,0.0102636,0,3.94794,0.0275583
,105.650793650,0.446293,0.775704,1.40176,0.154545,0.0147583,0.0415392,0.00098563,1.91518,0,0,0.143284,0,0.198196,0.323532,0.937346,0.625002,0.024685,0.338666,0.0329134,1.75799,0.0238349,0,3.78395,0
,105.697233560,0.163693,0.804978,1.5052,0.330396,0.146895,0,0.413922,0.921937,0.248999,0,0.64775,0.148192,0.206189,0.228975,0.889714,0.794402,0.0508615,0,0.937083,1.39663,0.0884376,0.0164721,3.15606,0.124333
,105.743673469,0.481955,0.801177,1.24231,0.631475,0.134037,0,0.185933,0.791067,0.15479,0,0.634884,0.235231,0.265021,0.227894,0.677185,1.18353,0.0464095,0,1.99653,0.719357,0.0633364,0.0751477,2.46723,0.165361
,105.790113378,0.726719,0.70259,0.767532,0.725598,0,0,1.04459,0.486767,0.188823,0.236202,0.612375,0.243867,0.314938,0.199851,0.428188,1.3945,0,0,3.07372,0.390508,0.0674902,0.175201,2.19977,0.109651
,105.836553287,0.743026,0.752347,0.553279,0.486546,0,0,1.20407,0.755781,0.216402,0.314177,0.595093,0.260244,0.305903,0.521715,0.57728,1.16273,0,0,3.54877,0.56982,0.0679605,0.222443,1.91066,0.0667025
,105.882993197,0.583915,0.584818,0.317111,0,0,0.0166667,1.93004,0.688247,0.220134,0.297083,0.409074,0.278717,0.211797,1.06255,0.918464,0.549405,0,0.00348808,3.53223,0.674261,0.060419,0.172592,1.878,0.0714372
,105.929433106,1.17327,0,0.429777,0,0,0,2.26096,0.341915,0.0358206,0,0.134517,0.613507,0.681748,1.33143,1.10952,0.733091,0.623375,0,2.21392,0.450835,0.0408792,0,1.53435,0.157246
,105.975873015,0.518503,0,0.614766,0.0919214,0,0,2.4736,0.577622,0,0,0.105485,0.32927,0.41959,1.08085,1.16891,1.2923,0.545541,0,2.0089,0.454181,0.0461103,0,1.60266,0.231468
,106.022312925,0.0708418,0,0.363615,0.301155,0,0,2.46314,0.476106,0,0,0.0825971,0.411072,0.0573276,0.626541,0.890865,2.00632,0.406213,0.0250075,1.9175,0.518719,0.00383201,0,1.52279,0.288975
,106.068752834,0,0.0062222,0,0.485148,0.000320001,0.0359515,2.62789,0.323312,0,0,0.0251222,0.0378604,0,0.197107,0.417794,2.86838,0.0697266,0.0788714,2.52446,0.533,0,0,1.28229,0.0267891
,106.115192743,0,0.0717548,0,0.621264,0,0.10497,2.68264,0.0910576,0,0,0.0310861,0,0,0.54011,0.212264,2.85981,0,0.121729,3.61717,0.173035,0,0,1.18235,0.000249954
,106.161632653,0.0549794,0.376444,0,0.456124,0,0.131803,2.671,0,0,0,0.0209351,0,0.173068,1.00367,0,1.96714,0,0.120505,3.63077,0,0.00583181,0.00249181,1.2291,0.000108831
,106.208072562,0,0.188922,0.194498,0.260029,0.13682,0,2.80787,0,0,0.124687,0,0,0.125054,1.11623,0.21786,0.815692,0.0476384,0.333332,3.22354,0.00150374,0.00605231,0.437721,0.951312,0
,106.254512471,0.417921,0.332852,1.20421,0.195347,0.0637911,0,2.36629,0,0,0.0503826,0.166683,0.424001,0.186554,1.39466,0.363666,0.306624,0.031188,0.78675,2.32913,0.00313687,0.00630113,0.585989,1.02412,0.108675
,106.300952380,0.633575,0.664671,1.14775,0.244987,0,0,2.38642,0,0.0116851,0.381423,0.171714,0.374752,0.170645,1.41965,0.346615,0.381765,0.0112314,1.49704,1.55468,0.00408185,0.00820975,0.746579,1.32449,0.0960517
,106.347392290,0.729721,0.739602,0.775537,0.512645,0,0,2.39814,0.0219257,0,0.209974,0.0233352,0.450653,0.19654,1.14901,0.234209,1.11955,0.00853847,1.64776,1.33921,0.00844431,0.00509567,1.01946,1.49101,0.115506
,106.393832199,0.939728,0.480478,0.350627,0.257375,0,0.0320461,2.24842,0,0,0.230888,0.0311737,0.358435,0.289919,0.49635,0.105888,2.16203,1.0967,0.753047,1.25105,0.0350858,0.00046858,1.20652,1.60178,0.0918694
,106.440272108,1.16927,0.258058,0.0913871,0.0566333,0,0.0521995,2.16763,0,0,0.30479,0.0211845,0.246775,0.545733,0.0734044,0.0275985,2.25647,1.78746,0.0267127,1.36548,0.020301,0,1.05134,1.40553,0.122569
,106.486712018,1.27785,0.123271,0,0.0062861,0,0,2.31763,0,0.288845,0.440116,0.0399498,0.182913,0.67234,0.0590042,0.0496679,2.02667,1.90221,0.0243421,1.58488,0,0.065613,0.768083,1.52268,0.0664301
,106.533151927,0.618472,0,0,0.191262,0.0335761,0,2.46537,0.0415281,0,0.0333802,0.0524101,0,0.894585,0.0609805,0.804636,1.80965,1.88992,0.0131542,1.93729,0.0185302,0.0041613,0.299706,1.71515,0
,106.579591836,0,0,0,0.430515,0.0411621,0.145881,2.34016,0.234805,0.0141922,0.0113905,0.0519432,0,0.439992,0,1.9529,1.32508,0.7764,0.0545865,2.41571,0.104772,0.0902178,0.195005,1.82658,0
,106.626031746,0,0.147487,0.359703,0.618426,0.0665507,0.118529,2.39647,0.190934,0,0,0.0886948,0,0.453399,0.0419527,1.8408,1.67798,0.111314,0.154803,2.67441,0.0923313,0.0159864,0.152829,1.81291,0
,106.672471655,0,0.0437911,0,0.682686,0.101147,0.076016,2.40083,0.217843,0,0,0.0955216,0,0.48331,0.373768,0.914071,2.1728,0.170258,0.0647489,2.93146,0.182838,0.00167181,0.0903068,1.89114,0
,106.718911564,0.153854,0.00425353,0,0.65313,0.105964,0,2.3417,0.13016,0,0,0.0935112,0,0.44238,0.334737,0.973065,2.91448,0.177237,0.0493718,2.54864,0.106818,0.067581,0,1.87708,0
,106.765351473,0.376608,0,0,0.596344,0.0536202,0,2.30125,0.0141978,0,0,0.212082,0,0.571299,0.141141,1.54391,3.06158,0.089686,0.0770426,2.18782,0.0538795,0.0881427,6.16665e-05,2.07773,0
,106.811791383,0.963891,0.0424515,0.546656,0.660727,0,0,2.0398,0,0,0,0.178842,0.211977,0.54212,0.112953,2.08895,2.82125,0,0.246202,2.18335,0.0322187,0,0,2.15735,0.0543313
,106.858231292,0.783572,0.435207,0.674486,0.59779,0,0.181457,1.54326,0,0,0,0.110963,0.108037,0.51132,0.143934,2.29402,2.46098,0,0.812224,2.05591,0.0140231,0,0,2.17218,0.0276906
,106.904671201,0.693651,0.568267,0.345017,0.613482,0,0.852379,1.03217,0.107113,0,0,0.0912738,0.2118,0.781409,0.161643,1.01075,2.62462,0,1.35875,1.30681,0.236895,0,0.113068,1.94208,0.056492
,106.951111111,0.838036,0.544853,0.222731,0.703103,0,1.35856,0.436682,0,0,0,0.0547387,0.378221,1.28002,0.154983,0.110373,2.49958,0,1.38313,0.881176,0.235139,0,0.524431,1.5429,0.0969407
,106.997551020,0.910884,0.477317,0.0487735,0.494441,0,1.61593,0.184539,0,0,0,0.0265959,0.354176,1.52984,0.189119,0.0518437,2.06879,0,1.41877,0.521938,0.199035,0,0.805702,1.03582,0.0907779
,107.043990929,0.953507,0.338954,0,0.106729,0,2.4812,0.193068,0.0213228,0,0.0142798,0.198538,0.166152,1.63768,0.237065,0.225026,1.62036,0,1.97096,0.377471,0.110757,0.000950113,0.897585,0.807426,0.0425859
,107.090430839,0.781543,0.242605,0,0,0,2.85495,0.0181024,0,0.230628,0.371427,0.1233,0.17506,1.45569,0.229141,0.712894,1.1464,0,2.89181,0.400695,0.00901541,0.0546016,1.11593,0.655572,0.0448691
,107.136870748,0.743662,0.0055554,0,0.19173,0,2.84634,0.282312,0,0.0286166,0.240494,0,0.15689,1.00686,0.0151135,1.37274,0.751962,0,3.41936,0.420367,0.0152399,0.162247,1.09622,1.10259,0.0402119
,107.183310657,0.563299,0,0,0.208732,0,2.81409,0.301533,0,0.012519,0.180037,0.0220404,0.626056,0.660457,0.0743342,1.72813,0.553961,0.0156985,3.38013,0.191142,0.0139523,0.0722784,0.438569,2.16326,0.160463
,107.229750566,0.771476,0,0,0.158866,0,2.71643,0.241527,0,0,0.0874647,0.0727029,0.672976,0.568031,0.0985745,1.67343,0.760407,0.0206302,3.29724,0.129553,0.0298017,0.00750775,0.0480475,2.74952,0.172488
,107.276190476,0.658503,0.0385415,0,0.0607577,0,2.66876,0.266219,0,0,0.0974425,0.0340176,0.000449302,0.815662,0.100368,1.09417,1.02352,0.0212793,3.31162,0.291268,0.0332829,0.00804726,0.0535287,2.70007,0.017926
,107.322630385,0.773432,0.188051,0,0,0,2.7984,0.105425,0,0,0.190268,0.0158819,0,0.971561,0.276793,0.909977,0.686598,0.0230103,3.54342,0.207752,0.0891235,0.0190798,0.106123,2.63601,0
,107.369070294,0.699997,0.177522,0.61001,0.0623423,0,2.77695,0,0,0.0415201,0.548304,0.0126215,0,0.832515,0.112369,1.23436,0.318974,0.0194027,3.70012,0.0113243,0.0990751,0.261195,0.302482,2.79849,0
,107.415510204,0.724946,0.539323,0.883074,0.281674,0.126031,2.08844,0.0033219,0,0.032761,0.739503,0.272116,0,0.500798,0.15341,2.10686,0.381247,0.0436374,3.44217,0.0784507,0.0462533,0.224791,0.638469,2.57187,0
,107.461950113,0.6722,0.869864,0.830002,0.410564,0.399235,1.48945,0.0620094,0,0.0481603,0.65024,0.661695,0,0.181048,0.247432,2.7536,0.5557,0.138232,2.80394,0.46745,0.00130805,0.291347,0.978317,2.29365,0.00557609
,107.508390022,0.777418,0.655116,0.60006,0.41848,0.477439,0.94195,0.0682039,0,0.382995,0.442753,0.987515,0.106311,0.236329,0.186347,3.39303,0.479207,0.16531,2.28376,0.656942,0.00211526,0.479306,1.16696,2.03296,0.0360648
,107.554829931,0.56486,0.194884,0.254749,1.01841,0.265881,0.672915,0.0609682,0.0942551,0.268829,0.202992,1.27468,0.465043,0.216337,0.0554347,3.53026,0.35855,0.200178,1.81121,0.472601,0.039096,0.595746,1.11782,2.40287,0.119194
,107.601269841,0.199753,0,0.133105,0.508825,0.153969,0.929715,0.0186068,0,0.130645,0.106923,1.73458,0.700311,0.0813356,0,3.32058,0.202412,0.206295,1.64623,0.340945,0.0476408,0.73558,0.662972,3.03308,0.179495
,107.647709750,0,0,0.0658439,0,0,1.34024,0,0.024435,0.139334,0.162039,1.69152,0.603543,0,0,2.95449,0.0319035,0.00740601,1.69993,0.315324,0.0503092,0.855954,0.215796,3.19363,0.154692
,107.694149659,0,0,0,0.089283,0.167482,1.36039,0,0.342979,0.163286,0.270026,1.56938,0.226718,0,0.0257697,1.99171,0.120845,0.0620624,1.81633,0.385622,0.15304,0.993925,0.110578,2.88464,0.0581095
,107.740589569,0.00193172,0,0.149189,0.500403,0.0628331,1.59889,0,0.450986,0.166857,0.125418,1.84266,0.13518,0.377089,0.311895,1.05833,0.572145,0.112146,1.70987,0.36947,0.201234,1.03905,0.0694388,2.36483,0.0346476
,107.787029478,0.00287195,0,0.18722,0.505602,0.161584,1.65223,0,0.236265,0.160964,0.0844954,1.70899,0.168842,0.56063,0.560607,0.909004,0.680804,0.270268,1.80509,0.192738,0.105424,0.995912,0.0642372,1.89717,0.0471331
,107.833469387,0.00117721,0,0.369195,0.417438,0.105468,1.43085,0,0,0.121656,0.100013,1.59976,0.207684,0.229802,1.52708,1.02191,0.565005,0.176407,1.84599,0.105452,0.00730709,0.684476,0.0293678,1.59043,0.0543451
,107.879909297,0,0,0.623023,0.0475791,0.0180217,0.93208,0,0,0.0144676,0.392179,1.62466,0.231622,0,2.08872,1.21619,1.30286,0.0301434,1.30546,0.0391517,0.0608454,0.0812568,0.235476,1.54392,0.0593664
,107.926349206,0,0,0.468311,0,0.663718,0.284125,0.0576115,0,0,0.346373,1.69825,0.189267,0,1.76359,1.27521,1.81763,0.229808,0.603612,0.023455,0.170884,0,0.338394,1.97266,0.0485106
,107.972789115,0,0.592864,0.612853,0.0903109,0.882249,0.289087,0.693725,0,0,0,1.89854,0,0,1.11111,1.29891,2.09527,0.305473,0.297778,0.292906,0.340237,0,0,2.16743,0
,108.019229024,0,0.298289,1.07643,0.474577,0.98088,0,0.891015,0.229934,0.101682,0,1.45268,0,0,0.627967,1.58301,1.91977,0.339623,0,0.478011,0.546366,0.754541,0,2.07286,0
,108.065668934,0.131996,0.146909,0.982697,1.14423,0.698921,0.239594,0.332969,0.637174,0.135739,0.103253,0.796264,0,0.106815,0.351213,1.665,1.80472,0.241997,0.0896524,0.578475,0.346302,1.61091,0.0243083,1.6031,0
,108.112108843,0.278225,0.224742,0.943947,1.54448,0.227051,0.258242,0.142251,0.610902,0.267216,0.408976,0.466258,0.0622854,0.291912,0.254972,1.92283,1.45007,0.0816834,0.0966302,0.387235,0.317839,2.50328,0.0962832,1.13678,0.0159642
,108.158548752,0.177147,0.0644823,0.798627,1.59173,0.0399856,0.152651,0,0.454553,0.935111,0.0720949,0,0.476053,0.537393,0.783066,1.92502,1.03088,0.0196347,0.0571198,0.0449162,0.21247,2.90837,0.016973,0.582411,0.220231
,108.204988662,0.275558,0.155402,0.145347,1.31759,0.0621965,0,0,0.271101,1.06694,0.349459,0,0.715293,0.571664,0.782565,1.82646,1.07196,0.0127688,0.0143703,0.052305,0.119332,2.73296,0.191984,0.516884,0.580537
,108.251428571,0.0338617,0,0.0717078,0.399765,0.0251053,0,0.535053,0.0814728,1.30299,0.351272,0,0.404274,0.636188,0.241961,1.99067,1.29471,0.00515406,0.0285378,0.338947,0.0608696,2.58685,0.293117,0.549893,0.40263
,108.297868480,0.199065,0,0,0.638314,0,0,0.343595,0.0498318,1.49002,0.17833,0,0.432451,1.48306,0.281554,1.43861,1.45459,0.111893,0,0.319113,0.487305,2.34699,0.441759,0.434874,0.304001
,108.344308390,0.064679,0,0,0.746096,0,0,0.0191366,0.0333069,1.66712,0.269337,0,0.418004,1.98306,0.324362,0.725512,1.40334,0.40527,0,0.229688,0.633942,2.19326,0.671902,0.346813,0.293846
,108.390748299,0.0042599,0,0,0.902854,0,0.048875,0.0675641,0.0277635,1.74658,0.349484,0,0.176504,2.26812,0.351052,0.368392,1.50907,0.493915,0.0182883,0.335125,0.756739,2.06953,0.733806,0.32821,0.124077
,108.437188208,0.00686352,0.0870127,0,0.798731,0,0.145082,0.0404897,0.0307814,1.71724,0.39081,0,0,2.58096,0.420248,0.194233,1.60186,0.390907,0.0542874,0.398491,0.880765,2.10225,0.738124,0.2066,0
,108.483628117,0.00932122,0.0614496,0,0.781432,0,0,0,0.0298763,1.66645,0.420084,0,0,2.82196,0.39072,0.194651,1.59903,0.303272,0,0.300256,0.850098,2.16735,0.937601,0.21314,0
,108.530068027,0.00950958,0.109398,0.521273,0.809586,0.539221,0.019296,0,0,1.57764,0.375967,0,0,2.7332,0.371243,0.285677,1.74308,0.431642,0.0409935,0.179427,0.783546,2.10927,1.15536,0.199146,0
,108.576507936,0.00575282,0.0831231,0.932205,0.710598,0.462061,0.139064,0.00885453,0,1.25582,0.384964,0,0.0814323,2.2024,0.314885,0.669365,1.49788,0.380937,0.313814,0.0504272,0.586492,2.07348,1.17313,0.151986,0.0572447
,108.622947845,0.295188,0.416786,0.999417,0.759336,0.443155,0.177299,0.00332316,0.0149381,1.04624,0.411212,0,0.342789,1.96142,0.196848,1.22604,1.18985,0.301776,0.366369,0.0990697,0.123537,1.95242,1.27789,0.000713209,0.215387
,108.669387755,0.619497,0.503763,0.766068,1.41455,0.278793,0,0,0.0782327,0.644637,0.327938,0.074718,0.493374,1.99119,0.218664,1.84006,1.25199,0.148244,0.144524,0.290679,0.0417363,2.03069,1.36813,0.0190253,0.174427
,108.715827664,0.562053,0.296979,0.582567,1.5834,0.0239456,0.0432358,0,0,0.715073,0.0395781,0.178537,0.511165,2.06612,0.199779,2.39319,1.27769,0.0695712,0.0645095,0.441853,0.252662,2.1918,1.2588,0.19642,0.131015
,108.762267573,0.711412,0.0892151,0.442079,1.42114,0,0.0623058,0,0,1.52311,0.161436,0.298507,0.241237,2.1692,0.0991124,2.34414,1.55689,0.0611403,0.0130397,0.532734,0.227592,2.38525,1.41851,0.178967,0.0618308
,108.808707482,0.493674,0.0173905,0.480245,0.92787,0,0,0,0,1.50583,0.677563,0,0,2.18838,0.00494672,2.47951,1.58969,0.0465614,0,0.507358,0.00304003,2.39542,1.5761,0.0248016,0
,108.855147392,0.0747065,0,0.639342,0.567288,0,0,0,0,1.38889,0.512098,0,0,2.15462,0,2.65554,1.1571,0.0859624,0,0.504295,0.0119658,2.58696,1.30024,0,0
,108.901587301,0.00562888,0,0.670221,0.447545,0,0,0,0,1.58584,0.359922,0,0,2.44033,0,2.67553,0.873126,0.320997,0,0.369325,0.0737323,2.73186,0.812787,0.0292481,0
,108.948027210,0.0196247,0,0,0.790045,0,0.0120802,0,0.0717888,1.82878,0.320515,0,0,2.7076,0,2.20503,0.785587,0.400467,0.00452023,0.235222,0.643006,2.66083,0.432016,0.223625,0
,108.994467120,0.0060296,0.0363631,0,1.12633,0,0,0,0.110641,1.70843,0.282365,0,0,2.37516,0.034345,1.90253,1.03225,0.432629,0,0.154006,1.0808,2.19691,0.066476,0.34655,0
,109.040907029,0.0011923,0.14089,0,1.53969,0.0484217,0,0,0.0899278,1.55224,0.281596,0,0,1.24112,0.133071,1.26812,2.14678,0.225269,0,0.0781343,0.92703,1.55488,0.251083,0.253378,0
,109.087346938,0.032954,0.140909,0,1.20982,0.33283,0,0.00513224,0.0590351,1.54907,0.279347,0.00491941,0,0.340783,0.133089,1.11743,2.56313,0.11524,0,0.252346,0.653094,1.5182,0.770094,0.309934,0
,109.133786848,0.0500075,0,0.833674,0.895181,0.792338,0,0.0914197,0,1.29252,0.289652,0.00280336,0,0.231742,0,1.39537,2.40417,0.274341,0,0.60919,0.321588,1.63511,1.00042,0.289789,0
,109.180226757,0.538046,0.00634062,0.884119,1.1997,0.620684,0,0.133132,0.00185131,0.845778,0.661556,0.0438745,0.145896,0.304781,0.00180358,2.02108,1.65746,0.2302,0,0.760402,0.799688,1.65687,1.23825,0.287646,0.0373943
,109.226666666,0.620372,0.370028,0.989793,1.26997,0.165047,0,0.168659,0.133371,0.626952,0.6262,0.13316,0.375101,0.398416,0.105254,2.49605,0.946097,0.0817662,0,0.877769,1.26069,1.35764,1.18297,0.274815,0.096141
,109.273106575,0.780002,0.463408,1.24307,0.984042,0.205153,0,0.142336,0.329522,0.348701,0.518251,0.301885,0.470482,0.488659,0.131816,2.37448,0.326901,0.181942,0.00251252,0.888092,1.61434,0.671835,1.18708,0.319736,0.145105
,109.319546485,0.816726,0.330802,1.14283,0.638114,0.304074,0,0.0402998,0.676039,0.208377,0.240082,0.495311,0.367732,0.529603,0.290517,1.8747,0.330485,0.34534,0.0165846,0.666357,2.56936,0.0688903,0.80878,0.402305,0.304088
,109.365986394,0.845659,0.0340497,0.818117,0.272397,0.153799,0,0.024409,1.39739,0.210473,0,0.229331,0.154606,0.360207,0.423175,1.34963,1.13937,0.148905,0.00614651,0.512253,3.09737,0.0602661,0.445102,0.40961,0.669412
,109.412426303,0.723568,0.0516808,0.847537,0,0.0012577,0,0.0311386,1.33674,0.304883,0,0.139472,0.0896232,0.195347,0.256357,1.26203,1.55972,0.000258203,0,0.243958,3.34305,0.0716271,0.252639,0.430619,1.14952
,109.458866213,0.331894,0,0.989205,0,0,0,0.040923,1.55751,0.442687,0,0.176613,0.0456706,0.0893911,0,1.40762,1.82287,0,0,0.542891,3.30696,0.262043,0.196499,0.448406,1.55008
,109.505306122,0.242922,0,0.572183,0.354285,0,0,0.0613961,1.63339,0.409314,0,0.0318104,0.0768863,0.0654278,0,1.65826,1.94936,0,0.00317139,0.936393,3.06687,0.0981824,0,0.306484,1.94116
,109.551746031,0.205601,0,0.339994,0.534607,0,0,0.0766108,1.78571,0.332151,0,0,0.0413957,0.0553759,0,1.77877,1.84647,0,0.00660179,1.03668,2.85306,0.0785469,0.126854,0.182157,2.23205
,109.598185941,0.168338,0,0.667295,0.542637,0.0434253,0,0.0706053,1.90568,0.301991,0,0,0.0247163,0.0453397,0,1.98165,1.62842,0.0726339,0.00666336,0.927844,2.75548,0.0685992,0.356167,0.0845982,2.39053
,109.644625850,0.150243,0,0.819707,0.385813,0.0788457,0,0.0656029,1.89013,0.278855,0,0,0.0356561,0.040466,0,2.28271,1.07134,0.131879,0.000595072,0.695905,2.86686,0.0633436,0.426389,0.0586731,2.56144
,109.691065759,0.230742,0,0.757476,0,0.217205,0,0.0751675,1.85343,0.270364,0,0,0.0340353,0.0621473,0,2.61531,0.462627,0.0752058,0,0.517416,3.01645,0.0614149,0.349966,0.167736,2.41326
,109.737505668,0.507445,0.174616,1.3717,0.0640288,0.289249,0,0.078526,1.45747,0.360684,0.0399778,0,0.0168449,0.136673,0.114305,2.92492,0.173494,0.100151,0,0.502732,2.56056,0.33358,0.551324,0.257935,1.86333
,109.783945578,0.767223,0.656724,1.13303,0.46259,0.334946,0,0.129268,0.514517,0.232475,0.252863,0,0,0.206641,0.274233,3.26243,0.442035,0.115973,0,0.504702,2.15109,0.39862,0.868845,0.172172,1.38903
,109.830385487,0.770359,0.870407,0.656002,0.55469,0.274111,0,0.0731628,0.365387,0.224179,0.611219,0,0,0.207486,0.292274,3.50265,0.266579,0.0949089,0,0.729703,1.9005,0.483723,1.55177,0.0650823,1.21055
,109.876825396,0.773754,0.701217,0.500139,0.790522,0.24754,0,0.0380617,0.420337,0.190262,0.363306,0,0.00760321,0.2084,0.199461,3.63486,0.307756,0.112981,0,1.04642,1.60008,0.510994,1.96934,0.00580242,1.26493
,109.923265306,0.683801,0.349774,0.843589,0.522438,0.324135,0,0.0195193,0.633266,0.357474,0.126932,0,0.00821722,0.194243,0.0994931,3.69782,0.195123,0.267945,0,1.01948,1.75564,0.429272,1.86307,5.61007e-05,1.41328
,109.969705215,0.563697,0.175639,0.921994,0.0855933,0.25423,0,0.0458986,0.999505,0.32099,0.100932,0,0.00931532,0.16885,0.0499603,3.55432,0.0326894,0.210501,0,0.897314,1.97694,0.149733,1.6406,0,1.58667
,110.016145124,0.500568,0.00543732,0.635672,0.0396505,0.0678571,0,0.0572165,1.22602,0.312134,0.0806584,0,0.0415508,0.147792,0.0137966,3.23612,0.0536672,0.0234951,0,0.611137,2.25025,0.0845393,1.50435,0.000101209,1.80108
,110.062585034,0.229407,0,1.05037,0.0839939,0.047872,0,0.0694879,1.53738,0.338932,0.017372,0,0.0553613,0.0617876,0.0601288,2.96436,0.13784,0.0800714,0,0.546552,2.74604,0.276159,0.950186,2.46568e-05,1.94615
,110.109024943,0.153538,0,0.911121,0,0.0731165,0,0.0777846,1.6944,0.31529,0,0,0.0264928,0.0413534,0.0796244,2.65347,0.0840729,0.122296,0.000951277,0.461915,3.23316,0.282248,0.759007,0,2.26779
,110.155464852,0.0867479,0.239342,0.813664,0,0.00262558,0,0.0701108,1.7336,0.284411,0,0,0.0328606,0.0233644,0.0898537,2.57276,0.168049,0.00439159,0,0.555424,3.22849,0.276936,0.51751,0,2.55739
,110.201904761,0,0.325577,0.789341,0,0.229595,0,0.0560743,1.4208,0.394719,0,0,0.0380601,0,0.0926101,2.76954,0.0792743,0.384025,0,0.585748,2.72739,0.889428,0.335744,0.00763859,2.52343
,110.248344671,0,0.0221065,0.109607,0,0.564009,0,0.0701567,0.991846,0.479928,0,0,0.0420845,0,0.00628817,2.57476,0.0179126,0.943369,0.00241292,0.580729,2.68406,1.23538,0.301686,0.0278547,2.12276
,110.294784580,0.0130224,0.10564,0.663097,0,1.09405,0,0.0799811,1.01832,0.426376,0,0.069926,0.165285,0.0105382,0.0300492,2.29348,0.110172,1.00414,0.0127457,0.609542,2.56784,0.853092,0,0.0455345,1.79716
,110.341224489,0.610423,0.360989,0.654734,0.356807,1.10345,0,0.32948,0.567965,0.254273,0,0.111141,0.283222,1.01071,0.102683,1.46091,0.450922,1.05164,0.16868,0.352422,2.31139,0.170257,0,0.0702599,1.28519
,110.387664399,1.03664,0,0.522021,0.872404,0.869469,0,0.300326,0.558454,0.0554309,0,0.143665,0.0780549,1.95063,0,0.919015,0.982927,1.16186,0.27661,0.112313,2.20392,0.100397,0,0.0902777,0.382954
,110.434104308,1.02868,0,0.46129,0.88241,0.689644,0.0335867,0.182402,0.568541,0,0,0.248079,0.498768,2.05684,0.0183511,0.777686,0.880801,1.11632,0.361808,0.0418929,2.48777,0.0488172,0,0.163052,0.400479
,110.480544217,1.1682,0,0.231538,0.809193,0.641742,0.0764166,0.162614,0.614341,0,0,0.136168,0.498357,1.99584,0.503297,0.675854,0.675913,1.08328,0.248628,0.260081,2.49266,0,0.00161598,0.612992,0.308725
,110.526984126,1.65764,0,0,0.397447,0.511768,0.132962,0.161034,0.633386,0,0,0,0.404027,1.8643,0.449397,0.553108,0.392754,0.88426,0.0828067,1.95795,1.80037,0,0.00196345,1.26953,0.160193
,110.573424036,2.35032,0,0,0,0.290502,0.104545,0,0.58211,0.134473,0,0,0.135807,1.61878,0.387101,0.65748,0.265911,0.39499,0.199443,2.90103,1.17849,0.0305464,0.0237924,1.52971,0.0348082
,110.619863945,2.46285,0.049164,0,0.0226807,0.355623,0.0923272,0.120176,0.341991,0.0465743,0,0.114653,0.0673222,1.66534,0.516557,0.352983,0.28906,0.297775,0.274143,2.2146,1.31362,0.0229585,0.188203,1.28393,0.0172552
,110.666303854,2.16398,0.0893369,0.0903611,0.0386817,0.533222,0.398519,0,0.377366,0.286136,0,0.146776,0.0832825,1.73641,0.713492,0.330451,0.290245,0.595752,0.632428,0.360535,1.46741,0.141049,0.245022,1.12643,0.0213459
,110.712743764,1.98632,0.438227,0,0.0932926,0.679159,0.592467,0,0.356468,0.171522,0,0,0.0486964,1.88645,0.528515,0.33324,0.643037,0.876453,0.668338,0.0875789,1.40199,0.0845507,0.241358,1.07162,0.0124812
,110.759183673,2.03989,0.490489,0,0,0.488719,0.70358,0,0.326813,0,0,0,0.0490001,1.87182,0.596328,0.370138,0.807439,0.817438,0.747645,0.396453,1.28836,0,0.212236,1.15991,0.0125621
,110.805623582,2.23552,0.4136,0,0,0.340771,0.720815,0,0.319526,0,0,0,0.0417904,1.5897,0.57989,0.368275,0.861109,0.569978,0.599838,1.06684,1.25019,0,0.174434,1.14021,0.0107112
,110.852063492,2.44032,0.223418,0.0858027,0.26069,0.246815,0.433536,0,0.325255,0,0.00338403,0.110269,0.0383038,1.50694,0.274101,0.238174,1.02155,0.180312,0.462362,1.39432,1.26372,0,0.1836,1.16077,0.00982464
,110.898503401,2.3206,0.108384,0,0.313873,0.101591,0.0399803,0.0250871,0.319149,0.0293288,0.102501,0.174089,0.0322762,1.49962,0.0308298,0.721398,0.703498,0.0351752,0.360815,1.38176,0.953461,0.166945,1.14424,1.02537,0.00827263
,110.944943310,1.69728,0.324948,0.312201,0.205776,0,0.122666,0,0,0.0651519,0.545172,0.0693153,0.0604824,1.39269,0.0924314,1.80984,0.445417,0,0.394609,1.01967,0.653376,0.367262,1.29201,0.852541,0.0406173
,110.991383219,1.28323,0.69488,1.1806,0.0304175,0,0.181018,0,0.00516757,0.266926,0.79911,0,0.0316168,1.5236,0.197658,1.97663,0.524354,0,0.450532,0.695412,0.708012,0.265782,1.3527,0.603329,0.0222258
,111.037823129,0.960919,0.790755,2.04866,0.0521672,0,0.132652,0.0192607,0.139332,0.204547,0.935947,0,0,1.51231,0.22493,1.84018,0.774863,0,0.52034,1.27016,0.468548,0.256755,1.21644,0.704809,0
,111.084263038,0.453753,0.42871,2.64534,0,0,0.0659521,0.0293967,0.150399,0.378978,0.914271,0.0141375,0,1.05516,0.121946,1.81563,0.772693,0,0.165581,2.23746,0.22061,0.178335,0.937239,0.78125,0
,111.130702947,0.404446,0.113031,2.55199,0,0,0,0.0690412,0.226221,0.42752,0.47543,0.00913352,0,1.28293,0.0321515,1.60284,0.619642,0,0.207955,2.45994,0.0804005,0.0971137,0.77023,0.861933,0
,111.177142857,0.592241,0.219543,2.67526,0.00720684,0,0,0,0,0.0155747,0.0201072,0.00836268,0,1.77804,0.0624489,1.80892,0.46762,0,0.427731,2.4316,0.0317525,0.0874746,0.526742,0.924602,0
,111.223582766,0.980018,0.696555,2.43977,0,0,0,0,0.00150234,0,0.0148207,0.00478479,0,1.93562,0.369003,2.08703,0.204857,0,1.56062,2.048,0.0530966,0,0.581068,0.874448,0
,111.270022675,1.01562,0.893837,1.87866,0,0,0,0,0.367692,0,0.0791093,0,0,1.67351,0.583831,1.87567,0.0866032,0,2.60131,0.75477,0.269051,0,1.33465,0.834641,3.34998e-06
,111.316462585,1.04629,0.848394,1.86125,0,0,0,0,0.622595,0,0.104314,0.0749345,0.0158221,1.38531,0.575377,1.86187,0.0673334,0,2.72062,0.227481,0.527363,0,1.46154,0.998295,0.0111244
,111.362902494,0.510978,0.282997,2.521,0,0,0,0,0.762033,0,0.0928612,0.632868,0.0629949,0.910695,0.302257,2.0347,0.125149,0,2.40453,0.657514,0.868363,0,1.2618,1.27751,0.044292
,111.409342403,0.000618124,0.0593233,2.59856,0.24895,0.115955,0,0.13456,0.569263,0,0.0404086,0.516236,0,0.518151,0.320399,2.20701,0.518471,0.212139,1.82362,1.32892,1.03283,0,0.821083,1.39391,3.29699e-05
,111.455782312,0.000885795,0.0268584,1.98781,0.755186,0,0.0394132,0.275423,0.259126,0,0.61228,0.503041,0,0.261979,0.464374,2.14647,1.10346,0.0326461,2.07995,0.703604,1.0084,0,0.734958,1.1646,5.9532e-05
,111.502222222,0.00166064,0,1.52437,0.935009,0,0.00168881,0.234585,0.25802,0,0.239521,0.648575,0.0303841,0.39235,0.481371,1.75091,1.19852,0.0304304,2.14374,0.493876,1.11867,0.00600919,0.488426,1.05593,0.00781307
,111.548662131,0.262439,0,1.12696,1.21759,0,0,0.0131063,0.474363,0.196359,0.158773,0.223974,0.16475,0.524095,0.372587,1.30501,1.19223,0.0253297,2.11941,0.191307,0.979305,0.0568544,0.439869,1.50098,0.0422267
,111.595102040,0.419601,0,0.948397,1.36357,0,0,0.021133,0.330585,0.257522,0.191161,0.266112,0.281868,0.493065,0.670688,1.01145,1.1022,0.0160269,2.32233,0.0626299,0.669585,0.0584977,0.506434,1.68188,0.241527
,111.641541950,0.213314,0,0.957425,1.30798,0,0,0,0.164276,0.189111,0.352775,0.465559,0.432038,0.592294,0.930758,1.09643,1.43375,0.0192136,2.38149,0,0.318159,0.142423,0.507022,1.54736,0.466074
,111.687981859,0.00230747,0.127006,0.915637,1.26828,0.0195818,0,0,0.0719638,0.361603,0.598355,0.532418,0.662439,0.45044,0.887335,1.22074,1.40288,0.0559702,2.42854,0,0.484847,1.14117,0.396919,1.503,0.452282
,111.734421768,0.0122994,0.280619,0.192241,1.0883,0,0,0,0.120052,0.489475,0.664314,0.486372,0.757415,0.312821,0.784934,0.58917,1.23409,0.0214626,2.46621,0,0.777722,1.51574,0.369983,1.66733,0.384244
,111.780861678,0.00260368,0.0775149,0.10575,1.3553,0.0699861,0.122105,0,0.295806,1.08205,0.257613,0.238663,0.578703,0.767557,0.0732131,0.339894,0.956516,0.0293285,2.45178,0.295189,0.806227,1.79788,0.376535,1.771,0.406812
,111.827301587,0.0112051,0,0.166008,1.63217,0.558749,0.136669,0,0.402744,1.30952,0.0869225,0.0264298,0,1.09111,0,0.366932,1.09737,0.390372,2.20673,0.613003,0.785863,1.74352,0.250349,1.91376,0
,111.873741496,0.0991797,0.114044,0.124875,1.60506,0.833877,0.175793,0,0.188174,0.758008,0.0697133,0.0767697,0,1.12946,0.107715,0.520672,1.58464,0.746695,2.022,0.648661,0.510772,1.1834,0.145329,2.31276,0
,111.920181405,0.107166,0,0,1.88974,0.38682,0.0423197,0,0.0990963,0,0.764363,0.081698,0,0.655143,0.050326,0.556366,2.27191,0.259848,1.79125,0.439781,0.564617,0,0.419892,2.92687,1.81542e-05
,111.966621315,0,0,0,2.35604,0.0987012,0,0,0.0717611,0.0138204,0.549987,0.0720574,0,0,0.0584062,0.435357,2.1743,0.0341746,2.19258,0.358069,0.57521,0.00681268,0.302128,2.95027,0
,112.013061224,0,0,0.111491,2.42825,0.064037,0,0,0,0.10933,0.72264,0.0651167,0,0,0.102338,0.183334,1.55991,0.0221724,2.56181,0.42851,0.525684,0.0538937,0.599441,2.97458,0
,112.059501133,0,0,0.256627,2.17562,0.0120439,0,0.000639201,0,0.0438005,0.267097,0,0.0139521,0,0.142723,0.282086,0.994468,0.0201449,2.72633,0.344046,0.711701,0.246004,1.18793,2.57403,0.00980796
,112.105941043,0.14991,0,0.797669,1.43174,0.124978,0,0,0,0.0755446,0.203207,0,0.474519,0.156622,0.313979,0.610642,1.14708,0.209041,2.18641,0.0555705,1.02261,0.428536,1.05833,2.46295,0.138246
,112.152380952,0.438602,0.213273,1.15043,1.10772,0.207808,0.148063,0.0347464,0,0.0774698,0.284041,0,0.425803,0.346354,0.414639,0.64444,1.57493,0.347583,1.8575,0.0200697,1.13576,0.440747,0.918748,2.22349,0.124084
,112.198820861,0.577878,0.603618,1.19963,1.22317,0.176266,0.163703,0.0348561,0,0.0633544,0.380682,0,0.334504,0.361517,0.44997,0.511118,1.97726,0.294825,2.10375,0.0141908,0.912709,0.380681,0.792716,1.92961,0.0857359
,112.245260770,0.556391,0.839922,0.895924,1.25315,0.0179299,0.0617391,0.177268,0,0.0406011,0.592116,0.0600338,0.253909,0.311658,0.462985,0.520308,1.89327,0.0299899,1.92487,0.10456,0.672293,0.228034,0.792587,2.05624,0.0655881
,112.291700680,0.499105,0.758179,0.398371,0.971609,0,0.071435,0.205949,0,0.0916599,0.708455,0.369241,0.18539,1.06989,0.504511,0.777771,1.8083,0,1.39939,0.159677,0.21452,0.0600463,0.824715,1.84473,0.135923
,112.338140589,0.348674,0.529692,0,0.840676,0,0,0.0318367,0.255411,0.321877,0.348269,0.709178,0.162091,1.17327,0.49709,0.601987,1.67522,0,1.08918,0.203086,0.150832,0.0731163,0.66653,1.60906,0.220781
,112.384580498,0.00406535,0,0.151109,0.562627,0,0,0,0,0.443954,0.960404,0.234374,0.0385519,0.93293,0.380753,0.634941,1.43261,0,0.602259,0.0834635,0.396449,0.218844,0.527585,2.45005,0.19758
,112.431020408,0.00186255,0,0.265329,0.478365,0,0,0,0,0,0.00425843,0.137123,0,0.554824,0.309122,0.297199,1.43045,0,0.364107,0.0776264,0.899891,0.205904,0.0642688,2.47547,0.201376
,112.477460317,0.0026102,0,0.092597,0.579914,0,0,0,0,0,0.00953085,0.123518,0,0.639836,0.0837241,0.127469,1.61521,0,0.623217,0.0663144,0.82558,0.703239,0.0855731,2.47696,0.175861
,112.523900226,0.34116,0,0.843512,0.413221,0.867884,0.42971,0,0,0.0607517,0.281335,0.776212,0,0.999952,0,0.42168,0.917721,0.463329,1.02735,0.0570573,0.555294,0.640632,0.154547,3.15604,0
,112.570340136,0.796651,0.531476,0.94533,0.0645957,1.25288,0.95702,0.110342,0,0.0031048,0.241529,0.0825143,0,0.98316,0.163768,0.485297,1.11133,0.570092,1.55449,0.0923034,0.712762,0.138394,0.0568621,3.05632,0
,112.616780045,1.29344,0.387803,0.889363,0.113938,0.793891,1.14764,0.0242823,0,0.0230355,0,0.219707,0.157043,0.800031,0.119971,0.46617,1.56937,0.812576,1.70612,0.0938565,0.897428,0.131192,0,3.11779,0.0402513
,112.663219954,1.3527,0.111621,0.412013,0.382272,0.587527,0.979462,0.0451512,0.113148,0.200199,0.357559,0.371004,0.118828,0.606379,0.0754645,0.294059,1.93296,0.702518,1.5933,0.152472,0.923283,0.541155,0.0841785,3.22236,0.0304564
,112.709659863,1.03325,0.220268,0.297951,0.439724,0.44158,0.764059,0.0208858,0.457236,0.360545,0.479707,0.387017,0.0806358,0.407394,0.0626551,0.256715,2.47526,0.593971,1.4246,0.0825053,0.847923,1.34705,0.112935,2.81104,0.0206675
,112.756099773,0.582764,0.272934,0.345018,0.434999,0.313936,0.40012,0,0.728939,0.541866,0.481374,0.161844,0.0772669,0.15696,0.120858,0.280577,2.72474,0.468741,1.14913,0.0302968,0.614934,2.29602,0.113328,2.45836,0.0198041
,112.802539682,0.72062,0.283167,0.386343,0.582069,0.121677,0.076423,0,0.362057,0.988824,0.433755,0.134523,0.104487,0.341919,0.204863,0.302746,2.52217,0.241416,0.651847,0.0830532,0.207137,2.77801,0.103116,2.11701,0.0583977
,112.848979591,0.802011,0.657843,0.251082,0.625911,0,0,0,0.0746214,1.71942,0.322222,0.0613789,0.0721606,0.35323,0.442801,0.369602,2.17226,0.0536042,0.733055,0.0967255,0.0465357,2.60811,0.0767055,1.85654,0.061696
,112.895419501,0.714047,0.918704,0.0602074,0.365682,0,0.0180175,0.0810744,0.00268647,2.10418,0.307384,0,0.283011,0.406906,0.65756,0.275943,1.84969,0.0545845,0.907205,0.107192,0.126653,2.32245,0.072366,1.73963,0.182441
,112.941859410,0.212552,0.25735,0.962601,0.201674,0,0.00799263,0,0,2.39926,0,0,0,0.743018,0.243068,0.590579,1.95597,0.0457017,0.931666,0.0880631,0.276666,2.68468,0,1.85118,0.01019
,112.988299319,0.393687,0,0.55795,0,0.0514556,0,0,0,2.33241,0,0,0,0.873309,0,0.888333,2.0092,0.126793,0.952831,0.0540963,0.360102,3.01789,0,2.00485,0
,113.034739229,0.213388,0,0.0899053,0.448311,0.27981,0,0,0,2.3659,0,0.0211677,0,1.20532,0,0.401521,2.00431,0.502289,0.943904,0.0419134,0.438551,3.14844,0,1.7433,0
,113.081179138,0.593385,0.00247324,0,0.596283,0.281671,0,0,0,2.34345,0,0.0280538,0,1.49084,0.00233599,0.373028,2.03839,0.50107,1.28823,0.0389962,0.371419,3.15002,0,1.41098,0
,113.127619047,0.888617,0.0156517,0,0.596702,0.261091,0,0,0,2.34723,0,0.0329304,0,1.68652,0.0147831,0.359875,1.88469,0.46139,1.58811,0.0227176,0.142673,3.17859,0,1.5954,0
,113.174058956,0.924516,0,0,0.504978,0.266109,0,0,0,2.43055,0,0.0295486,0,1.59041,0,0.290451,1.60947,0.465247,1.64389,0.00439364,0.0165678,3.23738,0,1.83034,0
,113.220498866,0.85418,0.512323,0.759421,0.538082,0.342611,0.0250841,0,0,2.28455,0,0.025563,0,1.29787,0.14573,0.494164,1.78903,0.138373,1.6176,0.0137242,0.0125139,3.02557,0,1.95607,0
,113.266938775,0.800251,0.32105,0.973964,0.735769,0.0777203,0,0,0,2.18585,0.206329,0.0276832,0.0949635,0.805958,0.0913224,0.510505,2.0324,0.0489764,1.54979,0.00425515,0.151812,3.02278,0.0485751,2.0255,0.0243398
,113.313378684,0.684888,0.585128,0.860523,0.842425,0.0777872,0,0.0199307,0.0699077,2.24595,0,0.0312623,0.158329,0.792928,0.166439,0.430133,2.29498,0.0495101,1.47915,0.0644241,0.397011,2.86008,0.00206382,2.01293,0.040581
,113.359818594,0.733549,0.55568,0.548626,1.37105,0.0434345,0,0.0792894,0,2.39309,0,0.00825466,0.297614,1.07503,0.158063,0.444504,2.27874,0.0747023,1.63278,0.046292,0.361326,2.88935,0,1.81573,0.0762807
,113.406258503,0.917392,0.305563,0.125212,1.61476,0.12043,0.00724926,0.0666611,0,2.32062,0,0,0.229733,1.1858,0.0869173,0.431675,2.28738,0.186465,1.5764,0.0454143,0.169824,3.01242,0,1.81333,0.0588823
,113.452698412,1.14839,0.041424,0.0101238,1.25028,0.177531,0.0223502,0.0888848,0,2.37196,0.0343758,0.125779,0.0497579,0.859526,0.011783,0.455247,2.18205,0.223777,1.51957,0.0564212,0.240485,2.94196,0.00809292,1.9755,0.0127533
,113.499138321,1.24453,0.0199924,0,0.578372,0.0933811,0,0.00569519,0.210232,2.43471,0.16656,0.157757,0.0621938,0.537383,0.00568684,0.462968,1.76711,0.1323,1.6565,0.0532698,0.248497,2.76817,0.0392124,2.21016,0.0159407
,113.545578231,0.663372,0,0,0.541137,0.282709,0,0,0,2.6343,0,0,0,0.536823,0,0.509634,1.39064,0.501581,1.72177,0.0460399,0.305799,2.65629,0,1.96654,0.0299167
,113.592018140,0.300025,0,0,0.731562,0.330139,0,0,0,2.69061,0,0,0,0.485523,0.00980814,0.576086,1.43618,0.577206,1.6156,0.0199661,0.391849,2.55472,0,1.73253,0.11757
,113.638458049,0.0721176,0.1283,0.0076521,0.781423,0.324174,0,0,0,2.70452,0,0,0,0.541034,0.133996,0.498234,1.54666,0.568002,1.58046,0.0104382,0.413997,2.54863,0,1.60116,0.103892
,113.684897959,0.00117379,0.154524,0.024346,0.817783,0.311083,0,0,0.00804915,2.73891,0,0,0,0.783857,0.145949,0.277483,1.70221,0.554739,1.3613,0.10466,0.275101,2.6738,0.393527,1.18989,0
,113.731337868,0,0.316604,0,0.769803,0.273028,0,0,0.0813716,2.79442,0,0,0,0.723459,0.299033,1.12759,1.60923,0.522523,1.04213,0.263037,0.462322,2.63059,0.412385,0.915678,0
,113.777777777,0,0.390276,0.319156,0.506359,0.190761,0,0,0.0320129,2.85552,0,0,0,0.702329,0.368617,2.0015,1.21165,0.40141,0.828329,0.263698,0.816438,2.4464,0.384311,1.03558,0
,113.824217687,0.815481,0.54127,1.22229,0.0273753,0.119583,0,0,0,2.75544,0,0,0.149023,0.820768,0.378645,2.58243,0.880204,0.131127,0.915444,0.259925,0.907149,2.21985,0.376567,1.04966,0.0381956
,113.870657596,0.874135,0.863251,0.957571,0,0,0,0,0.192352,2.23071,0.0929243,0.0346098,0.109377,1.01686,0.366183,2.07784,1.43489,0.0800555,0.7802,0.274579,0.935197,1.81732,0.4622,1.14654,0.0280342
,113.917097505,0.823255,0.996126,0.341892,0.174742,0,0.0829248,0.0149791,0.522463,1.60986,0,0.0653435,0.135211,0.961218,0.452213,0.842018,2.12217,0.0664837,0.875104,0.297054,1.20757,1.20579,0.556414,1.4281,0.0346556
,113.963537414,0.725038,0.594981,0,1.5727,0.0133339,0,0.0960785,0.939867,0.963049,0,0.0917635,0.218556,0.635501,0.169242,0.117881,2.89264,0.0890137,0.685443,0.218452,1.42303,0.989057,0.534166,1.89906,0.0560176
,114.009977324,0.760572,0.223923,0,1.77952,0.071895,0,0.197006,0.43522,0.491664,0,0.148472,0.0991473,0.223423,0.119456,0.000279345,3.56138,0.0545803,0.366996,0.148756,1.37304,0.805509,0.0769495,2.41412,0.0259677
,114.056417233,0.703955,0.0125876,0,1.87937,0.10295,0,0.0264925,0.0307952,0.62644,0,0.298907,0,0.189601,0.00358054,0.0895133,3.39838,0.0211354,0.433575,0.0404535,1.01038,1.09262,0.0433648,2.59411,0.000493611
,114.102857142,0.411425,0,0,2.28978,0.121666,0,0.0697862,0.273991,1.00459,0.0131305,0.110159,0.0970313,0.110812,0.00888049,0.386022,3.09482,0.0421261,0.524022,0.115888,0.673208,1.3301,0.00309126,2.51524,0.0252307
,114.149297052,0.225464,0,0,2.73092,0.0230621,0,0.0395369,0.121528,0.878835,0.394712,0.0904085,0.49375,0.0607257,0.018208,0.718728,3.0092,0.0079851,0.563411,0.110431,0.419231,1.4064,0.21683,2.47573,0.126771
,114.195736961,0.279202,0,0,2.71155,0.083059,0,0.0436823,0.161307,0.848947,0.433177,0.130826,0.505784,0.137875,0.0145541,0.923876,2.98001,0.0487243,0.558936,0.138131,0.407802,1.31407,0.23796,2.34162,0.129645
,114.242176870,0.400117,0,0,2.68055,0.116227,0,0.0533892,0.111098,0.906337,0.248601,0.425051,0.446651,0.282959,0,1.1761,2.80405,0.105048,0.507027,0.269144,0.460941,1.15492,0.266234,2.22828,0.11448
,114.288616780,0.380513,0,0.00113552,2.75009,0.123445,0,0.110883,0.101178,0.8507,0,0.0961879,0,0.272996,0,1.21577,2.50035,0.139228,0.279381,0.584435,0.744803,0.975816,0.261497,2.22427,0
,114.335056689,0.293107,0,0,2.78091,0.103267,0,0.0938681,0.0574551,0.487496,0,0.0962353,0,0.237192,0,0.942689,2.68054,0.137426,0.192759,0.621977,1.13585,0.514475,0.252387,2.26355,0
,114.381496598,0.399508,0,0,2.73093,0.0595091,0,0.383575,0.157682,0.213242,0.140404,0.12142,0.0861898,0.255737,0,0.46628,3.06844,0.0773757,0.240173,0.870598,1.51545,0.157332,0.284669,2.29364,0.0220911
,114.427936507,0.673126,0.0540085,0.714063,1.99266,0,0,0.845927,0.148702,0.101577,0.345693,0.11056,0.181378,0.437811,0.107861,0.215644,3.13802,0,0.33128,0.926541,1.83478,0.160597,0.301593,2.33765,0.0464884
,114.474376417,0.934948,0.203428,0.731157,1.65536,0,0,0.724253,0.200992,0,0.0862968,0.114136,0.240871,0.481711,0.334308,0.220806,2.85699,0,1.24263,0.721975,1.74249,0.139388,0.248725,2.17238,0.0617369
,114.520816326,0.965363,0.669918,0.297863,1.32922,0,0.135775,0.5103,0.273652,0,0,0.120157,0.355584,0.393121,0.43308,0.0899533,2.49835,0,2.10973,0.540164,1.41039,0.0375516,0.246913,2.16317,0.0911387
,114.567256235,0.890886,0.55354,0,1.2676,0.319639,0.0500496,0.204457,0.422295,0,0,0.14349,0.316405,0.435754,0.296364,0,2.47805,0.110673,2.72706,0.412714,0.94105,7.43876e-05,0.280336,2.11712,0.0810969
,114.613696145,0.905869,0.224002,0,1.6381,0.240258,0.0124116,0.118398,0.231505,0,0,0.269919,0.0980685,0.510499,0.220311,0,2.42324,0.0705043,2.95719,0.3307,0.619803,0.00312273,0.309901,2.09771,0.0251357
,114.660136054,0.602234,0.0136955,0,2.15909,0.254722,0,0.0556366,0.185281,0.212452,0.000374411,0.571121,0,0.420145,0.297125,0,2.29154,0.0881959,3.07825,0.0119172,0.668084,0.0517297,0.310744,2.04058,0
,114.706575963,0.0199715,0.0262745,0,2.44389,0.472043,0,0,0.233215,0.249861,0.109485,0.632192,0,0.302281,0.224527,0,2.0271,0.389008,2.83395,0.0258744,1.10938,0.0567576,0.378777,2.14119,0
,114.753015873,0.390166,0.0458209,0,2.51055,0.537366,0,0,0.307954,0.101684,0.282712,0.576963,0.134605,0.571167,0.121859,0.766372,1.75601,0.444364,2.15912,0.0607119,1.05916,0.171972,0.394084,1.98358,0.0345002
,114.799455782,0.709124,0.0167384,0,2.44517,0.432847,0,0,0.220697,0,0.289607,0.66404,0.301184,0.70198,0.0251263,1.41547,1.55332,0.310164,1.57555,0.134954,1.17236,0.299028,0.390698,1.98289,0.0771957
,114.845895691,0.824394,0,0.0514097,2.32095,0.420997,0,0,0.230581,0,0,0.553147,0.477021,0.679723,0.0300207,1.32306,1.31484,0.269802,1.63868,0.086192,1.18549,0.125728,0.322823,2.54725,0.122264
,114.892335600,0.803536,0,0.531069,2.17268,0.27952,0.11386,0,0.292306,0,0,0.599653,0,0.650249,0.0549297,0.754614,1.10227,0.185164,2.39286,0.00549188,0.569241,0,0.173865,3.15437,2.28242e-05
,114.938775510,0.713844,0,0.786781,1.70324,0.160728,0.4954,0,0,0,0,0.87839,0,0.609047,0.0311519,0.746126,1.54248,0.104328,2.74359,0,0.130632,0.00149212,0,3.38322,9.0958e-05
,114.985215419,0.210927,0.471899,1.1485,0.463367,0.452608,0.541768,0,0.26345,0.448457,0,0.568232,0,0.41934,0.346142,0.425077,1.3037,0.180933,2.61483,0,0.216765,0.223487,0.0104172,3.79375,0.000105075
,115.031655328,0.174446,0.819109,0.963075,0.342976,0.694434,0.313245,0.050798,0.242683,0.432302,0,0.756969,0,0.729237,0.3452,0.404874,1.22394,0.240443,2.36308,0.141885,0.309602,0.214021,0.0192174,3.72091,0.000101641
,115.078095238,0.387686,0.924106,1.05164,0.310683,0.867747,0.45862,0,0.469951,0.12021,0.0826029,0.943785,0.0807109,0.860052,0.262861,0.906175,1.1065,0.300452,2.4216,0,0.220611,0.33215,0.0194468,3.56166,0.0207597
,115.124535147,0.53305,0.74016,1.08659,0.347683,0.658527,0.595491,0,0.710523,0.0828204,0.152277,1.03973,0.140076,0.798007,0.210538,0.994852,0.599705,0.22801,2.70329,0,0.336829,0.268923,0.0358499,3.75053,0.0360126
,115.170975056,0.514102,0.373459,0.709534,0.894103,0,0.657256,0,0.841872,0,0.159453,1.13362,0.130967,1.06165,0.10623,0.803989,0.30384,0,3.11905,0,0.403271,0.21686,0.0375392,3.7235,0.0337349
,115.217414965,0.0524247,0.171975,0.258828,0.729475,0,0.649975,0.00517573,1.09993,0.0903896,0.0345971,1.24407,0.364707,1.20607,0.10935,0.408972,0.235834,0,3.29902,0.00110862,0.507037,0.345466,0.00814503,3.36573,0.216914
,115.263854875,0.000341248,0.122256,0.0545982,0.212719,0,0.54114,0,1.18011,0.305756,0.0212065,1.61065,0.0358097,1.20134,0.115471,0.171507,0.068583,0,3.26297,0.0117306,0.536692,0.47488,0.00533492,3.3394,0.00938121
,115.310294784,0.119561,0,0.105512,0.0335289,0.0921909,0.576604,0,1.03314,0.114166,0.0400453,1.9578,0.241601,0.93044,0,0.233229,0.0108101,0.0319204,3.17255,0,0.475668,0.791236,0.00942768,3.53672,0.0621546
,115.356734693,0,0,0.195384,0.176549,0.0828879,0.585661,0,0.695312,0,0.0201203,2.26669,0.245209,0.655455,0,0.55483,0.0930809,0.0286993,3.03033,0,0.335158,1.2666,0.00473683,3.63018,0.0630903
,115.403174603,0,0,0.10966,0.307893,0.0547,0.5861,0,0.731741,0,0.0223011,2.18965,0.225253,0.748668,0,0.670979,0.112131,0.0189395,2.94398,0,0.3663,1.49657,0.00525025,3.59677,0.0579674
,115.449614512,0,0,0.12225,0.307934,0.0580288,0.577418,0,0.701032,0.00728604,0.0246147,2.1705,0.210091,0.782986,0,0.714193,0.0992813,0.0200921,2.85029,0,0.360602,1.26397,0.00579492,3.78265,0.0540571
,115.496054421,0,0,0.114183,0.174639,0.100358,0.527477,0.228998,0.407014,0.0387567,0.0329269,2.08443,0.177297,0.767577,0,0.848804,0.0563055,0.0347483,2.68445,0.0932308,0.219966,0.929598,0.00775183,3.8771,0.0457214
,115.542494331,0,0,0.217927,0.0494821,0.668399,0.475859,0.65697,0,0.0607172,0,1.97305,0.0953497,0.86121,0,1.02837,0.0228232,0.231428,2.61643,0.267468,0.0297577,0.542096,0,3.85522,0.0245397
,115.588934240,0,0,0.456578,0.1496,0.880649,0.540313,0.252401,0.132267,0.0575285,0,1.66642,0.28539,0.835102,0,0.974466,0.0664356,0.304919,2.82385,0.126401,0.329251,0.300965,0,3.5613,0.0731704
,115.635374149,0,0,0.641114,0.305232,0.721745,0.551709,0,0.398127,0,0,1.12504,0.691206,0.0890946,0.0246348,0.951891,0.204771,0.275888,2.87498,0.0888267,0.637403,0.0554573,0,3.67248,0.177211
,115.681814058,0,0.073542,0.88777,1.03868,0.295568,0.468339,0.0844805,0.491068,0,0,0.93081,0.767526,0,0.126599,0.996368,0.377907,0.113391,2.80154,0.121424,0.612429,0,0,3.56555,0.196807
,115.728253968,0.105211,0.423558,0.424698,1.32338,0.0519303,0.424872,0.147632,0.511513,0,0,1.05293,0.220622,0.0283371,0.23769,0.925679,0.450168,0.0108403,2.71545,0.493405,0.516587,0,0,3.57237,0.155188
,115.774693877,0.254665,0.150678,0.139768,1.42901,0.0607003,0.764919,0.106852,0.246218,0,0.12425,1.06859,0,0.329013,0.0850285,1.05095,0.460937,0.0138642,2.882,0.376851,0.254464,0,0.0292516,3.52058,0.000100319
,115.821133786,0.173825,0.024872,0,0.66092,0.0537336,1.00571,0,0.172746,0,0.0994917,1.65602,0.0272333,0.70043,0.0234917,0.919676,0.398581,0.0110314,2.74049,0.0789023,0.18614,0,0.0234229,3.63007,0.00719481
,115.867573696,0,0,0.216596,0.168793,0,1.63612,0,0,0,0.105666,1.58549,0.256646,0.66631,0.0195024,1.07921,0.233873,0,2.69889,0.024365,0.159121,0.376147,0.0248764,3.6064,0.0661996
,115.914013605,0,0,0.136346,0.62023,0,1.6883,0,0,0.0123573,0.371574,1.41561,0.182713,0.657314,0.00146107,1.00973,0.884366,0,2.79726,0.00300302,0.182286,0.954538,0.15015,3.10412,0.0624494
,115.960453514,0.0209799,0,0.0919439,0.779308,0.166416,0.98038,0.191287,0,0.0322362,0.203505,1.31991,0.26332,0.80416,0,0.969347,1.16325,0.273591,2.70941,0.544065,0.158731,1.51531,0.0479103,2.57277,0.0680253
,116.006893424,0.2745,0,0.0461163,0.770461,0.60074,0.175734,0.173345,0,0.113445,0.0962175,1.68978,0.312722,1.30473,0,0.922427,1.09298,0.426004,1.98374,0.489445,0.0354772,2.54679,0.022652,1.3465,0.138447
,116.053333333,0.394971,0,0.0545305,0.752708,0.544898,0,0.255395,0.0659447,0.175976,0.0685944,2.13388,0.306646,1.35496,0,0.848919,0.777572,0.46764,1.02084,0.384951,0.0353269,2.57571,0.0161488,1.09864,0.0785957
,116.099773242,0.435269,0,0,0.767219,0.324646,0,0.631141,0.113752,0.172547,0.0697743,2.32564,0.247654,1.42215,0.00187167,0.699499,0.626977,0.432397,0.735248,0.310038,0.0538688,2.44267,0.0168518,1.01739,0.0634754
,116.146213151,0.613395,0,0.798482,0.378278,0.0259123,0.0367483,1.13791,0.103281,0.114064,0.484206,1.26715,0.434195,1.4492,0.0170817,0.860472,0.170325,0.154744,0.97642,0.726814,0.0462062,2.2302,0.26084,1.1235,0.111287
,116.192653061,0.568859,0,0.416,0.67545,0,0.0149096,0.860451,0.292062,0,0.793454,1.03777,0.480682,1.27882,0.0263015,0.631539,0.501217,0.159316,1.13286,0.766743,0.13032,1.60059,0.655405,1.04372,0.123202
,116.239092970,0.918222,0.561088,0.201294,0.66225,0,0,0.307222,0.525425,0.00167318,0.72101,0.747599,0.108098,0.869597,0.187173,0.435862,0.927444,0.156355,1.01747,0.916656,0.587421,1.0116,0.873845,1.16576,0.0277064
,116.285532879,0.807962,0.79013,0.00162214,1.10036,0,0.0934541,0.312427,0.977034,0.0545471,0.661656,0.0749252,0.00904575,0.598305,0.340345,0.413861,0.961027,0.318593,0.56909,0.86952,0.886878,0.896616,0.803112,1.62398,0.00231849
,116.331972789,0.528291,0.831389,0.00783881,0.996425,0.0666455,0.231464,0.20175,0.936916,0.246402,0.412978,0.329406,0,0.269012,0.306297,0.351394,0.694559,0.315861,0.141892,0.586753,1.07388,1.74211,0.0972255,1.88816,0
,116.378412698,0.576892,0.587155,0,1.02734,0.161963,0.300168,0.181999,0.426357,0.1893,0.238101,0.988687,0,0.434815,0.193007,0.484137,0.678372,0.156709,0.135261,0.17897,0.989396,2.1898,0.056055,1.14924,0
,116.424852607,0.625685,0.0841151,0,0.696336,0.258582,0.696724,0.050305,0.322265,0.383469,0.2489,1.83025,0.0361945,0.89989,0.0239265,0.462622,0.329778,0.366416,0.4116,0.140508,1.013,2.63227,0.0585973,1.00033,0.0560682
,116.471292517,0,0.798404,0.613967,0.236888,0.455481,1.08302,0.101994,0.26511,0.178277,0,1.82656,0,1.16561,0.227106,0.392027,0.320629,0.761845,0.722952,0.284881,0.829412,2.47596,0,1.12899,0
,116.517732426,0.0199998,0.54028,0.724691,0.82825,0.479417,1.01078,0.158319,0,0.224268,0,1.43898,0,1.42549,0.197207,0.218854,0.596988,0.801879,0.963011,0.421415,0,2.18685,0,0.889432,0
,116.564172335,0.796155,0.146145,0.065218,0.949566,0.459612,1.24034,0.147058,0,0.211995,0,1.10466,0.12125,1.85928,0.134025,0.0196956,0.826356,0.768754,1.1999,0.423603,0,1.45505,0.0101831,0.682787,0.0310774
,116.610612244,0.307595,0,0,0.87419,1.19905,0.970492,0.142001,0,0.15699,0,1.1734,0,1.62938,0.11707,0,0.840177,0.769594,0.816893,0.536288,0,0.896424,0.10513,0.725273,0.0966624
,116.657052154,0.329488,0.0212717,0,0.518241,0.448793,0,0.132576,0,0.108238,0,1.36365,0.0179329,2.02133,0.0200912,0,0.777809,0.75604,0.185531,1.15593,0,0.62331,0.105886,0.842868,1.0149
,116.703492063,0.248269,0.0745932,0.4165,0.30564,0.213264,0.245887,0.991467,0.0650508,0.383109,0,1.36206,0.0212888,1.71719,0.0704536,0.488487,0.674254,0.384953,0.152829,1.31797,0.0330932,0.204465,0.0466846,0.841884,1.59488
,116.749931972,0.3393,0.5011,1.04238,0.400421,0.464127,0.356546,0.63626,0.170557,0,0,1.20764,0.541245,1.34829,0.142537,0.589463,0.460675,0.186636,0.340873,1.38771,0.0912585,0.00796955,0,0.746439,1.7325
,116.796371882,0.864315,0.679022,0.82621,0.640521,0.295605,0,0.59607,0.420772,0,0.0294698,0.66665,0.54293,1.02276,0.290221,0.372969,1.33152,0.110922,0.0105248,1.29448,0.21597,0,0.00693793,0.495975,1.46833
,116.842811791,1.32747,0.794589,0.485176,0.878277,0.0577307,0,0.300499,0.443281,0,0,0.0992123,0.575524,0.868289,0.61538,0.577782,1.81965,0.0199888,0,0.795929,0.45503,0.000707625,0,0.75677,0.886048
,116.889251700,1.27982,0.63495,0.121631,1.53097,0.0267798,0.0480139,0.308831,0.35421,0,0,0.237844,0.437436,0.660474,0.60055,0.927032,1.46811,0.00927234,0.319177,1.23821,0.34317,0.0133762,0,1.3592,0.245888
,116.935691609,1.24383,0.426877,0.10516,1.31006,0.227609,0.0329472,0.211855,0.245008,0,0,0.490098,0.261945,0.442458,0.121425,1.05195,1.02084,0.391309,0.402834,1.7752,0.241766,0.0232621,0,1.30641,0.12077
,116.982131519,0.921758,0.32504,0.144476,0.931834,0.293479,0.0289386,0.121254,0.232835,0.0947281,0.029624,1.13759,0.00576216,0.617857,0.0924575,1.03873,0.62067,0.599899,0.281952,1.63267,0.241284,0.0453554,0.00697424,1.21312,0.541124
,117.028571428,0.350143,0.494981,0.327453,0.560683,0.846128,0,0.166651,1.38332,0,0.082119,1.56703,0,0.900669,0.140797,0.628435,0.759654,0.96206,0.140131,1.65465,0.973431,0.130276,0.0193329,1.04728,0.446943
,117.075011337,0.144393,0.010042,0.191219,0.511068,0.348053,0,0,1.71738,0,0.0115333,0.934703,0.000314754,1.15469,0.00948466,0.708155,0.691733,0.693716,0,0.921882,2.87742,0.13239,0.103552,0.66899,0.428985
,117.121451247,0.399302,0.0851686,0.215458,0.721157,0.238041,0,0,0.177585,0,0.0124888,0.492665,0.0031807,1.363,0.080442,0.700437,0.986669,0.46798,0,0.581616,3.10122,0.00777147,0.112131,0.304515,0.393786
,117.167891156,0.639526,0.0294456,0.0855558,0.714472,0.175639,0.0039251,0,0.11617,0,0,0.00622745,0.00207511,1.52657,0.0278115,0.167067,1.74651,0.295552,0.0643626,0.717074,3.0144,0.000522876,0,0.103093,0.281024
,117.214331065,0.809743,0,0.315737,0.554344,0.122586,0,0,0.0285199,0,0,0.041111,0,1.38425,0.201683,0.397595,2.09902,0.20504,0.0283271,0.783583,2.7304,0,0.000522257,0.680573,0.0495375
,117.260770975,0.940017,0,0.648651,0.307926,0.0322862,0,0,0,0,0,0.0881034,0,1.08493,0.306213,0.744394,2.74815,0.0622711,0.0822787,0.632013,2.24691,0,0.00489092,1.45934,0.0831116
,117.307210884,0.650945,0.522434,0.673014,0.398872,0.643244,0.398709,0.537247,0.331688,0,0,0.104221,0,0.634053,0.468166,0.590564,2.74159,0.245638,0.991255,0.324435,1.49542,0,0.00450444,2.2149,0.00685466
,117.353650793,0.421981,0.788062,0.853042,0.378421,0.903882,0.655561,0.215668,0.12828,0.68459,0,0.545618,0,0.491979,0.31253,0.384716,2.41008,0.346297,1.15239,0.308357,0.693508,0.780155,0.00327851,2.07331,0.00114116
,117.400090702,0.577987,0.916937,1.13007,0.573725,0.758169,0.668883,0.0105179,0.0431165,1.56534,0,0.550787,0.00982528,0.518524,0.308627,0.606656,2.14414,0.318789,1.02366,0.236489,0.482167,1.74089,0.0647829,1.69583,0.077092
,117.446530612,0.775639,0.758107,1.23715,0.593254,0.303835,0.523727,0,0.011371,1.73432,0,0.401653,0.320025,0.493492,0.248202,0.670923,2.00506,0.171029,0.853135,0.233298,0.625613,2.50093,0.107426,1.33461,0.275589
,117.492970521,0.905535,0.504555,1.16512,0.702085,0,0.259531,0,0.00857266,1.83595,0,0.193141,0.469542,0.392477,0.14352,0.816826,1.99778,0.0488608,0.852739,0.237355,0.505665,2.81105,0.0282233,1.10771,0.363746
,117.539410430,0.654595,0.738395,0.70999,0.569388,0,0,0,0.0191342,2.0413,0.102591,0,0.576812,0.176306,0.518458,0.6096,2.08876,0.0320094,0.493834,0.374933,0.374185,2.65816,0.0275566,1.33423,0.195238
,117.585850340,0.523636,0.806172,0.0129359,0.161569,0,0,0.00550197,0.141997,1.85616,0.200074,0,0.714308,0.362614,0.656733,0.219649,2.2008,0.0277545,0.296609,0.234622,0.440477,2.607,0.050607,1.61742,0.201386
,117.632290249,0.688867,0.0869743,0.236485,0,0,0,0,0.12824,2.1498,0,0,0.0590077,0.637261,0.0821475,0.711138,2.15106,0.0272068,0.538437,0.0993764,0.471971,2.9934,0.00085107,1.76174,0.0546053
,117.678730158,0.702372,0,0.579713,0,0,0,0,0,2.32541,0,0,0.0701531,0.624713,0,1.29178,1.92096,0.0332273,1.11345,0.0679655,0.348989,3.08912,0,1.77879,0.0537921
,117.725170068,0.299428,0,0.369134,0.511486,0.0795781,0,0,0,2.37047,0,0,0.0417471,0.520986,0,1.13557,1.86634,0.171291,1.57083,0.0929709,0.208062,3.20072,0,1.54261,0.0293471
,117.771609977,0.00144629,0,0.0368763,0.822013,0.139742,0,0.0154699,0.0114874,2.44205,0,0,0,0.360313,0,0.731859,1.76266,0.272027,1.80604,0.149345,0.203028,3.24949,0,1.37701,0
,117.818049886,0.000430847,0.0307856,0.0124423,0.851768,0.173038,0,0.00158071,0.00246689,2.53846,0,0.0215356,0,0.336555,0.0290771,0.666312,1.68023,0.322975,1.84289,0.132523,0.188887,3.255,0,1.47518,0
,117.864489795,0,0.213433,0.0626469,0.685895,0.186701,0,0,0,2.57416,0,0.0270386,0,0.638449,0.201588,0.766287,1.63232,0.335819,1.89475,0.152119,0.0279179,2.97318,0,1.57756,0
,117.910929705,0.129405,0.475711,0.910425,0.130354,0.0660063,0.0849334,0,0,2.53664,0,0.0307178,0.551001,0.712061,0.135316,1.05149,1.5876,0.0447765,1.90998,0.157082,0.0335854,2.78812,0,1.63876,0.141226
,117.957369614,0.458346,0.67546,0.599307,0.541998,0,0.0976871,0,0,2.43461,0.117497,0.0335062,0.398679,1.00274,0.192134,0.71098,2.08813,0.0424745,1.54381,0.161461,0.255254,2.65769,0.0276617,1.51237,0.102184
,118.003809523,0.675454,0.733043,0.455634,1.02337,0,0.0359332,0,0,2.38009,0,0.0369562,0.478384,1.27864,0.208514,0.471933,2.44059,0.0405149,1.16311,0.122111,0.742083,2.35621,0,1.55675,0.122613
,118.050249433,0.811399,0.529438,0.244989,1.36384,0.0140254,0.000799412,0.0135406,0,2.46446,0,0.0231571,0.432486,1.52048,0.150598,0.333073,2.57635,0.0471572,0.936958,0.0306868,1.09748,2.16577,7.78111e-05,1.61157,0.110849
,118.096689342,0.924574,0.186034,0.0686293,1.43656,0.128121,0,0.0429369,0,2.55292,0.00501584,0.0591379,0.251071,1.59275,0.0543168,0.356623,2.45837,0.225183,0.853392,0.013997,0.974997,2.55836,0.00118085,1.65117,0.0643514
,118.143129251,0.957928,0.0366228,0,1.12352,0.21095,0,0.0804514,0,2.54078,0.0601318,0.202528,0.0660732,1.54441,0.014973,0.340576,2.29514,0.334758,0.943224,0.0778102,0.632878,2.82417,0.0141565,1.83562,0.016935
,118.189569160,0.967153,0.0131409,0.0553224,0.316899,0.155969,0,0,0,2.16581,0.26405,0.097685,0.0724327,1.48777,0.00837615,0.298129,2.27633,0.230496,0.815973,0.0903187,0.305291,2.79391,0.062164,2.06661,0.018565
,118.236009070,0.483626,0,0,0.67482,0.439524,0.0366755,0,0,2.41104,0,0.0041487,0,1.29762,0.00874363,0.173168,2.4729,0.568368,0.659664,0.0312712,0.231769,2.94602,0,2.02056,0.0036668
,118.282448979,0.446014,0.0674232,0.826452,1.09237,0.31203,0,0,0,2.30946,0,0,0,1.10267,0.0249501,0.433984,2.60616,0.542341,0.664958,0,0.165404,3.09392,0.0228263,1.80914,0.00815753
,118.328888888,0.401552,0,0,0.93627,0.480958,0,0,0,2.26783,0,0,0,0.841319,0,0.318354,2.50034,0.492321,0.860529,0.0131065,0,3.27534,0.0596396,1.65729,0
,118.375328798,0.339612,0,0.00424674,0.963307,0.269469,0,0,0,2.22156,0,0,0,0.586528,0,0.663902,2.1094,0.466677,0.81061,0.0493823,0,3.27508,0.138443,1.5163,0.0881957
,118.421768707,0.26259,0.0249057,0,0.923853,0.216964,0,0,0,2.43459,0,0,0,0.395773,0.0235235,1.30808,1.79307,0.387321,0.64669,0.0803561,0.00548512,2.97698,0.134165,1.6256,0.137566
,118.468208616,0.228342,0,0.416988,0.640791,0.153415,0,0,0,2.6465,0,0,0,0.329184,0,1.93913,1.46317,0.295352,0.552506,0.0657422,0.00798796,2.84061,0.146442,1.71028,0.0937961
,118.514648526,0.801807,0.154276,1.07458,0.101725,0.842243,0,0,0,2.65497,0,0.149624,0.048888,0.215956,0.0438837,1.87628,1.26674,0.555871,0.528385,0.118982,0.0119433,2.64967,0.134831,1.62815,0.0636079
,118.561088435,0.734778,0.543934,0.906037,0.162981,0.90476,0,0,0,2.27111,0.174091,0,0.0551014,0.218076,0.183127,1.73057,1.26013,0.630213,0.633815,0.162181,0.0129637,2.4683,0.135094,1.35085,0.0514876
,118.607528344,0.681606,0.450075,0.768027,0.577361,0.594319,0,0,0,1.54534,0.254875,0.0810375,0.157534,0.27033,0.151013,0.994273,1.70856,0.602902,0.372479,0.168958,0.284697,2.17812,0.258022,1.89349,0.0629983
,118.653968253,0.687831,0.0903036,0.569965,1.64517,0.101179,0.0158362,0.0570764,0,1.04125,0.70622,0.149248,0.268775,0.283054,0.0256868,0.49584,2.67945,0.176622,0.272214,0.185201,0.51066,1.72909,0.460855,2.01954,0.0692035
,118.700408163,0.74913,0,0.379133,2.01714,0,0.12112,0.0828456,0,0.633249,0.478893,0.328156,0.142386,0.312983,0,0.515318,3.0315,0,0.0649075,0.287527,0.743778,1.52258,0.305097,1.96458,0.0370689
,118.746848072,0.643584,0,0.0876278,2.12568,0,0.223165,0.12142,0.0990174,1.2382,0.31718,0.276561,0.0420535,0.267153,0,0.356097,3.01986,0,0.0960535,0.216465,0.911727,1.58147,0.196272,2.00356,0.0112204
,118.793287981,0.557144,0,0,2.58403,0,0.0582997,0.0143641,0,1.03714,0.274917,0.29425,0.111721,0.185171,0.00205801,0.407089,2.8861,0,0.327598,0.199639,1.03523,1.52882,0.149953,1.97801,0.0289051
,118.839727891,0.106197,0.0662598,0,2.74837,0.0260154,0.252923,0.0615547,0,0.726577,0.505305,0.0696906,0,0.0286026,0.0273954,0.966611,2.6565,0.0140163,0.503287,0.433529,0.949002,1.50868,0.277582,1.94565,6.10363e-05
,118.886167800,0.0958695,0.0273445,0,2.712,0.0435905,0.167587,0.0575262,0,0.351913,0.623774,0.0783751,0,0.0775809,0.0168643,1.66262,2.37397,0.0618429,0.394373,0.651754,0.964128,1.4545,0.342662,1.83946,0
,118.932607709,0.120103,0,0,2.67411,0.0782363,0,0.0464947,0,0.280371,0.386375,0.0860876,0,0.0971916,0.0131893,2.08831,1.94422,0.0868721,0.296685,0.688003,1.17749,1.35875,0.21225,1.9853,0.00336373
,118.979047619,0.0886082,0,0.199547,2.6188,0.106898,0,0.0256213,0.342375,0.0848308,0,0.088936,0,0.0717047,0.0165745,1.65879,2.56152,0.0960377,0.165338,0.628069,1.49241,1.23911,0,2.03092,0
,119.025487528,0.0757466,0,0.157941,2.66386,0.119702,0,0.0393776,0.129385,0,0.00938004,0.0828558,0,0.0612967,0.0285682,0.800123,3.44083,0.0795383,0.0530881,0.61075,1.71181,1.19773,0.010873,1.87986,0
,119.071927437,0.326736,0,0,2.3447,0.321327,0,0.106316,0.00386612,0.375438,0,0.0761717,0.481542,0.113863,0.0885327,0,3.57533,0.111257,0,0.441456,1.87272,1.35881,0.131317,1.93635,0.123423
,119.118367346,0.645666,0.0593818,0,2.12113,0.419119,0,0.137189,0,0.136004,0.186597,0.06286,0.140709,0.253345,0.0461937,0,3.62321,0.15241,0.70702,0.525851,1.57645,1.44958,0.314378,1.43448,0.0360647
,119.164807256,0.781636,0.145926,0.04151,2.31223,0.345034,0,0.143831,0,0.00505191,0,0.0984423,0.255866,0.395333,0.0415084,0.0562527,3.22513,0.12997,1.67031,0.522168,0.796787,1.51723,0.312755,1.23757,0.0655803
,119.211247165,0.790729,0.0664593,0,2.59157,0.0225886,0,0.12255,0.127986,0,0,0.0838298,0.358146,0.568756,0.0189043,0.00108011,2.83669,0.0634862,2.2877,0.262103,0.492129,1.44609,0.4011,1.52528,0.0917954
,119.257687074,0.720509,0.000518718,0.0420363,2.59388,0,0.0136189,0.147329,0.0279546,0,0,0.129902,0.305089,0.649196,0.0244015,0.0126948,2.73525,0.126841,2.43386,0.124728,0.397866,1.16366,0.518046,1.73459,0.0781966
,119.304126984,0.591409,0,0,2.59878,0,0.010533,0.114243,0.0559646,0,0,0.46132,0.0381322,0.723768,0.0497597,0,2.90096,0.0772637,2.25915,0.0875288,0.444298,0.891458,0.646711,1.74158,0.00977355
,119.350566893,0.352022,0,0,2.71356,0,0,0.0212076,0.325953,0.124826,0.00252369,0.573157,0,0.71166,0.116354,0.0885428,2.64696,0,2.13757,0.102539,0.402975,0.948761,0.726476,1.70617,6.59341e-06
,119.397006802,0.0665272,0.0511182,0,2.81192,0.119424,0,0.00332242,0.260855,0.345451,0.135442,0.0920255,0,0.491509,0.155831,0.40257,2.39334,0.0413497,1.93736,0.120936,0.428129,0.868987,0.774185,1.79312,2.16957e-05
,119.443446712,0.0797194,0.0746155,0,2.8054,0.135093,0,0,0.156658,0.290077,0.134938,0.0907191,0,0.14626,0.100663,0.916364,2.32268,0.0467751,1.61591,0.238865,0.464294,0.832983,0.705557,1.96266,0.00954184
,119.489886621,0.330245,0.0653138,0.034087,2.71574,0.110048,0,0,0.00935205,0.207238,0,0.0900604,0,0.282753,0.115307,0.957945,2.47373,0.0381034,1.44447,0.372898,0.428689,0.70443,0.628219,2.08195,0.00144644
,119.536326530,0.528493,0.0639467,0.0560114,2.75761,0.0970627,0.00223439,0,0.0160203,0.189851,0,0.0885328,0,0.687576,0.175036,0.457813,2.39124,0.0336073,1.26643,0.269609,0.353174,0.356394,0.578673,2.58601,8.79176e-06
,119.582766439,0.6221,0.0282663,0.0881711,2.81701,0.108958,0,0,0,0,0,0.0807847,0,0.553198,0.127987,0.119803,2.09565,0.0377259,1.67692,0.0221135,0.0712634,0.0030554,0.339283,3.08347,0.00861965
,119.629206349,0.345569,0,0.0909657,2.8966,0.0226784,0,0,0,0.149379,0.470035,0.0694621,0,0.279646,0.00158189,0.194598,1.86988,0.00785224,1.82887,0,0.0201738,0.0780635,0.393643,3.24275,0.00864544
,119.675646258,0.146865,0.0106043,0.0510595,2.73206,0,0,0.343907,0.0524161,0.213474,1.15349,0.0451293,0.220175,0.0417342,0.00301639,0.141348,1.71447,0.00290401,2.04969,0.140013,0.210485,0.124159,0.764516,3.17549,0.0582678
,119.722086167,0.406556,0.15021,0.481613,1.97882,0,0.107752,0.218112,0.146716,0.407958,0.806063,0.484048,0,0.227856,0.145214,0.311986,1.50347,0.0065893,2.26251,0.156953,0.0476121,0.156466,0.562354,3.11979,4.96294e-05
,119.768526077,0.515041,0.340823,0.680389,1.44329,0,0.429492,0.00150407,0.0702949,0.201307,0.302125,1.17767,0,0.404623,0.307036,0.46459,1.30151,0.00913901,2.43366,0.000322165,0.0389319,0.134905,0.122807,3.50336,7.18503e-05
,119.814965986,0.660219,0.579014,0.737629,1.30997,0,0.52303,0,0,0.127085,0.305007,1.55333,0,0.911026,0.1647,0.501417,0.887927,0.00102287,2.74981,0,0.0234358,0.221317,0.072658,3.74972,0.000119169
,119.861405895,0.282398,0.68517,0.425005,1.13169,0,0.503441,0,0.0454115,0.0678791,0.135642,1.5548,0,1.2389,0.194896,0.521034,0.40279,0,3.01003,0,0.0451141,0.308191,0.0362548,3.63967,0.00287838
,119.907845804,0.121372,0.55104,0.127293,0.637583,0,0.523601,0.080069,0.547344,0,0.0439315,1.75786,0,1.36935,0.293533,0.255951,0.270055,0,2.98611,0.0171505,0.413239,0.119105,0.0157145,3.51773,0.01282
,119.954285714,0,0.101701,0.0546816,0.0575113,0,0.511526,0.0729784,0.561755,0.155118,0.0458811,2.03019,0,1.17096,0.0960565,0.13192,0.0740674,0,2.90549,0.0297113,0.443684,0.139264,0.0154915,3.7612,0.0246893
,120.000725623,0,0,0.121152,0,0,0.582606,0,0.362544,0.0336158,0.0320171,2.14797,0.309791,0.922044,0,0.180717,0.176011,0.00722036,2.77664,0.0300594,0.238906,0.256589,0.0121215,4.02957,0.0795067
,120.047165532,0,0,0.102936,0.0817917,0,0.529797,0,0.110984,0.100799,0.0358394,2.15703,0.260135,0.167484,0,0.1896,0.456693,0.0228172,2.54131,0.137455,0.13715,0.799342,0.011797,4.16969,0.0667622
,120.093605442,0,0,0,0.250697,0.0453461,0.472813,0,0,0.131952,0.0616637,2.11922,0.203721,0,0,0.102903,0.488241,0.104294,2.70654,0.0248835,0.0680148,0.972837,0.0153104,4.1903,0.0522594
,120.140045351,0,0,0,0.249147,0.164596,0.394195,0,0,0.102042,0.104381,2.09647,0.206817,0.0500748,0,0.106859,0.562599,0.281402,2.80706,0,0.0499765,0.749169,0.0245739,4.12098,0.0530344
,120.186485260,0,0,0,0.209905,0.153328,0.356359,0,0,0.00693936,0.0926096,2.15277,0.22585,0.157881,0,0.0759258,0.750091,0.199109,2.75148,0,0.0434009,0.12759,0.0218026,4.0837,0.0579006
,120.232925170,0,0,0.287167,0.169677,0.2,0.443244,0,0,0,0.0359313,2.16594,0.247702,0.0344765,0.0376144,0.112606,0.370553,0.0871456,2.87779,0,0.286501,0.0228642,0.00845913,4.16719,0.0634877
,120.279365079,0.000733595,0,0.384557,0.13942,0.0609651,0.402057,0.0372496,0,0,0.0806482,2.16772,0.459634,0.143204,0.218115,0.230705,0.0609904,0.0211087,2.62426,0.0458988,0.526702,0.00367581,0.41457,3.91707,0.188865
,120.325804988,0,0.00798624,0.392888,0.532431,0.0219154,0.289885,0.162555,0,0,0.0355869,2.16696,0.579715,0.276345,0.343381,0.43659,0.454112,0.00758805,2.30648,0.316654,0.424846,0.00126723,0.436987,3.5623,0.240254
,120.372244897,0,0.0665933,0.433595,1.21453,0.0156793,0.0327571,0.203367,0,0,0,2.21877,0.487044,0.444023,0.378168,0.481302,0.607743,0.0775473,2.02418,0.511112,0.354912,0,0.143234,3.41787,0.17638
,120.418684807,0.0717814,0.211052,0.285394,1.41219,0.0438863,0.000246498,0.213286,0,0,0.0252098,2.18815,0,0.39103,0.306251,0.540963,0.66553,0.121608,2.08312,0.611019,0.287647,0,0.00593503,3.51407,5.45899e-05
,120.465124716,0.0156128,0.00796644,0.158485,1.09641,0.129776,0.186666,0.0408232,0.0368893,0,0.2259,2.10349,0,0.452524,0.0183606,0.561957,0.612137,0.148177,2.33359,0.163187,0.264603,0.00299448,0.0531825,3.8757,4.0108e-05
,120.511564625,0,0,0.109805,0.407296,0.215063,0.70087,0.0215022,0,0,0.153093,2.04964,0,0.502359,0,0.727957,0.382114,0.174917,2.44416,0.0563277,0.221321,0.00393186,0.0360419,4.07753,3.77104e-05
,120.558004535,0,0,0.0847034,0.119132,0.213266,1.23235,0.00743727,0,0.0246155,0.0954281,1.99698,0.233724,0.435245,0.0991778,0.9035,0.199662,0.356713,2.40722,0.0287473,0.16225,0.277478,0.0224662,4.13479,0.0599457
,120.604444444,0,0,0.0643365,0.645902,0.327624,0.949354,0.108507,0,0.0833777,0.144649,1.89537,0.202997,0.596081,0.16985,1.02669,0.603043,0.54799,2.02321,0.31245,0.0212118,0.586955,0.034054,3.78055,0.052088
,120.650884353,0.000340779,0,0,0.808774,0.49729,0.471633,0.147877,0,0.118405,0.128222,1.93608,0.232601,1.0165,0.176533,0.952647,0.665291,0.632781,2.07149,0.448774,0.0396652,0.82424,0.0301867,3.41299,0.159954
,120.697324263,0.0013113,0,0,0.791703,0.601004,0.357914,0.116595,0,0.104541,0.107945,1.96533,0.264257,1.23156,0.386043,0.46349,0.667629,0.778531,1.96412,0.428043,0.0400128,0.766341,0.0254129,2.36146,0.233047
,120.743764172,0.00190155,0,0,0.797204,0.528089,0.349542,0.069424,0,0.0902183,0.085981,1.97569,0.287475,1.19777,0.299371,0.0155167,0.701392,0.944982,1.27362,0.330618,0.0293468,0.619247,0.0202421,1.53422,0.198768
,120.790204081,0.00339001,0,0,0.511651,0.534892,0,0.19284,0,0.0963225,0.0676299,1.84612,0.303039,1.4256,0.202568,0,0.722634,0.674382,1.10377,0.715485,0.0179033,0.562684,0.0385113,1.22063,0.193347
,120.836643990,0.0909065,0,0.355088,0.57327,0.754555,0,0.669612,0,0.0372519,0,1.88558,0.281974,1.34347,0.124773,0.107235,0.861785,0.370113,1.35857,1.06782,0.00378849,0.221145,0.0540801,0.946916,0.170541
,120.883083900,0.0014738,0,0.743627,0.772876,0.781398,0,0.855346,0,0,0.142949,2.08977,0,1.43428,0.0959627,0.286509,0.962529,0.270554,1.51603,1.06946,0,0.0955501,0.161985,0.860353,0.0494801
,120.929523809,0.101498,0.540029,0.570789,0.97338,0.218141,0,0.542491,0,0.0287965,0.374948,1.72055,0,1.5094,0.237615,0.281599,0.909676,0.0755297,1.6417,0.815157,0,0.163659,0.308459,0.911468,0.00174589
,120.975963718,0.132723,0.797957,0.387622,1.20962,0,0.260011,0.178066,0,0.0790829,0.481112,0.586923,0.429688,1.34935,0.236924,0.126449,0.796325,1.45423,1.41774,0.505059,0,0.43014,0.120459,1.19244,0.302059
,121.022403628,0.257369,0.967934,0.424862,1.28022,0.0998701,0.709009,0.0512509,0,0.274628,0.464345,0.654445,0.308051,0.717881,0.309334,0.304239,0.699693,2.25759,0.383341,0.143341,0,0.345863,0.389785,1.33385,0.216552
,121.068843537,0.671802,0.222689,0.136636,1.089,0.357589,0.593836,0.12036,0.245217,0.355638,0.128089,1.75478,0.0441859,0.48092,0.248647,0.0440931,0.552345,2.37061,0.377646,0.0394163,0.0893415,0.632347,0.429042,1.2394,0.0113252
,121.115283446,0.578872,0,0.0639096,0.765611,0.427498,1.01362,0.28078,0,0.100746,0,1.88077,0.203464,0.341804,0.358566,0.0300438,0.576507,2.26643,0.544111,0.453353,0.0484301,0.709283,0.381722,1.1625,0.0521494
,121.161723356,0,0,0,0.303057,0.557704,0,0.383388,0.446932,0.123119,0,1.91709,0,0.143664,0.259198,1.1209,0.447475,2.15699,0.431882,0.695693,0.232314,0.778972,0.110923,1.18495,0
,121.208163265,0,0,0,0.494691,0.792899,1.19943,0.322923,0,0.120514,0,1.74811,0,0.123481,0.0032551,1.8276,0.277211,1.49723,0.693313,0.707218,0.000312299,0.839954,0.00744746,1.0805,0
,121.254603174,0,0,0,0.67099,1.05374,1.12188,0.196293,0,0.0596557,0,1.7699,0,0,0,1.8134,0.336918,0.959621,0.438125,0.559766,0.380687,0.684135,0.0604373,1.13633,0.185377
,121.301043083,0.558637,0,0,0.337343,0.512872,0,0.129823,0,0.0109677,0,1.68141,0,0.452068,0.0306832,1.14553,0.491066,1.92168,6.97553e-05,0.373296,1.07369,0.141634,0.189643,1.24604,0.834031
,121.347482993,0.670934,0.0568074,0,0.389052,0.267294,0,0.0962777,0,0,0.00851572,1.5671,0,0.66924,0.0536548,0.288018,0.569127,2.49448,0,0.292924,1.24293,0.0741852,0.00682672,1.18492,0.935131
,121.393922902,0.643997,0.0638907,0.337586,1.02746,1.08154,0,0.676628,0.071947,0.0405826,0,0.987823,0,0.694319,0.060345,0.454689,0.387285,2.53493,0.482663,0.787217,1.14546,0.363863,0.00342518,0.857216,0.906999
,121.440362811,0.601868,0.157672,1.01271,0.934417,0.658452,0,0.650361,0.188295,0,0,0.673309,0.527999,0.162105,0.240687,0.309104,0.38659,2.32536,0.732596,0.668328,1.40113,0.336799,0.00313704,0.771831,0.863743
,121.486802721,0.921121,0.413171,0.905065,1.18448,0.502407,0,0.54542,0.449816,0,0.108503,0.413744,0.407929,0.248091,0.295287,0.540576,1.34533,1.32054,0.755841,0.618895,1.30092,0.336856,0.0267553,0.646294,0.852609
,121.533242630,1.20167,0.585277,0.510894,1.36815,0.170921,0,0.204058,0.453522,0,0,0.274672,0.489435,0.359603,0.420785,1.19175,1.50913,0.0681529,0.670559,0.408607,0.983589,0.282395,0,0.644364,0.503988
,121.579682539,1.22902,0.441475,0.154024,1.44117,0.374031,0.0362383,0.193711,0.40755,0,0,0.129255,0.428185,0.402183,0.265572,1.42015,1.39493,0.418121,0.331292,0.254397,0.455061,0.272093,0,1.57268,0.211312
,121.626122448,1.32724,0.394354,0.143629,0.818064,0.296085,0.0429903,0.079786,0.326269,0.094568,0,0.285744,0.285915,0.576167,0.237614,1.39204,0.942624,0.495236,0.447998,0.0170898,0.273294,0.0352099,0,2.23937,0.0762283
,121.672562358,0.815925,0.267799,0.250718,0.50618,0.289794,0.20779,0.0591933,0.379436,0.32393,0.126738,0.543564,0,0.721239,0.149685,1.29151,0.827228,0.484714,0.830469,0.012679,0.183269,0.100681,0.0298373,2.13489,0
,121.719002267,0.597253,0.792703,0.299181,0.532615,0.718321,0.719117,0,0.55129,0,0,0.158488,0,0.828441,0.225484,1.04949,0.923735,0.684102,1.36728,0,0.257217,0.0316289,0,1.85193,0
,121.765442176,0.571978,0.622869,0.601248,0.512773,0.56623,0.907033,0,0.53629,0.0959127,0,0,0.513047,0.887819,0.177175,0.514679,1.33691,0.507421,1.64805,0,0.381546,0.0784195,0,1.68303,0.131498
,121.811882086,0.823609,0.0307952,1.02602,0.534152,0.16592,0.442019,0,0.438529,0.185093,0.255688,0.553548,0.375678,0.839493,0.0369614,0.614732,1.54115,0.27752,1.97732,0,0.201214,0.117918,0.0601953,1.94044,0.0962889
,121.858321995,0.85822,0.118089,0.457986,1.02729,0.0387951,0.24313,0.308506,0.154721,0.235177,0.311772,0.280085,0.624614,0.635062,0.127379,0.576379,1.98408,0.0648893,2.01807,0.1256,0.0769514,1.05734,0.0733991,1.92462,0.160093
,121.904761904,0.972885,0.263818,0.61962,1.30355,0.238095,0.381348,0.36859,0,0.383257,0,0,0,1.06337,0.0991152,0.715471,1.94517,0.0824388,2.2612,0.150062,0.0272006,1.46847,0,1.346,0
,121.951201814,0.938271,0,0.597449,0.0069504,1.0458,0.896523,0.405434,0,0.254592,0,0.00752216,0,1.19766,0,0.919529,1.7994,0.362771,2.43148,0.165062,0.118552,1.65742,0,1.3668,0
,121.997641723,0.759496,0.508407,0.872797,0.394641,0.59583,1.20089,0.447566,0,0.198086,0,0.777151,0,0.687374,0.420508,0.660925,2.10389,0.212301,2.19926,0.182215,0.139926,1.9097,0,1.46082,0
,122.044081632,0.765826,0.717057,0.978261,0.505811,0.575495,0.790836,0.42643,0,0.275924,0,0.898187,0.149945,0.487323,0.203966,0.555467,2.4125,0.20909,2.16963,0.17361,0.0927021,2.41895,0,1.3484,0.223405
,122.090521541,0.889144,0.701201,1.08282,0.454962,0.348039,0.764021,0,0,0.309815,0,0.684452,0.51286,0.348339,0.199456,0.559488,2.51325,0.135103,1.96869,0,0.0544124,2.92938,0.0980045,1.1967,0.483884
,122.136961451,1.12815,0.575486,0.988892,0.401957,0,0.215388,0,0.0968495,0.480434,0,0.558765,0.560256,0.42794,0.163697,0.552716,2.44579,0.0156029,1.40072,0,0.0805931,3.25343,0.107492,1.09183,0.544321
,122.183401360,1.26861,0.415328,0.725333,0.411592,0,0,0,0.230841,0.726938,0,0.554327,0.559126,0.87908,0.11814,0.786881,2.11606,0.0118692,1.14111,0,0.117152,2.91096,0,1.35257,0.507272
,122.229841269,0.696115,0.398528,0.0291077,0.408085,0,0,0,0.628027,1.2464,0.115668,0.315087,0.819909,0.990745,0.130448,0.592968,1.66648,0.00878276,1.38498,0.0535621,0.431802,2.44042,0.0272311,1.98175,0.400862
,122.276281179,0.361924,0.567551,0.0135293,0.385631,0,0,0,0.286525,1.53521,0.448003,0.112705,0.839639,0.981631,0.359501,0.414333,1.74505,0.00949878,1.52309,0.0496153,0.784906,2.3195,0.246104,2.20324,0.215206
,122.322721088,0.529384,0,0.34481,0,0,0,0.186331,0.607302,1.87892,0.255068,0,0,1.31155,0,0.656094,1.92975,0.0108028,1.70183,0.108552,0.862019,2.56524,0.140118,2.1562,0
,122.369160997,0.264714,0.029288,0.483481,0,0.112035,0,0,0.597472,1.97034,0,0,0.00886139,1.12901,0.0276626,0.769496,1.90128,0.198079,1.79448,0.013653,0.847392,2.6573,0,2.07245,0.00622931
,122.415600907,0.112919,0.0463932,0,0.612964,0.170245,0,0,0.341488,2.35662,0,0,0.0133833,0.547302,0.0438186,0.436136,1.98145,0.301182,1.88418,0.00145304,0.487955,2.92751,0,1.64375,0.0094081
,122.462040816,0.000262509,0.0314752,0.000580486,0.766692,0.173765,0,0,0,2.62711,0,0,0,0.173498,0.0297284,0.516045,1.99778,0.306375,1.94909,0,0.372051,2.94653,0,1.61915,0
,122.508480725,0.00230699,0.243258,0,0.740385,0.137442,0,0,0,2.60019,0,0,0,0.617727,0.229758,0.587513,1.96782,0.238748,1.90665,0,0.31733,2.75047,0,1.70989,0
,122.554920634,0.0048446,0.463589,0.00338347,0.782378,0.683166,0.0683185,0,0.0229232,2.50097,0,0,0,1.12573,0.437862,0.648104,1.84669,0.244335,1.89819,0,0.341439,2.38539,0,1.87157,0
,122.601360544,0.417413,0.401991,0.865964,0.731834,0.344809,0.231742,0,0,2.08003,0.226617,0,0.284648,1.33011,0.114346,0.879295,2.00397,0.122811,1.95527,0.0179998,0.524308,2.34728,0.0533513,1.81216,0.0729574
,122.647800453,0.713243,0.609049,0.886403,0.89362,0.35154,0.159679,0,0,1.46302,0.0222923,0,0.342445,1.7407,0.173244,0.826126,2.49298,0.121718,1.69718,0.0943406,0.286236,2.29404,0.00524818,1.43426,0.0877712
,122.694240362,0.809721,0.685795,0.571729,1.08614,0.0661251,0,0.0380117,0.034184,1.72671,0,0.0323713,0.571589,1.92174,0.195074,0.64637,2.4387,0.0228954,1.52139,0.216169,0.181476,2.70933,0,1.32294,0.146502
,122.740680272,0.918364,0.440532,0.219418,1.46165,0.197803,0.0697541,0.089979,0,1.8254,0,0,0.36904,1.94163,0.128424,0.557225,2.36596,0.269719,1.50315,0.112969,0.0809885,3.0719,0,1.29288,0.0945876
,122.787120181,1.63127,0.19693,0,1.3499,0.250551,0.165736,0,0,2.19579,0,0,0.00695899,1.98928,0.0592384,0.497503,2.21261,0.325762,1.49727,0.0283719,0.0579424,3.22839,0,1.2965,0.0175917
,122.833560090,2.06977,0,0,0.840969,0.228714,0.320218,0.0893778,0.00254567,2.4077,0.169334,0,0.0281089,1.8684,0,0.487204,2.19232,0.291958,1.43104,0.0528734,0.132394,3.23186,0.0398655,1.28947,0.0142574
,122.880000000,2.0036,0,0.0918826,0.425985,0.246582,0.396485,0,0,2.32495,0.0652018,0.102874,0.0584443,1.5884,0,0.432903,2.23059,0.357645,1.44698,0.0161697,0.323132,3.05323,0.0153501,1.25304,0.0149797
,122.926439909,1.48853,0.257864,0.843141,0.544038,0.338024,0.548573,0,0,2.25353,0,0,0,1.41612,0.0733492,0.520158,2.4019,0.601904,1.58358,0,0.402478,2.78254,0,1.26019,0
,122.972879818,1.51282,0.187618,0.803891,0.872835,0.462226,0.38767,0,0,2.34416,0,0,0,1.5052,0.0533678,0.302193,2.53153,0.619836,1.71838,0,0.451852,2.49479,0,1.3133,0
,123.019319727,1.46185,0,0,0.55073,0.345022,0.688839,0,0,2.37205,0,0,0,1.59726,0,0.138132,2.31457,0.59873,2.01715,0.0244235,0.44515,2.32727,0.152167,1.19729,9.28815e-06
,123.065759637,1.45219,0,0,0.592834,0.260384,0,0,0,2.32742,0,0,0,1.58778,0,0.542051,2.06683,0.49078,1.43726,0.0956509,0.21752,2.43881,0.298529,0.754308,0.0158815
,123.112199546,1.32658,0.0399852,0,0.533055,0.192455,0,0,0.0441564,2.38006,0,0,0,1.31816,0.0377661,0.956797,1.92367,0.403711,1.01382,0.11399,0.0229883,2.56527,0.312042,0.627466,0.039254
,123.158639455,0.917451,0.450251,0.594314,0.717411,0.983844,0,0,0,2.17177,0,0,0,0.728317,0.128074,1.11827,1.92251,0.442881,0.9523,0.150139,0.0757353,2.34095,0.329139,0.642206,0.0276379
,123.205079365,0.7538,0.464731,0.791271,0.996695,0.679964,0,0,0,2.04101,0.152813,0.0307951,0,0.278765,0.135292,0.907392,1.97276,0.395308,0.96738,0.173626,0.308396,2.28667,0.345175,0.825197,0.0182593
,123.251519274,0.660777,0.80685,0.704009,1.33008,0.101303,0,0.0227106,0,1.85689,0.220622,0.0110651,0.0965822,0.206867,0.360969,0.48316,2.29994,0.103354,0.95902,0.223637,0.814961,2.16347,0.311623,1.02183,0.0589911
,123.297959183,0.632105,0.607528,0.536184,1.75323,0,0.0290213,0.177289,0,1.09533,0.645206,0.0838486,0.142865,0.233299,0.235579,0.327871,2.86157,0.0310237,0.614109,0.347115,1.59981,1.64007,0.475277,1.80692,0.0368845
,123.344399092,0.646046,0.16064,0.342391,1.96169,0.0758949,0.12121,0.0994533,0.0832604,0,0.515169,0.363856,0.0821534,0.174004,0.045694,0.227936,3.63046,0.015581,0.277422,0.404822,1.9419,0.430385,0.33778,2.1246,0.0213577
,123.390839002,0.646613,0,0.0181093,2.10249,0.0871406,0.283044,0.0293543,0.0956248,0.0377108,0.517889,0.30515,0,0.174156,0,0.0360232,3.44283,0.0178898,0.151064,0.18182,1.91477,0.376901,0.247901,2.17585,0.000238524
,123.437278911,0.529653,0,0,2.46787,0,0.362387,0.0167492,0.191905,0.946618,0.372829,0.130448,0.0504268,0.142655,0.00143262,0,3.09766,0,0.1356,0.0681408,1.79838,0.815373,0.0877734,2.22812,0.0131118
,123.483718820,0,0,0,2.67982,0.115843,0.103299,0.00892166,0,0.826358,0.370622,0.330781,0,0,0.00391948,0,3.2263,0.0401099,0.0546748,0.0537817,1.60852,1.03377,0.206075,2.31436,0.000139139
,123.530158730,0,0,0,2.68285,0.12696,0,0.0429874,0,0.700189,0.577368,0.331657,0,0,0.00236463,0.387717,3.11298,0.0439591,0.260498,0.143561,1.17467,1.17499,0.491421,2.35209,9.32246e-05
,123.576598639,0,0,0,2.66253,0.0671976,0,0.0532039,0,0.55166,0.72251,0.264892,0,0,0.000594316,0.914215,2.63818,0.0569029,0.375733,0.203322,0.925303,1.20014,0.874765,2.2566,9.1917e-05
,123.623038548,0,0,0,2.63773,0.0624069,0,0.0446785,0,0.235831,0.581437,0.201329,0,0,0.0051442,1.11408,2.404,0.0815734,0.332478,0.19688,0.883394,1.09981,0.971939,2.16524,6.78895e-05
,123.669478458,0,0,0.0534821,2.64189,0.147204,0,0.0165604,0,0.0396274,0.0696037,0.116358,0,0,0.00629115,0.874023,2.80618,0.099727,0.314425,0.125794,0.831732,1.11828,0.738653,2.15963,6.19408e-05
,123.715918367,0,0,0,2.61857,0.151089,0,0.0326238,0,0.45395,0.0574785,0.105155,0,0,0.00447931,0.45897,3.38195,0.0882091,0.255738,0.193803,0.661291,1.22759,0.475115,2.34994,4.15279e-05
,123.762358276,0.0523603,0,0.169874,2.46447,0,0,0.429387,0.0403081,0.493114,0,0.103414,0.421325,0.0141025,0,0.0684988,3.6786,0.0890497,0.326369,0.343846,0.397932,1.35485,0.268494,2.38676,0.107989
,123.808798185,0.308334,0.0174865,0.509202,2.25855,0,0,0.515417,0.0705397,0.177537,0.202727,0.085395,0.322377,0.228222,0.0165161,0.153777,3.63503,0.108329,1.47138,0.45747,0.27752,1.39437,0.321459,1.9382,0.0826275
,123.855238095,0.792622,0.0967633,0.46394,2.4803,0,0,0.150093,0.165808,0,0,0.0711994,0.445829,0.592887,0.16286,0.140108,2.93804,0.0575934,2.70536,0.318157,0.231237,1.16161,0.308592,1.62845,0.114269
,123.901678004,0.888296,0.365667,0,2.20581,0.200382,0.0198876,0.134267,0.216014,0,0,0.0994188,0.300342,0.764338,0.267432,0,2.38453,0.069381,3.03632,0.271643,0.281634,0.64758,0.327112,1.76563,0.0769799
,123.948117913,0.764146,0.214679,0,1.74856,0.366344,0.0118506,0.0860999,0.174435,0,0,0.211926,0.107556,0.611088,0.230447,0,2.30831,0.126844,3.04644,0.169607,0.590239,0.295053,0.327851,2.09059,0.0275674
,123.994557823,0.583484,0.055779,0,1.72832,0.25399,0,0.0167654,0.0781058,0.320595,0.000890688,0.363393,0,0.347938,0.286974,0.0456746,1.95739,0.0879423,3.05316,0.00359109,0.644083,0.245006,0.368486,2.33914,0
,124.040997732,0.10707,0,0,2.20224,0.0987222,0,0,0.263984,0.49203,0.169899,0.507208,0,0.135871,0.205902,0.150001,1.68922,0.0341819,3.02132,0,0.791238,0.264105,0.467713,2.45164,0
,124.087437641,0,0,0.0950237,2.52616,0.0913339,0,0,0.424692,0.0541156,0.0886128,0.0829221,0.0156262,0.013946,0.0629165,0.863633,2.07267,0.0316237,2.83553,0,0.919634,0.303938,0.448455,2.33054,0.0164134
,124.133877551,0.0970553,0,0.0975875,2.6195,0.141079,0,0,0.342897,0.0266106,0,0.079535,0,0.319313,0,1.33106,2.54648,0.0582798,2.13694,0,1.13002,0.149457,0.407458,2.07295,0.0238386
,124.180317460,0.281581,0,0.0749054,2.67842,0.171654,0,0,0.304614,0.0163697,0,0.0670271,0,0.814757,0.00572506,1.15901,3.15747,0.152308,1.0222,0.00903735,1.01955,0.00806933,0.421951,2.3255,0
,124.226757369,0.373726,0,0.0736813,2.68055,0.149044,0,0,0.276021,0,0,0.0724759,0,1.12307,0,0.626296,3.04936,0.13832,1.22185,0.0786427,0.172486,0.000215841,0.31758,2.71358,2.98746e-06
,124.273197278,0.27427,0,0.0751699,2.73306,0.135808,0,0,0.0571245,0.135301,0,0.12637,0,1.04785,0,0.204541,2.09428,0.155169,1.49948,0.00526675,0.152141,0.0678886,0.286398,2.86793,5.7398e-05
,124.319637188,0.136807,0,0.151742,2.4497,0.2961,0,0.120715,0.0275963,0.130695,0,0.0621642,0,0.942183,0,0.244775,2.00066,0.202396,1.6865,0.123799,0.199142,0.0653256,0.192046,2.7813,7.49101e-05
,124.366077097,0.0981256,0.150046,0.602673,1.49098,0.780999,0,0.167331,0.0499116,0,0,0.677462,0.0860996,1.04047,0.118808,0.389033,1.98905,0.270416,1.41525,0.240666,0.387339,0.000488149,0.151644,2.86915,0.0221645
,124.412517006,0.22414,0.406493,0.766676,0.680884,0.943672,0.232507,0.101976,0.286351,0,0,0.454866,0.279203,0.861198,0.147329,0.492067,1.7244,0.32674,1.77984,0.186293,0.351608,0,0.0586955,3.36215,0.0716593
,124.458956916,0.607668,0.557649,0.755142,0.4344,1.05444,0.601542,0.0713892,0.137692,0,0,0.802953,0.585329,0.767992,0.193694,0.653183,1.48576,0.365093,2.38279,0.0152913,0.0618304,0.0113851,0.057181,3.48113,0.150156
,124.505396825,0.58625,0.124698,0.426281,1.10295,0.740779,1.00394,0.0227488,0.206913,0.0106094,0,1.30124,0.623709,0.666402,0.0534172,0.651329,1.07206,0.256489,3.09297,0.00487272,0.0735281,0.0460196,0.0600841,3.32712,0.163685
,124.551836734,0.285589,0.0387585,0.274754,1.16495,0,0.972833,0,0.253182,0.0673256,0,1.47107,0.738108,0.506332,0.0110248,0.535576,0.399375,0,3.23796,0.0105064,0.179123,0.0153812,0.0239597,3.30442,0.222629
,124.598276643,0.000959399,0,0.0106185,0.674682,0,0.900276,0.0162985,0.590484,0.168899,0,1.622,0.734729,0.451259,0,0.292157,0.239932,0,3.04736,0.0312169,0.351843,0.0834418,0.00439849,3.6784,0.230333
,124.644716553,0.0135134,0,0,0.090054,0,0.674106,0,0.649344,0.0913638,0.0538425,1.95087,0.22392,0.154916,0,0.14852,0.0464928,0,2.76762,0.0301861,0.454536,0.0459781,0.0218769,4.24708,0.0892529
,124.691156462,0,0,0.0537134,0.151861,0,0.602749,0,0.419333,0,0.0378153,2.06675,0.239342,0,0,0.141331,0.215933,0,2.81909,0.00899458,0.314902,0.01468,0.0157571,4.40964,0.0762167
,124.737596371,0,0,0.039988,0.291062,0,0.599041,0,0.298867,0.0393443,0.0352343,1.96471,0.301865,0,0,0.130925,0.376841,0,2.93401,0,0.229753,0.302009,0.0148524,4.28382,0.0836432
,124.784036281,0,0,0,0.280111,0,0.584366,0,0.341419,0.0611832,0.0393944,1.90737,0.275165,0.176491,0,0.10967,0.391761,0,3.16669,0,0.202803,0.603882,0.0140417,4.02109,0.0717574
,124.830476190,0,0,0,0.231714,0.00748453,0.637531,0.0945285,0.164695,0.0361923,0.0391965,2.04144,0.213482,0.723311,0,0.101018,0.334728,0.00259147,3.27727,0.0384848,0.0929412,0.588413,0.0108213,3.75776,0.0549408
,124.876916099,0.000542405,0.0153747,0,0,0.00561533,0.647229,0.0468347,0,0,0.0559826,1.66514,0.224092,1.06518,0.0632375,0.024488,0.0792909,0.00194427,3.55428,0.0190676,0.0116852,0.236958,0.0306894,3.23231,0.0577496
,124.923356009,3.62044e-06,0.236892,0,0,0.11776,1.01003,0.0570169,0.0452979,0,0.137105,1.54712,0,1.01548,0.453697,0.0847937,0.0488673,0.0774502,3.65995,0.0251493,0.0202123,0.0134703,1.0294,2.41834,8.82193e-05
,124.969795918,0.000666439,0.583791,0.0540957,0,0.0554967,0.829873,0.0541572,0.00445276,0,0.154126,1.57303,0,0.574731,0.850835,0.22187,0,0.104532,3.29264,0.0264201,0.00198686,0.0231011,1.44374,2.15618,0
,125.016235827,0.114167,0.632398,0.16477,0.0428042,0.0410841,0.6029,0,0,0,0.127003,2.01281,0,0.211557,0.743939,0.275717,0.142656,0.0996755,2.81113,0.00677306,0.0774683,0.0252746,1.20693,2.61612,0
,125.062675736,0.144218,0.167198,0.0202636,0.648621,0.0345093,0.557554,0,0,0,0.0662514,2.05389,0.292853,0.116706,0.564374,0.220483,0.209123,0.0850428,2.92213,0.00801843,0.120264,0.0422465,0.958932,2.81643,0.0750603
,125.109115646,0.0939658,0.0267551,0,0.788737,0.0374363,0.521317,0,0,0,0.0379905,2.10096,0.395326,0.0253084,0.536624,0.190831,0.254298,0.0500541,3.02487,0.00615118,0.188665,0.202051,0.592122,3.0306,0.101325
,125.155555555,0.0267753,0.0279454,0,0.690813,0.0996043,0.592471,0,0,0,0.00643561,2.15083,0.298282,0.485674,0.416494,0.122779,0.222726,0.0655211,2.9843,0.0207521,0.322511,0.277833,0.0015151,3.41903,0.0764519
,125.201995464,0,0,0,0.0881768,0.106846,0.690408,0.021768,0,0,0.00521646,2.17902,0.224662,0.909734,0.200334,0.106523,0.0366574,0.0369946,2.81855,0.034281,0.382647,0.406685,0.00122809,3.45797,0.0575825
,125.248435374,0,0,0.208757,0.0354081,0,1.29674,0,0,0,0.0130624,2.10281,0.328142,0.992564,0.110838,0.381143,0.0258368,0,2.72269,0.0213235,0.188231,0.58881,0.00307521,3.29467,0.0841398
,125.294875283,0,0,0.136982,0.394804,0,1.16163,0,0,0,0.00828738,1.98865,0.313595,0.885417,0.249812,0.676923,0.169302,0,2.82335,0.0359165,0,1.04145,0.0126836,3.18648,0.104173
,125.341315192,0,0,0.173323,0.536626,0.426909,0.512786,0,0,0,0,2.03283,0.168863,0.930341,0.406054,0.78689,0.406934,0.147814,2.60123,0.0437585,0,2.20188,0.0363413,2.17856,0.107648
,125.387755102,0.000108263,0,0.222124,0.76132,0.598393,0.423139,0,0,0,0,1.86876,0.13027,0.71007,0.0380316,0.790948,0.75236,0.207189,1.51648,0.00927312,0.0499917,2.99881,0,1.15057,0.0478783
,125.434195011,0.000561056,0,0,0.30814,0.455104,0.352689,0,0,0.00735019,0.0121857,1.80296,0.175341,0.66038,0,0.772798,0.746013,0.157577,0.721096,0.0185459,0.1061,3.14373,0.00286882,1.03454,0.0449411
,125.480634920,0,0,0,0.868341,0,1.02618,0.0457802,0,0.014023,0.0426664,1.76358,0.165242,0.653934,0,0.872829,0.742084,0,0.64693,0.0445716,0.0107946,3.27502,0.0100447,0.609786,0.0423528
,125.527074829,0,0,0.335135,0.948052,0,0.771011,0.138739,0,0,0.0380607,1.84743,0.432695,0.461047,0,0.98096,0.916635,0.0153797,0.616505,0.419073,0,3.23909,0.00896045,0.75209,0.110903
,125.573514739,0.101305,0.136719,0.583107,1.09876,0,0.340549,0.204476,0,0,0,1.71454,0.893293,0.23055,0.0388895,0.869615,0.92898,0,0.791126,0.607527,0,3.2299,0,0.910497,0.228957
,125.619954648,0.626978,0.297,0.235662,0.951883,0.0529363,0,0.341825,0,0.156039,0,1.65012,0.733201,0.574145,0.151767,0.264701,0.765101,0.0885421,1.08972,0.993511,0,3.14576,0,1.34177,0.187925
,125.666394557,0.790129,0.318629,0.0806678,1.09832,0.0958199,0.116889,0.349223,0.16832,0.0962405,0,1.54516,0.52741,0.781327,0.17582,0.0913297,0.694694,0.156522,1.20595,0.919643,0.0421381,2.00847,0.482211,1.06127,0.135179
,125.712834467,0.936656,0.269476,0,1.15421,0.35845,0.435033,0.344481,0.203565,0.0727928,0,1.39046,0.221392,1.06672,0.130792,0.0720169,0.416268,0.466835,0.939308,0.883032,0.160317,1.46595,0.6929,0.85944,0.0567444
,125.759274376,0.942362,0.0962403,0.198519,0.48791,0.446825,0.597285,0.155408,0,0.27928,0.139483,1.68303,0.0670705,0.897765,0.194619,0.0599519,0.208161,0.459858,0.911161,0.503697,0.265615,1.5464,0.707583,1.00252,0.0171907
,125.805714285,0.00372339,0.0414429,0,0.262421,0.229287,0.28001,0.13728,0,0.161561,0.0029497,1.63808,0,1.02664,0.397907,0.254182,0.415397,0.38351,1.12028,0.568369,0.0170968,1.74337,0.523052,1.01249,0
,125.852154195,0.000757995,0,0.0231019,0.502243,0.329143,0.280535,0.203481,0,0.1035,0.00327347,1.57931,0,0.723257,0.394067,0.0258767,0.754921,0.55053,0.931831,1.04365,0.00030762,1.14507,0.470669,1.18765,0
,125.898594104,0.04138,0.20816,0.967007,0.758496,0.600014,1.28594,0.251524,0,0.0159574,0,0.931376,0,0.682387,0.734392,0.292032,0.81883,0.571369,0.97886,1.28758,0.00451927,0.585433,0.254776,0.714399,0
,125.945034013,0.396334,0,0.932762,0.758006,0.990405,0.791929,0.225375,0,0.0371996,0,0.78436,0,1.26323,0.758095,0.28169,0.687129,0.526744,0.681719,1.72008,0.0342967,0.346452,0.124486,0.680158,0
,125.991473922,0.756628,0.133178,0,0.625156,0.266276,0,0.0821829,0,0.030605,0,0,0,1.87044,0.870616,0,0.846153,0.504627,0.440291,1.78881,0.044247,0.171892,0.11924,0.511486,0
,126.037913832,0.00789147,0,0.13796,0.670805,0.117767,0.362381,0.0615438,0,0.031142,0,0,0,1.54049,0.715598,0.154531,0.907939,0.26286,0.769863,1.68366,0.0521171,0.178065,0.0401237,0.672732,0.0256729
,126.084353741,0.491929,0,1.41458,0.657325,0.816135,0.276166,0.918968,0,0,0,0.326347,0,1.17319,0.30058,0.46966,0.882202,0.308692,0.718555,1.42068,0.0535354,0.117595,0,1.34838,0.0343337
,126.130793650,0.72529,0.16246,1.32621,0.627821,0.768447,0.12828,0.866955,0,0,0,0.266965,0.116562,0.839921,0.136484,0.515985,0.804213,0.266069,0.538717,1.31911,0.0340511,0.19486,0,1.60596,0.0408576
,126.177233560,0.845685,0.510295,1.00468,0.61356,0.696301,0,0.549453,0,0,0.140608,0.346187,0.233373,0.227774,0.182289,0.37963,0.537771,0.24109,0.394064,1.19729,0.454517,0.206838,0.0346221,2.31521,0.0598153
,126.223673469,0.895049,0.556952,0.442919,1.13166,0.430513,0,0.471617,0.147851,0,0,0.393617,0.351568,0.24107,0.275239,0.254017,0.36691,0.368684,0.202278,1.34976,0.783727,0.131397,0.0177202,2.7063,0.0901095
,126.270113378,0.903706,0.337,0.332638,1.25208,0.565763,0.0350214,0.524348,0.140005,0,0,0.494666,0.276673,0.42976,0.620967,0.430178,0.411539,0.576886,0.455296,1.35456,0.360416,0.290553,0.00698324,1.70967,0.578394
,126.316553287,0.880139,0.479294,0.253844,0.810383,0.457893,0.163457,0.362005,0.247484,0.129317,0,1.02334,0.030473,0.256886,1.04757,0.891994,0.269156,0.527038,0.876314,1.16177,0.263034,0.293955,0,1.42689,0.58806
,126.362993197,0.616384,0.437968,0.450266,0.164888,0.415427,0.398268,0.212298,0.305177,0,0.0701226,1.60466,0,0.166015,1.20999,0.967234,0.225766,0.694849,1.29894,0.732962,0.269363,0.131996,0.0165086,1.75127,0.592824
,126.409433106,0,0,0.186557,0.305848,0.402417,0.073756,0.0934242,0.0318759,0.0495964,0.0349712,0.0346755,0,0,1.1075,1.35362,0.414335,0.673089,1.87664,0.437379,0.122439,0.307841,0.313991,2.041,0.67725
,126.455873015,0.136843,0.436494,0.135645,0.350547,0.269583,0.191393,0,0,0,0.0193263,0.0231425,0,0.110738,0.98763,1.229,0.474467,0.450908,1.97752,0.338203,0.00229978,0.0160388,0.173522,2.44015,1.10828
,126.502312925,0.378714,0.237779,0.210985,0.383982,0.188114,0.258063,0,0,0,0,0.0753231,0,0.306468,0.227972,1.02732,0.524545,0.314642,1.82275,0.535995,0.00794269,0.013315,0,2.82261,0.988373
,126.548752834,0.563816,0.115356,0.292923,0.489956,0.0932411,0.270508,0,0,0,0,0.0722954,0,0.456259,0.132074,0.873571,1.14123,0.155957,1.5999,0.409103,0.00757169,0.0157856,0,2.67769,0.718821
,126.595192743,0.792059,0,0.564787,0.628349,0,0.262393,0,0,0.0912248,0,0.0381248,0.00720598,0.640961,0.0261085,0.815516,1.52324,0,1.4048,0.19622,0.0204524,0.525423,0.00101799,2.19954,0.57847
,126.641632653,0.67221,0.0869314,0.819995,0.131126,0,0.0434203,0,0.000766319,1.42923,0.601547,0,0.00383639,0.543975,0.082107,1.11283,0.978455,0,1.27585,0,0.0375388,1.35307,0.33232,2.27674,0.330744
,126.688072562,0.179883,0.78828,1.52079,0.622309,0.623891,0,0,0.0175841,1.8678,0,0.355888,0,0.0557016,0.33218,0.805318,1.28438,0.218954,1.17848,0,0.106604,1.6588,0.253689,2.14139,0.0972842
,126.734512471,0,0.721196,1.32828,0.363349,0.319117,0,0,0.285209,1.14489,0.011962,0.178053,0,0,0.257386,0.625851,2.27554,0.124633,1.13317,0.0179939,0.116838,2.29274,0.203609,1.57699,0.0686984
,126.780952380,0.0352347,0.659014,1.25127,0.432998,0.0937301,0,0,0.253812,0.933857,0.186964,0.261124,0,0.00949001,0.242278,0.60985,2.5157,0.0753868,1.08856,0.0874022,0.232127,2.77714,0.179905,1.16481,0.0240041
,126.827392290,0.269865,0.665026,1.11977,0.574416,0.00966036,0,0,0.205742,1.0671,0.282181,0.18802,0.0262244,0.501114,0.189166,0.570203,2.34639,0.0222595,1.52386,0.0732908,0.0939105,2.87198,0.196653,1.36818,0.018435
,126.873832199,0.599977,0.428132,0.961468,0.703565,0,0,0,0.131178,1.46108,0.296732,0.177246,0.253562,0.309508,0.121782,0.869712,1.99491,0.0119781,1.71055,0,0.0684481,2.72997,0.0698581,1.6583,0.190893
,126.920272108,0.691659,0.117273,0.505718,0.52157,0,0,0.0591359,0.0407778,2.3781,0.281178,0,0.482645,0.186289,0.0333583,0.776981,1.49025,0.0221598,1.84839,0.0126667,0.0548758,2.78409,0.0661964,1.99659,0.232359
,126.966712018,0.461633,0.11376,0.261133,0.243783,0,0,0,0,2.47115,0,0,0.700612,0.480933,0.107446,0.607965,1.3468,0.0216945,1.87662,0,0.305695,2.62748,0,2.32732,0.179572
,127.013151927,0.351065,0,0.45603,0,0.0504093,0,0,0.124039,2.69638,0,0,0.0575161,0.845182,0,0.819881,1.28658,0.101583,1.90178,0.00428105,0.676341,2.28498,0,2.51816,0.0404322
,127.059591836,0.575445,0,0.252399,0.250881,0.209452,0,0,0.195095,2.72954,0,0,0.041458,1.17067,0,0.624922,1.30279,0.361488,1.95666,0.0130427,0.875926,1.88877,0,2.49544,0.0291439
,127.106031746,1.01646,0,0,0.466691,0.263142,0,0,0.0814456,2.77705,0,0,0,1.57422,0,0.348363,1.46683,0.451753,1.99923,0,0.668426,2.1056,0,2.1291,0
,127.152471655,1.43308,0,0,0.460353,0.276432,0,0,0,2.66793,0,0,0,1.74823,0,0.348683,1.83381,0.478928,1.92574,0.0243502,0.303415,2.69825,0,1.67714,0
,127.198911564,1.55512,0,0,0.318494,0.288475,0,0,0.0285196,2.5538,0,0,0,1.85196,0,0.339622,1.99881,0.499117,1.70059,0.030934,0.189025,3.01078,0,1.53199,0
,127.245351473,1.43442,0.382175,0.667894,0.303813,0.387948,0.0709432,0,0,2.38359,0,0,0.0374176,1.80448,0.108709,0.622678,1.96771,0.145588,1.70363,0.0194717,0.265937,2.89138,0,1.55975,0.00959039
,127.291791383,1.0351,0.410987,0.910366,0.568381,0.280278,0.125957,0,0,2.34626,0.0968151,0,0.299217,1.63897,0.116905,0.700309,2.20286,0.0990697,1.80645,0,0.253157,2.78147,0.0227927,1.46468,0.0766914
,127.338231292,0.940338,0.652679,0.805075,0.765252,0.290602,0.0337919,0.00162184,0.00296638,2.11722,0,0,0.5695,1.57061,0.185654,0.626404,2.37585,0.100619,1.61811,0.0236119,0.22542,2.59113,0,1.36423,0.145967
,127.384671201,1.14267,0.576907,0.449547,1.18235,0.0823508,0.0403032,0.119417,0,2.16505,0,0,0.548007,1.47989,0.164101,0.514393,2.43271,0.0291865,1.54753,0.130308,0.172565,2.55942,0,1.42895,0.140458
,127.431111111,1.52094,0.36481,0.0532987,1.38472,0.205271,0.0553848,0.0841958,0,2.25581,0,0,0.300018,1.37146,0.10377,0.3802,2.3116,0.212624,1.73716,0.0180344,0.177213,2.75787,0,1.44641,0.0768969
,127.477551020,1.72212,0.146951,0,1.07961,0.209346,0.0605287,0,0,2.32641,0.0201793,0.0516831,0.00297736,1.35206,0.0418,0.306488,2.0702,0.259929,1.94458,0,0.144211,3.07528,0.00475072,1.36822,0.000763119
,127.523990929,1.77918,0,0,0.45388,0.205804,0.0465877,0.127358,0.0751426,2.42923,0.145618,0.149665,0.0347788,1.61482,0,0.328151,1.72144,0.277163,2.02519,0.0272796,0.169003,3.20539,0.0342821,1.34652,0.00891407
,127.570430839,1.75732,0,0,0.169125,0.35717,0.168481,0,0,2.46949,0,0,0.213463,1.69068,0,0.335137,1.7235,0.61763,2.09314,0.00116518,0.121164,3.10044,0,1.3073,0.0547122
,127.616870748,1.38198,0.56345,0.529697,0.248465,0.47469,0.146264,0,0,2.40115,0,0,0,1.70278,0.160273,0.573491,1.9947,0.814213,2.04813,0,0,2.90668,0,1.24574,0
,127.663310657,1.30827,0.48273,0.249707,0.470438,0.621416,0.0477484,0,0,2.40821,0,0,0,1.67402,0.137312,0.482781,2.02049,0.839564,1.83405,0,0.245972,2.87955,0,1.42622,0
,127.709750566,1.27399,0,0,0.361163,0.476368,0,0,0.0590576,2.45835,0,0,0,1.55615,0,0.287699,2.0045,0.803236,1.23718,0.0534755,0.627133,2.73283,0.0291043,1.607,0.0159718
,127.756190476,1.41907,0,0,0.390681,0.385043,0,0,0.113874,2.35822,0,0,0,1.29075,0,0.649862,1.92519,0.672324,0.62615,0.219178,0.70393,2.37138,0.117956,1.51173,0.0318382
,127.802630385,1.50452,0,0,0.432252,0.263298,0,0,0.146521,2.27699,0,0,0,1.27875,0,1.31072,1.63878,0.482049,0.529817,0.326176,0.645158,2.17094,0.255846,1.26228,0.0341337
,127.849070294,1.89763,0.209331,0.561941,0.898876,0.901092,0,0,0,0.986366,0,0,0.0714066,0.969802,0.0595441,1.87279,1.88018,0.369091,0.629191,0.353696,0.634239,1.92513,0.225171,0.710901,0.0487321
,127.895510204,1.49336,0.59259,0.228939,1.15482,0.405385,0.39327,0.0692738,0,0.724775,0.390854,0.0250594,0.0604269,0.676816,0.168562,2.00919,2.02678,0.211339,0.8202,0.333835,0.711064,1.78879,0.321764,0.761547,0.0323691
,127.941950113,1.00014,0.749882,0.0241829,1.38145,0.218937,0.880348,0.0134574,0,0.297167,0.453154,0.0262489,0.173941,0.352901,0.225343,1.68683,2.32404,0.165809,1.0539,0.308299,0.928991,1.68333,0.374842,1.06019,0.0445824
,127.988390022,0.756033,0.616682,0.197124,1.2978,0.266169,0.743526,0.0669344,0,0.28973,0.162259,0.0661936,0.304197,0.203627,0.188895,1.05135,2.43849,0.195488,0.816318,0.398249,0.833985,1.7758,0.283301,1.94877,0.0779679
,128.034829931,0.645093,0.325758,0.435437,0.994522,0.094755,0.410444,0.0290619,0,0.186653,0.100214,0.207255,0.204706,0.173747,0.143534,0.272146,3.06943,0.019453,0.555861,0.192803,1.06444,1.34705,0.267281,2.28545,0.0526415
,128.081269841,0.668875,0.0258719,0.694382,1.50664,0.0904153,0.0133255,0.00857235,0,1.31968,0.0595544,0.350063,0,0.201422,0.0543986,0.226264,3.11585,0.018562,0.291418,0.036897,1.10731,1.49901,0.235664,1.6933,0.000201828
,128.127709750,0.210186,0,0,2.50341,0,0,0.0213783,0.242138,1.60184,0.355461,0.149505,0.00968479,0.0636039,0,0,3.16183,0,0.280462,0.0145476,1.13895,1.479,0.296626,1.58385,0.00261722
,128.174149659,0.0483189,0,0,2.68246,0.0937672,0,0.0271024,0,1.1681,0.461129,0.0728836,0,0.0391013,0,0.27279,3.26051,0.0324662,0.233834,0.0827997,1.01401,1.29258,0.396899,1.81243,2.09956e-05
,128.220589569,0.176644,0,0,2.55168,0.0354374,0,0,0,0.525749,0.621433,0.195565,0.49919,0.0796207,0,1.43311,2.74588,0.0122699,0.287378,0.0649951,0.879225,0.990629,0.341375,1.98167,0.127946
,128.267029478,0.19746,0,0,2.58894,0.045306,0,0,0,0.0393083,0.309813,0.238077,0.587555,0.115603,0,2.18901,2.14105,0.0292697,0.392838,0.137025,0.73508,0.654431,0.255659,1.98346,0.150595
,128.313469387,0.0927305,0,0,2.7656,0.125899,0,0.0312214,0.289502,0.122151,0,0.0935389,0,0.0750407,0,2.26076,2.25571,0.0757747,0.411447,0.272898,0.545366,0.531729,0.29969,2.04517,0
,128.359909297,0.0936726,0,0.0193351,2.83326,0.085363,0,0.0146444,0.3953,0,0,0.0937966,0,0.0758031,0,1.85034,2.81915,0.0450377,0.409881,0.208399,0.687984,0.37172,0.421363,2.26231,4.40297e-06
,128.406349206,0.130651,0,0.195624,2.61014,0.161154,0,0.24311,0,0.0533917,0.167296,0.101058,0,0.105727,0,1.47066,3.19378,0.0557986,0.461887,0.229505,0.628166,0.352428,0.418511,2.49195,0
,128.452789115,0.552592,0,0.245022,1.77802,0.559992,0,0.258081,0,0,0,0.387737,0.267903,0.148833,0.0263798,0.86945,3.29499,0.193893,0.73145,0.247263,0.675887,0.434862,0.314207,2.67743,0.0686655
,128.499229024,0.65822,0.453773,0.0127357,1.71872,0.699979,0,0.152269,0,0,0.0510985,0.315908,0.218707,0.210662,0.161094,0.295886,3.19845,0.242363,1.29424,0.372919,0.477681,0.566206,0.402089,2.29671,0.0560562
,128.545668934,0.736851,0.584785,0,1.72491,0.640161,0,0.116846,0.0669089,0,0,0.282053,0.340517,0.491269,0.179784,0.0944559,2.99049,0.221651,2.07591,0.326366,0.322194,0.600037,0.382091,2.1396,0.0872769
,128.592108843,0.791537,0.172034,0.40851,2.22672,0,0.0191605,0.121448,0,0,0,0.179561,0.368055,0.630315,0.0489349,0.199672,2.74745,0,2.68741,0.0898445,0.431162,0.662838,0.352249,2.05114,0.0943351
,128.638548752,0.674199,0.0321292,0.415408,2.14829,0,0.0292235,0.0955405,0,0.0499844,0,0.370067,0.196982,0.660738,0.0662077,0.210642,2.25636,0,3.03572,0.0204644,0.365951,0.529364,0.359921,2.13536,0.0504879
,128.684988662,0.445734,0.0565688,0.216643,2.11885,0,0.0129697,0.0802643,0.0873788,0.31861,0.0142506,0.589419,0,0.600937,0.211784,0.1844,1.88472,0,3.15929,0.0171923,0.238426,0.412019,0.447563,2.07688,0
,128.731428571,0.503904,0.228011,0,2.81444,0,0,0,0.0318843,0.469317,0.213459,0.0716531,0,0.508022,0.237155,0.189357,1.80965,0,3.2193,0.00284162,0.0989655,0.390344,0.641948,1.8248,0
,128.777868480,0,0.345949,0,2.82908,0.0634079,0,0,0.210826,0.402668,0.159306,0.0717494,0,0.200778,0.245986,0.392304,2.02889,0.0219545,2.98163,0.207513,0.313211,0.198493,0.692532,1.57219,0
,128.824308390,0.109203,0,0.00159835,2.92473,0.0574897,0,0.0885328,0.3341,0.161213,0,0.0740419,0,0.155662,0.124042,0.400754,2.30914,0.041678,2.3074,0.495763,0.772138,0.116736,0.714049,1.26478,0
,128.870748299,0.295416,0,0,1.10742,0.392844,0.115765,0.314791,0.383113,0,0,0.633267,0,0.300254,0.655141,0.212904,2.66878,0.164171,1.31005,0.661816,1.11501,0,0.817081,1.57287,0
,128.917188208,0.44196,0,0.564546,2.64591,0,0,0.00990644,0.269455,0,0.0103758,1.3289,0,1.10491,0.779728,0.813114,2.36805,0,1.54933,0.288599,0.417317,0.00420415,0.813488,1.23208,0
,128.963628117,0.336096,0,0.694519,2.51128,0.0332447,0,0,0.0982652,0,0.0170156,1.47085,0,1.39099,0.572894,0.87636,2.05668,0.0115107,1.6762,0.0123136,0.113293,0.0831193,0.637152,1.9069,0
,129.010068027,0.211875,0.361935,0.895177,1.74884,0.117274,0.368101,0.01564,0,0,0.0285523,1.44783,0.188407,1.37656,0.396387,1.02563,1.89173,0.0406055,1.78019,0.0521909,0.0110312,0.0489135,0.382117,2.38025,0.0484225
,129.056507936,0.145991,0.669505,0.759552,1.28547,0.0980261,0.283104,0.0770029,0,0.366023,0.0723456,1.15327,0.188483,1.46696,0.207112,1.02862,1.68123,0.0339409,1.77278,0.252581,0,0.140257,0.517372,2.41194,0.0486833
,129.102947845,0.671009,0.857313,1.27586,0.800805,0.140781,0.112069,0.0246373,0,0.0719015,0.11497,0.540235,0.563553,1.48397,0.269644,1.22419,1.36202,0.0509008,1.96138,0.120255,0,0.123902,0.488828,2.55346,0.156556
,129.149387755,0.725774,0.558601,1.26591,0.838236,0,0.610152,0,0,0,0.532157,0.658054,0.610338,1.05214,0.400975,1.28705,1.00314,0.00602324,2.55665,0.0455139,0,0.0764542,0.564076,3.13185,0.168185
,129.195827664,0.717003,0.153974,0.741834,0.905836,0,0.551392,0,0,0,0.20197,1.00443,0.535829,1.10297,0.207696,1.21456,0.501204,0,2.86842,0.027749,0.0124055,0.0914979,0.593416,2.93053,0.193471
,129.242267573,0.196164,0,0.0766625,0.582023,0,0.573198,0,0.234483,0,0,1.55844,0.439672,1.11732,0.0452349,0.779213,0.296997,0,2.81159,0.0204205,0.104628,0.206546,0.122946,2.92283,0.211409
,129.288707482,0,0.0934888,0,0.10121,0,0.55635,0.0664676,0.594135,0.191103,0,2.03048,0.330472,0.990764,0.0883005,0.716835,0.0385586,0,2.71717,0.0270605,0.265108,0.813306,0.0409082,3.18403,0.0886057
,129.335147392,0.00283222,0,0.0358659,0.0698858,0.0479953,0.579238,0,0.544587,0.254848,0.0197442,2.18806,0.342516,0.791228,0,1.04,0.213539,0.016618,2.82306,0,0.242999,1.26981,0.00617482,2.96167,0.0880596
,129.381587301,0,0,0.156531,0.187818,0.0206879,0.613221,0,0.298771,0.0752265,0.021702,2.31561,0.333845,0.26468,0,1.52748,0.471323,0.00716304,2.85024,0,0.142936,1.55064,0.00712986,3.10589,0.0859216
,129.428027210,0,0,0.119351,0.32982,0.0851884,0.632706,0,0.278073,0.0742443,0.0326662,2.21018,0.290501,0.101559,0,1.78445,0.751829,0.0294959,2.65432,0,0.139113,1.66198,0.00940028,3.31799,0.0748522
,129.474467120,0,0,0,0.211911,0.199846,0.629757,0,0.145526,0.0629744,0.0629619,2.14809,0.212762,0.11784,0,1.87053,0.846901,0.174247,2.28562,0,0.0860124,1.57861,0.0677773,3.42696,0.0624299
,129.520907029,0,0,0,0.203197,0.553744,0.417766,0,0.02932,0,0.144369,2.01168,0.158006,0.276446,0.0891725,1.56025,1.3283,0.370396,1.57416,0.0189404,0.0437693,1.34728,0.281192,3.19488,0.0911871
,129.567346938,0,0.126685,0,0.233973,0.788046,0.1256,0,0,0,0.141986,2.07069,0.0699996,0.407871,0.156177,1.02295,1.48254,0.596347,1.2984,0.0197919,0.167292,1.38856,0.236285,3.19594,0.0688348
,129.613786848,0,0.157208,0.266776,0.289358,1.10961,0.0281615,0,0,0,0.104137,2.12834,0.109038,0.355768,0.0545448,0.589654,1.28134,0.607643,1.40172,0.0299325,0.262496,1.2434,0.37179,3.09057,0.0423578
,129.660226757,0,0.124246,0.385611,0.513066,1.2286,0.0300342,0,0,0,0.0598307,2.16555,0.448879,0.0653788,0.0353418,0.324815,1.00157,0.425395,1.58266,0.0519798,0.315597,1.08206,0.39959,2.91776,0.115154
,129.706666666,0,0.077774,0.420057,1.1921,0.908051,0,0.0532285,0.00426866,0,0,2.18568,0.636014,0,0.0221228,0.328284,0.941288,0.396279,1.66229,0.199585,0.327246,0.807499,0.13441,3.02522,0.163101
,129.753106575,0.0159631,0.0122736,0.167744,1.38809,0.499462,0.0608305,0.115869,0.00334128,0,0.053874,2.19765,0.615003,0.00429946,0.00349121,0.541985,1.01415,0.487446,1.86558,0.18268,0.30705,1.10808,0.0126833,3.11437,0.157714
,129.799546485,0.15663,0.0994738,0.210159,0.806556,0.415004,0.0667714,0.119412,0,0,0.0698084,2.17052,0.269029,0.400858,0.0282953,0.594962,0.813866,0.383054,2.02857,0.20211,0.292047,1.24994,0.0164347,2.93475,0.069034
,129.845986394,0.106309,0.114162,0.242607,0.273079,0.310948,0.0669029,0.0906213,0,0,0.0458967,2.14703,0,0.880198,0.0726547,0.565762,0.648362,0.264532,1.9559,0.0950533,0.552179,1.15782,0.0108053,2.94422,0.00664198
,129.892426303,0,0,0.233467,0.16721,0.120268,0.403928,0.0207738,0,0.106455,0.0346325,2.17795,0.301649,1.01275,0,0.77235,0.841664,0.205954,1.84059,0.0795167,0.662185,1.41274,0.00815336,2.81813,0.0851335
,129.938866213,0,0,0.341455,0.681323,0.148549,0.590026,0.00258116,0,0.147522,0.0024554,2.05818,0.742113,0.906951,0,1.03154,1.45617,0.248466,1.67202,0.0217319,0.349531,1.67944,0.000578062,2.58908,0.190562
,129.985306122,0,0,0.256444,0.991226,0.163761,0.45317,0.0598688,0,0.15357,0.0373519,1.98765,0.616802,0.647225,0,1.09941,1.81849,0.275599,1.51071,0.183916,0.0266239,1.67498,0.00957531,2.49366,0.158466
,130.031746031,0,0,0.100354,1.23484,0.16098,0.371125,0.128016,0,0.141489,0.0970453,1.97747,0.221639,0.426191,0,0.958172,1.88388,0.251053,1.40888,0.381642,0.0191073,1.56623,0.0228469,2.64847,0.0570567
,130.078185941,0,0,0.0791308,1.23109,0.22263,0.341255,0.0670671,0,0.154481,0.139043,2.00809,0.185055,0.202987,0.0227413,0.641284,1.88549,0.181088,1.38238,0.200385,0.0338669,1.51381,0.0327343,2.9816,0.047438
,130.124625850,0,0,0,0.800548,0.120067,0.261276,0.00748966,0,0.279958,0.07474,2.02957,0.288957,0,0.0511209,0.384296,1.70694,0.118221,1.23889,0.0298772,0.0445143,1.70328,0.0175957,3.07252,0.0740797
,130.171065759,0,0,1.03849,0.162744,0.467512,0,0.398005,0,0.318281,0,1.99096,0.0631577,0,0,0.83491,1.6259,0.164006,0.817909,0.444279,0.0574204,1.81297,0.237211,2.83663,0.0163187
,130.217505668,0.0557223,0.115007,1.33165,0.359736,0.0324985,0,0.334269,0,0.299253,0,1.62881,0.411794,0.015008,0.0327138,1.36695,1.88936,0.0173494,0.474356,0.454944,0.0804429,2.02298,0.228286,2.13591,0.105852
,130.263945578,0.26828,0.329654,1.01364,0.542336,0,0,0.126423,0,0.266086,0.00734435,1.3427,0.674022,0.0733598,0.0937697,1.60293,2.18546,0.014492,0.319909,0.362492,0.0868016,1.98028,0.225592,1.68953,0.173172
,130.310385487,0.375618,0.495409,0.344397,0.774223,0,0,0.0753463,0,0.227116,0.0875718,1.24828,0.616753,0.103056,0.140919,1.53377,2.47417,0.0228019,0.557069,0.224087,0,1.85867,0.505017,1.4664,0.158544
,130.356825396,0.445681,0.371026,0.187376,0.904606,0.121232,0,0.0093427,0,0.243067,0.224349,1.27084,0.0101489,0.120038,0.105538,1.49059,2.14788,0.232098,1.07105,0.0779568,0.00358674,2.04242,0.993614,1.02191,0.00460093
,130.403265306,0.260572,0.114135,0,0.59195,0.266719,0.0654614,0,0,0.226052,0.374586,1.48659,0,0.0701817,0.0324657,1.67837,1.53638,0.391702,1.10884,0.0651254,0.00202891,1.90402,0.9752,1.07108,0.0138865
,130.449705215,0.126996,0,0,0.134409,0.359967,0.365021,0,0.0214748,0.180691,0.28867,1.86298,0,0.0342047,0,1.63345,1.26131,0.439533,1.11445,0.0723139,0.00958223,1.62094,0.799174,1.27513,0.00963074
,130.496145124,0,0,0,0.116457,0.415745,0.528755,0.0527773,0,0.221258,0.177565,2.09475,0.257068,0,0,1.68981,1.15826,0.722407,1.02825,0.221373,0,1.76398,0.345831,1.48936,0.0696873
,130.542585034,0,0,0.0275974,0.181321,0.497967,0.371207,0.201843,0,0.212503,0.142818,2.13522,0.254014,0,0,1.9046,1.20188,0.85985,0.958404,0.523994,0,1.77825,0.331594,1.69375,0.0651056
,130.589024943,0,0,0,0.340051,0.48996,0.136987,0.173284,0,0.151257,0.135699,2.10819,0.236071,0,0,1.75811,1.40951,0.836378,0.946853,0.566984,0,1.66292,0.361471,2.00196,0.0605067
,130.635464852,0,0,0.0390554,0.498956,0.71293,0.141818,0.0990517,0,0.0876405,0.128843,2.10772,0.352321,0,0,1.25667,1.91621,0.791444,0.957003,0.336667,0.0245992,1.56933,0.294526,2.11951,0.0903023
,130.681904761,0,0,0,0.639382,0.764206,0.147842,0,0,0.0625849,0.155609,2.1763,0.304266,0.489957,0,1.0221,2.18007,0.809785,0.856841,0.0122487,0.298125,1.66138,0.0376262,2.06889,0.0781236
,130.728344671,0,0,0,0.972989,0.580672,0,0,0,0.142854,0.254205,1.96406,0.160995,0.817151,0,0.780852,2.31405,0.610959,0.861556,0,0.668321,1.81583,0.386722,1.67077,0.0473069
,130.774784580,0,0,0,0.916651,0.173527,0,0,0,0.210242,0.312706,1.40144,0.126554,0.790862,0,0.565129,2.4681,0.290243,1.11884,0,0.911338,1.74493,0.729603,1.31717,0.0492303
,130.821224489,0,0,0,0.88258,0,0,0,0,0.247334,0.26394,1.41386,0.21826,0.47857,0,0.189875,2.46717,0,1.24035,0,0.828491,1.91257,0.818655,1.34037,0.0895853
,130.867664399,0,0,0,0.499353,0.133471,0,0,0.121134,0.276464,0.323948,1.46189,0.255614,0.22056,0,0,2.23974,0.227813,1.20891,0,0.477995,2.25321,0.83202,1.44751,0.0819048
,130.914104308,0,0,0,0.0629415,0.614981,0,0,0.0957703,0.291556,0.350253,1.47352,0.175906,0.134181,0.0497402,0.0880957,1.90594,0.570859,0.998699,0,0.186575,2.39694,0.814053,1.66075,0.0479146
,130.960544217,0,0,0.285944,0,0.679843,0.028147,0,0,0.279329,0.33333,1.51767,0.179801,0.303506,0,0.723552,1.27338,0.566435,1.00999,0.0104647,0,3.37538,0.737766,1.51513,0.0460842
,131.006984126,0,0.204881,0.415326,0,0.173347,0.128095,0,0,0.205228,0.242945,1.56008,0.295418,0.227032,0.193511,1.10158,1.15402,0.0624528,0.762656,0.0123329,0,3.43241,0.889856,1.19321,0.0757178
,131.053424036,0.354513,0.0715865,0,0.290004,0.00086996,0,0,0.511263,0.0914491,0.183929,1.44145,0.267316,0.441309,0.0676137,0.930384,1.55611,0.000301218,0.639492,0.0105763,0.22813,3.46445,0.797946,0.713819,0.068515
,131.099863945,0.677732,0,0.017222,0.319377,0,0,0,0.862342,0.0563445,0.329313,1.06793,0.112045,0.701939,0,0.672273,1.62258,0,0.520638,0.0121272,0.384784,3.58121,0.55602,0.57589,0.0287179
,131.146303854,0.763468,0,0,0.140204,0,0,0,0.818608,0.0300091,0.261516,1.06167,0.131247,0.773781,0,0.162911,1.89608,0,0.687223,0.0093062,0.36527,3.4994,0.3239,0.879142,0.0336396
,131.192743764,0.782302,0.0146013,0.181094,0.0834644,0.0654167,0,0,0.833188,0.0103985,0.107208,1.2064,0.273696,0.881802,0.013791,0.0546897,2.57696,0.185534,0.442367,0.00225275,0.404545,2.8813,0.282415,1.06894,0.182905
,131.239183673,0.632753,0,0.0302737,0.108977,0.303879,0,0.94405,0.0515737,0.637021,0.0538443,1.15764,0.305876,0.876931,0,0.0872394,1.90847,1.63454,0,0.384682,0.226211,2.40385,0.0145261,1.19948,0.201112
,131.285623582,0.320474,0.125557,0.00271073,0.569925,0.301134,0,0.899595,0.069652,1.50396,0,0.757121,0.531054,0.902856,0.118589,0.0878154,1.58461,1.97671,0,0.347675,0.17724,1.88449,0.00093483,1.54986,0.180726
,131.332063492,0.00318771,0.254784,0.256674,0.789856,0,0.0785033,0.372117,0.128995,1.84291,0,0.377601,0.704383,0.678267,0.240644,0.169337,1.62738,1.84052,0.0256438,0.129986,0.660571,1.3602,0.175583,1.62328,0.180538
,131.378503401,0.0841593,0.574315,0.796749,0.900403,0,0.115144,0,0.155578,1.93896,0,0.120892,0.69044,0.543868,0.324509,0.393582,1.65583,1.46579,0.043085,0.0126833,0.701411,1.5565,0.232313,1.25522,0.176965
,131.424943310,0.48626,0.306729,1.17532,0.587969,0.0539411,0.146998,0,0.145529,1.98619,0,0.187833,0.2072,0.67797,0.392151,0.456863,1.61299,0.961827,0.0550045,0.0865358,0.502964,2.41596,0.236593,1.02974,0.0531069
,131.471383219,0.434466,0.271924,1.26533,0.504734,0,0,0,0.059294,2.42714,0.346701,0.338051,0.428733,0.799262,0.124611,0.573542,1.62552,0.897983,0,0.121252,0.715852,2.70546,0.0924163,1.4461,0.301387
,131.517823129,0.305837,0.210095,1.23957,0.214765,0,0,0,0.0677049,2.55256,0.320609,0.304398,0.304103,0.529126,0.345578,0.565425,1.27179,1.13562,0,0.0332083,0.772798,2.57699,0.0762497,1.61717,0.213776
,131.564263038,0.454841,0.452281,0.499807,0,0,0,0,0,2.85496,0,0,0.174458,0.467842,0.738545,0.559841,0.794219,1.42371,0,0.567717,0.309327,2.0466,0.163836,1.26098,0.122639
,131.610702947,0.00284053,0.660887,0.0784522,0,0,0,0,0.0661328,2.857,0,0,0.0754915,0.554496,0.92668,0.325295,0.23941,1.3808,0,0.808464,0.404161,1.90467,0.641089,0.647839,0.0530685
,131.657142857,0.00284803,0.2385,0.472235,0,0,0,0,0,2.80683,0,0,0.0529489,0.555961,0.513202,1.1518,0.0162774,1.25029,0,0.960939,0.375065,2.10741,0.741245,0.472193,0.0372216
,131.703582766,0.719203,0,0.870416,0,0.134291,0,0,0,2.74611,0,0,0,0.91456,0.243344,2.27865,0.0474116,1.01076,0,0.958114,0.174866,2.25071,0.62575,0.273356,0
,131.750022675,1.07263,0.0844372,0.165101,0.323764,0.179829,0,0,0,2.45931,0,0,0,1.40018,0.105287,2.53186,0.650651,0.413704,0,0.88383,0.0686953,2.43955,0.524419,0.105944,0
,131.796462585,1.4531,0.058608,0,0.568219,0.200018,0,0,0,2.50372,0,0,0,1.57517,0.176039,1.07876,1.6466,0.400825,0,0.884574,0.0522725,2.64056,0.618711,0.496965,2.74455e-05
,131.842902494,1.68986,0.0221168,0,0.648382,0.20542,0,0,0.0349044,2.42925,0,0,0,1.36749,0.140161,0.11999,1.88186,0.749141,0,0.420335,0.481877,2.76,0,1.10027,0
,131.889342403,1.53214,0,0,1.11294,0.746628,0,0,0,2.3838,0,0,0,1.24148,0.0785531,0.0137865,1.91807,0.769582,0,0.0443542,0.648322,2.59729,0,1.29365,0
,131.935782312,1.28458,0,0.0190283,0.815742,0.948954,0,0,0,2.30637,0.0223038,0,0,1.07257,0.050263,0.28301,1.78184,0.684385,0,0.109012,0.624908,2.47319,0.218399,1.14433,0
,131.982222222,1.15049,0,0.019272,0.226448,0.907979,0,0,0,2.09353,0.153098,0.000980587,0,1.03056,0.0330751,0.631877,1.65586,0.318779,0,0.434964,0.451269,2.34291,0.896212,0.629159,0
,132.028662131,1.06723,0,0,0.304742,1.06018,0,0.0197757,0,1.42835,0.254408,0.00330113,0,1.0324,0.00325153,0.87378,1.72151,0.369624,0,0.755405,0.0315533,2.3932,1.2793,0.185635,0
,132.075102040,1.03212,0,0,0.599705,1.11331,0.143971,0.0423774,0.179459,1.28008,0.122386,0.0161468,0,1.02873,0,0.901157,1.67999,0.387,0.0538718,0.864851,0.246366,2.3715,1.31466,0.921098,0
,132.121541950,0.997268,0,0,0.581592,0.320136,0,0,0.717599,1.6115,0.0792328,0.0553244,0,1.1411,0,0.282809,1.81766,0.535465,0.729464,0.486534,0.586361,1.87272,0.711395,1.97126,0
,132.167981859,1.09897,0,0,0.545606,0.327442,0,0,0,0.177721,0.000825713,0.133765,0,1.35539,0,0.0408585,2.3809,0.547685,0.683385,0.208356,0.298071,1.16928,0.00741371,2.6876,0
,132.214421768,1.22457,0,0,0.54178,0.224871,0,0,0,0.145295,0,0.139041,0,1.54922,0,0.0871913,2.32304,0.376122,0.621145,0.107872,0.165167,0.90458,0,2.76222,0
,132.260861678,1.21033,0,0.0344253,0.628784,0.211749,0,0,0,0.134151,0,0.141999,0,1.49915,0,0.0900133,2.39193,0.355159,0.463085,0.028602,0.215443,0.844999,0,2.65549,0
,132.307301587,0.927201,0,0,0.921047,0.569398,0.326499,0.14406,0.0989463,1.41048,0.0132109,0.119938,0,1.15707,0,0.0169094,2.21958,0.32971,0.478319,0.418845,0.511513,1.18129,0.00725721,2.24003,0
,132.353741496,1.04794,0,0.100317,1.25238,0.131369,0,0.170852,0.54491,1.43128,0,0.0668523,0.866973,0.732469,0,0.0532167,1.94971,0.221087,0.186108,0.560108,0.778192,1.95337,0,1.37624,0.443103
,132.400181405,0.776484,0,0,1.20815,0.0288085,0,0.302721,0.625155,1.53279,0.0628031,0.700667,0.412039,0.604774,0,0.138756,1.30129,0.0481856,0.00685883,1.48202,0.829664,1.56118,0.0147854,0.818468,1.0985
,132.446621315,0.749925,0,0,1.04929,0,0,0.283884,0.364122,1.7116,0.0616451,0.725028,0.602905,0.523768,0,0.00216426,1.13855,0.0165193,0.00362171,1.44539,0.829661,1.14647,0.0174212,0.85294,1.27094
,132.493061224,0.869865,0,0.182985,1.09154,0,0,0.519034,0,2.00365,0.228322,0.468556,0.642463,0.3845,0,0.204964,0.919031,0.0152286,0,1.32193,0.805295,1.12257,0.0625581,0.795703,1.2713
,132.539501133,0.853732,0,0.632385,1.4119,0,0,0.613859,0,2.06649,0,0.463304,0.13373,0.307346,0.0266999,0.404854,1.16197,0,0,1.16145,0.889685,1.11781,0.114021,0.485879,1.37027
,132.585941043,0.784214,0.252161,0.871713,1.4634,0,0,0.529699,0,1.69469,0,0.431918,0.0687406,0.30239,0.145868,0.836786,1.03409,0,0,0.934963,0.895873,0.929093,0.254112,0.961577,0.954657
,132.632380952,0.69504,0.122118,0.76698,1.71895,0,0,0.413807,0,1.3137,0,0.247782,0.0807007,0.1872,0.103857,0.962554,0.980228,0,0,0.517935,0.723897,0.683112,0.572209,1.52103,0.19181
,132.678820861,0.650588,0,0.398837,1.79517,0.0264235,0,0.0464468,0.0673341,1.10085,0,0.17343,0.293099,0.175227,0.110152,1.57384,0.672345,0.0441964,0,0.0945425,0.59031,0.651869,1.02129,1.85912,0.0751233
,132.725260770,0.602828,0.0570219,0,1.93443,0.149508,0,0.0153389,0.149398,0.872631,0,0.337478,0.131521,0.241207,0.135566,2.29739,0.723138,0.0968589,0,0.118283,0.638269,0.626867,1.3328,1.85897,0.0337097
,132.771700680,0.255146,0.030789,0,1.89547,0.180819,0,0,0,0.800574,0.0743404,0.553828,4.28451e-05,0.0687201,0.0594529,2.53918,0.619634,0.154615,0,0.235647,0.819001,0.573509,1.20785,1.80685,1.09815e-05
,132.818140589,0.259511,0,0,2.47335,0.155774,0,0.061502,0.111977,0.951602,0.143874,0.0740836,0,0.210005,0,1.94585,1.04731,0.43068,0,0.450263,0.461743,0.898953,1.2796,1.6833,0
,132.864580498,0.329671,0,0,2.7098,0.139511,0,0.109873,0.0203397,0.636136,0.670629,0.0607812,0,0.579163,0,0.919911,1.39658,0.608299,0,0.415859,0.0132123,1.15349,1.2101,1.66608,0
,132.911020408,0.333017,0.0643882,0,2.68039,0.0680769,0,0.0800004,0,0.474406,0.868043,0.0460077,0,0.619528,0.0183152,0.300502,1.76996,0.536551,0,0.252709,0.000711559,1.0278,0.877363,1.80675,0
,132.957460317,0.0243849,0.118272,0,2.62587,0,0,0.0689387,0,0.405612,0.516573,0.0536666,0,0.0336918,0.0744751,0.214517,2.01386,0.648308,0,0.236421,0.0986324,0.884677,0.283772,2.1522,0
,133.003900226,0,0,0.0948107,2.5826,0.21385,0,0.03929,0,0.293696,0,0.0620435,0,0,0.204229,0.412728,1.8746,1.61709,0,0.157452,0.154685,0.612243,0.0110031,2.21041,0.000252611
,133.050340136,0,0,0,2.55838,0.321313,0,0.0101713,0,0.226418,0.0275602,0.0607972,0,0,0.138513,0.548885,1.52904,1.94865,0,0.0633867,0.0605112,0.403638,0.970024,1.86595,0.00053791
,133.096780045,0,0.113571,0,2.37048,0.120957,0,0,0,0.0930168,0.12884,0.0120115,0,0,0.0323052,0.499796,1.40858,1.73568,0,0.0269355,0.00474759,0.790615,1.91333,1.26533,0.000221119
,133.143219954,0.0597931,0,0,2.208,0.0418315,0,0.0154761,0.0914162,0.103912,0.132455,0,0,0.0483866,0,0.618766,1.24683,1.68449,0,0.0636093,0.0596957,0.860778,1.93249,1.25245,0
,133.189659863,0.161186,0,0.176396,2.07928,0.0309269,0,0.0386593,0.307821,0.105824,0.123468,0,0,0.130437,0,0.747614,1.10479,1.35432,0.672263,0.317358,0.174106,0.786478,1.97222,1.46021,0
,133.236099773,0.153238,0,0.217112,2.02621,0.033588,0,0,0.484204,0.11423,0.124773,0,0,0.124005,0,0.714897,1.04514,0.707033,1.17371,0.306052,0.260848,0.756025,1.85875,1.65676,0
,133.282539682,0.121586,0,0.239209,2.17879,0,0,0,0.483113,0.161516,0.119469,0,0,0.12395,0.0789818,0.562206,1.3383,0.409267,1.28559,0.305994,0.254572,1.09484,1.4364,1.90317,0
,133.328979591,0.137207,0,0.216289,2.46854,0,0,0,0.0979822,0.195161,0.16232,0.130686,0,0.120639,0.187319,0.519159,2.0398,0.668138,1.262,0.189346,0.0644799,1.36158,0.664751,2.36141,0
,133.375419501,0,0,0,2.59768,0,0,0,0,0.202395,0.672763,0,0,0,0.211649,0.25338,2.83801,0.60048,1.25859,0.0350843,0.0331101,1.5599,0.497261,2.30211,0
,133.421859410,0.025451,0,0.104433,2.56121,0,0,0,0,0.544592,0.51355,0,0,0.0415315,0.205192,0.0837497,2.9659,0.496854,0.703773,0.204186,0.0348563,1.47439,0.542794,2.08514,0
,133.468299319,0.126469,0,0.124148,2.68222,0,0,0,0.0938165,0.445157,0.319299,0,0.623355,0.142024,0.19517,0.0959889,2.97178,0.337707,0.521195,0.191057,0.0636575,1.29367,0.468021,1.89554,0.15977
,133.514739229,0.302789,0.0672205,0.044738,2.62999,0.0152222,0,0,0.0751179,0.267137,0.013295,0.402429,0.452414,0.214979,0.343722,0.0943408,3.07366,0.215838,0.425152,0.168111,0.0378593,0.901445,0.209678,2.06923,0.115957
,133.561179138,0.556768,0.0780968,0.0317486,2.61675,0.0279023,0,0,0.0544108,0.169675,0.00922498,0.0304626,0.526177,0.271364,0.366971,0.10723,2.94716,0.121862,0.456267,0.305747,0.0712914,1.08886,0.154586,2.11477,0.1752
,133.607619047,0.498973,0.022022,0.0785627,2.66423,0.120705,0,0,0,0.0839888,0.0447122,0.0161094,0.00114595,0.364033,0.270739,0.138981,2.65427,0.177258,0.761599,0.412884,0.129711,1.13763,0.439248,1.96282,0.0828835
,133.654058956,0.365585,0.0407756,0.137268,2.83091,0.117919,0,0,0.0604004,0,0.0539964,0.0157321,0,0.266606,0.289911,0.19244,2.59432,0.188744,1.14783,0.221657,0.293358,0.910092,0.484809,2.18114,0.00964144
,133.700498866,0.113633,0.0685878,0.821611,1.78019,0.320101,0.465433,0.431315,0.0244319,0.277117,0.0539648,0.674453,0,0.183026,0.446302,0.401363,2.02943,1.01191,1.3704,0.184089,0.323227,0.881351,0.0246754,2.2868,0
,133.746938775,0.279397,0.139185,1.49201,0.494772,0.260416,1.00684,0.356829,0.0745783,0,0,0.759236,0.142956,0.328947,0.788226,0.721918,1.02512,0.795692,2.60108,0.148419,0.405414,0.949019,0,2.27618,0.0366407
,133.793378684,0.419909,0.234526,1.69942,0.0653962,0.0185414,1.25867,0,0.0396299,0,0.0155426,1.17394,0.314935,0.428804,0.828371,1.23014,0.370013,0.25661,2.80347,0.00308295,0.377184,0.796289,0.00365913,2.99592,0.08072
,133.839818594,0.305556,0.253471,1.33768,0.0801902,0.00686848,1.15192,0,0.0664493,0,0.00624186,1.74695,0.228791,0.321829,0.489879,1.8257,0.414166,0.0363579,2.64584,0,0.292864,0.459532,0.0661557,3.51204,0.0870235
,133.886258503,0.0413048,0.0962118,0.652073,0.6287,0.00435808,0.545022,0,0.371388,0,0.00836809,2.054,0.0953006,0.107621,0.087647,2.10112,0.533194,0.0660502,2.56071,0,0.388149,0.275035,0.172511,3.63325,0.0587462
,133.932698412,0,0,0.22887,0.45017,0,0.568361,0.0581747,0.759077,0,0.0127558,2.17485,0.00329968,0.0942331,0,2.06614,0.190212,0.0742473,2.518,0.0124608,0.568259,0.00615953,0.10534,3.77733,0.0374344
,133.979138321,0,0,0.0270436,0.0319136,0,0.582693,0,0.815461,0.0186585,0.040136,1.87354,0.175796,0.0762656,0,1.74851,0.0102893,0.0460438,2.5785,0,0.498216,0.119071,0.00944902,3.93007,0.0821309
,134.025578231,0,0,0.261437,0.0578195,0,0.617932,0,0.866008,0,0.0414964,1.43962,0.361018,0.0554571,0,1.38486,0.0186417,0.0572356,2.73338,0,0.446113,0.448877,0.0097693,3.80359,0.156124
,134.072018140,0,0,0.324897,0.212392,0.0850538,0.592303,0,0.574275,0,0.0636039,1.46258,0.308017,0,0,1.45462,0.182376,0.108898,2.78217,0,0.317353,0.811364,0.014974,3.62075,0.149682
,134.118458049,0,0,0.0468527,0.447885,0.398573,0.116103,0.1034,0.476299,0,0.0963208,2.13258,0.267931,0.357048,0,1.13148,0.496391,0.43612,2.2896,0.288808,0.2565,0.753592,0.0226764,3.66658,0.133745
,134.164897959,0,0,0,0.677141,0.369185,0.091297,0.040119,0.262579,0,0.0868809,2.12504,0.232952,0.518347,0,1.32089,0.56781,0.33764,2.39897,0.0500049,0.117165,0.718009,0.020454,3.69769,0.0988128
,134.211337868,0,0,0,0.502159,0.230863,0.314978,0.0334871,0.0206379,0,0.0622202,2.12144,0.206349,0.21699,0,1.66525,0.335938,0.145599,2.66762,0.0136334,0.00920879,0.635063,0.142841,3.72317,0.0768044
,134.257777777,0,0,0,0.0722244,0.607206,0.600181,0,0,0.0662025,0.0695737,2.09007,0.207073,0.0279887,0.00980093,1.81258,0.239601,0.220996,2.68567,0,0.0173008,0.875484,0.736943,3.43751,0.0685246
,134.304217687,0,0,0.211557,0.173775,0.408366,0.836759,0,0,0.116169,0.128149,1.57863,0.229241,0,0.0565512,1.87297,0.708551,0.141394,2.65374,0,0.0249427,0.982903,0.831998,2.6667,0.0729327
,134.350657596,0,0,0.174055,0.362029,0.333017,0.89678,0,0,0.139284,0.140316,1.60423,0.27586,0.229376,0.108366,1.55244,1.00861,0.118622,2.27896,0,0.0241077,1.17069,0.869263,2.38855,0.0806045
,134.397097505,0,0,0,0.398178,0.390345,0.919456,0,0,0.148432,0.232427,1.61644,0.280724,0.43778,0.06291,1.30549,0.995582,0.15502,2.36459,0,0.0182908,1.26243,0.93434,2.42048,0.0791404
,134.443537414,0,0,0,0.322982,0.262837,0.941695,0,0,0.158673,0.283149,1.58422,0.272607,0.408521,0.0216837,1.36162,0.903353,0.259112,2.47359,0,0,1.10636,1.14202,2.5595,0.0792621
,134.489977324,0,0,0,0.152744,0.0565221,1.10124,0,0,0.116359,0.263683,1.60956,0.287176,0.334591,0.000726503,1.56246,0.617493,0.034332,2.76696,0,0.00119958,0.838497,1.36963,2.60845,0.0856626
,134.536417233,0,0,0,0,0.201642,0.950297,0,0,0.0491655,0.198663,1.65633,0.31435,0.223107,0,1.59632,0.339751,0.0857392,2.85698,0,0.127313,0.444106,1.30218,2.88424,0.0926053
,134.582857142,0,0,0.0292986,0.0350305,0.255298,0.936041,0,0,0.085797,0.147863,1.97337,0.314815,0,0,1.57658,0.761356,0.126944,2.5605,0.015028,0.118055,0.643603,0.662058,3.21657,0.0806893
,134.629297052,0,0,0.0399407,0.307199,0.461553,1.01033,0,0,0.184576,0.127984,2.07524,0.247377,0,0,1.39797,0.983106,0.291134,2.20433,0.0192476,0.0675144,1.27044,0.113822,3.52464,0.0634112
,134.675736961,0,0,0,0.524145,0.621542,1.06028,0.0469847,0,0.163168,0.0755361,2.20994,0.211502,0.241358,0.00840607,1.15665,1.20765,0.294783,2.12471,0.149138,0,1.6537,0.0195949,3.51092,0.0542291
,134.722176870,0,0,0,0.633719,0.624004,1.13288,0,0,0.0624253,0.0373005,2.2041,0.210862,0.36021,0.0677986,1.14221,1.30546,0.243476,2.4021,0.00912128,0,1.64376,0.0222544,3.10558,0.0540531
,134.768616780,0,0,0,0.531407,0.49674,0.965856,0,0,0.0124745,0.0172982,2.13314,0.202571,0.548411,0.103894,1.55526,1.08178,0.182099,2.45727,0.000975944,0,1.3972,0.314554,2.96327,0.0519203
,134.815056689,0.00146106,0,0,0.0986215,0.756508,0.715593,0,0,0.0121273,0.0373002,2.09821,0.167345,0.64571,0.02755,1.70456,0.35492,0.274123,2.62026,0.00222322,0,1.14543,0.53017,2.85634,0.0428918
,134.861496598,0.00473154,0,0.344512,0,0.606807,0.760524,0.0605762,0,0.0273489,0.0015353,2.13802,0.305686,0.923639,0.0266825,1.60032,0.289212,0.210219,2.59276,0.037964,0,1.4447,0.227784,2.74213,0.134233
,134.907936507,0.00417134,0.109401,0.135454,0,0.304066,0.770464,0,0,0.106914,0,1.99464,0.688282,0.814282,0.185599,1.45624,0.429456,0.115541,2.3659,0.0741796,0,1.79004,0.0469222,2.89914,0.263031
,134.954376417,0.464978,0.191228,0.0224983,0,0.0586861,0.807016,0,0,0.19505,0,1.82278,0.712571,0.428271,0.437407,1.21574,0.65306,0.0332484,2.30953,0.0743031,0,1.78331,0.00813092,3.13192,0.182637
,135.000816326,0.554385,0.173444,0.0052685,0.0528768,0.0479233,0.779203,0.0577975,0,0.0828022,0,2.14958,0.59108,0.149316,0.325324,1.06557,0.81859,0.0288921,2.44977,0.0465091,0,1.44161,0.00730129,3.41792,0.151498
,135.047256235,0.660169,0.198947,0,0.398214,0.234842,0.7455,0,0.017801,0,0,2.21748,0.402387,0.403374,0.0565902,1.37052,0.93028,0.313238,2.35133,0.0525045,0.00391839,1.08897,0.00562302,3.57392,0.103135
,135.093696145,0.772892,0.192859,0.16727,0.327258,0.316382,0.336586,0.056415,0.211945,0,0,2.23377,0.216306,0.918666,0.0548587,1.71137,0.548419,0.364244,1.85669,0.0931969,0.177999,1.0523,0.0489162,3.04753,0.0554409
,135.140136054,0.608858,0.14103,0.0218141,0.130875,0.239506,0.105805,0.98056,0.328358,0.274429,0,2.19823,0.160882,0.76174,0.194363,1.3978,0.0598344,0.245604,1.74676,0.44888,0.285535,2.22863,0.00710656,2.44286,0.0517729
,135.186575963,0.606859,0,0.0964155,0.46126,0.198078,0.401277,0.826397,0.321907,0.340733,0,1.99436,0.366606,1.06369,0.242976,0.795592,0.964148,0.365443,1.5841,0.337616,0.074008,2.67251,0.000991898,1.91256,0.113179
,135.233015873,0.556327,0,0,0.769958,0.198128,0.2763,0.538278,0.273567,0.686233,0.0893509,1.21346,0.27574,1.49589,0.238854,0.552194,1.38762,0.369985,1.38808,0.202276,0.064779,3.08739,0.0490837,1.40022,0.0846628
,135.279455782,0.495665,0.135465,0,1.17105,0.270261,0,0.00645405,0.19295,1.78776,0,0.942545,0.304118,1.58722,0.234735,0.269127,1.62883,0.368092,1.42624,0.0046402,0.0424726,3.20134,0.0218427,1.17597,0.0830075
,135.325895691,0.268477,0.217003,0,1.23492,0.262662,0.29056,0,0.127671,1.99491,0,1.20086,0.139939,1.3903,0.116334,0.145401,1.83422,0.294132,1.6245,0,0.0281031,3.05835,0.198873,1.28445,0.0358674
,135.372335600,0.122525,0.307334,0,1.04865,0.131216,0.267947,0,0.0970025,1.80302,0,1.36652,0.0604171,1.32459,0.100446,0.214907,1.72827,0.179527,1.73982,0,0.0213523,2.54541,0.272935,1.61539,0.0154853
,135.418775510,0.00557136,0.724255,0.30527,0.336698,0.597718,0.314253,0.00372363,0.106419,1.63919,0.0318098,1.18528,0.178806,1.08758,0.233175,0.838664,1.25538,0.335252,1.65809,0.0104006,0.192161,1.8116,0.00748884,2.14797,0.0614714
,135.465215419,0.0743606,0.663362,0.921424,0,0.481599,0.468677,0,0.206904,1.44367,0.434678,0.766758,0.284842,0.0601751,0.448735,1.53678,0.381423,0.277889,2.08273,0.0758092,0.28986,1.42598,0.293808,2.28654,0.120587
,135.511655328,0.304841,0.752976,0.682263,0,0.372995,0.770496,0,0,1.60596,0.526765,0.620711,0.0591068,0.246688,0.553208,1.77715,0.0445609,0.274261,2.45366,0.0396277,0.0529857,1.88394,0.41999,1.84623,0.0742641
,135.558095238,0.406738,0.573322,0,0,0.169969,1.30355,0,0,1.10333,0.9697,0.835499,0.0119514,0.329146,0.433762,1.71926,0.033389,0.187938,2.53923,0,0.052079,2.15491,0.664601,1.92002,0.058241
,135.604535147,0.442122,0.324046,0,0,0,1.57707,0,0.373137,0.464661,0.671747,0.901212,0.0246549,0.35778,0.313593,1.61547,0.0265478,0.0680326,2.57778,0,0.209237,2.25576,0.694281,1.87613,0.0674556
,135.650975056,0.334074,0.109481,0,0,0,1.4838,0,0.165414,0.144176,0.640467,1.12737,0.00608609,0.317634,0.103405,1.74111,0.0282743,0.0279104,2.25708,0,0.10743,2.16435,0.777633,2.02541,0.0629685
,135.697414965,0,0.224137,0.321616,0.0157202,0.324238,1.32373,0.0230888,0,0.0506909,0.845729,1.16498,0,0.451053,0.084126,1.65442,0.531717,0.200478,1.47809,0.0639193,0.033517,1.7336,0.532941,2.3603,0.103645
,135.743854875,0,0.474254,0.306376,0.0577538,0.647509,0.827062,0,0,0.0125631,0.925486,1.45902,0,0.628674,0.147957,1.02285,0.589201,0.66647,1.19582,0.0206703,0.00883075,1.64527,0.506171,2.95838,0.00777994
,135.790294784,0,0.561864,0.347169,0.196523,0.405789,0.49344,0.0798452,0.0889683,0.135473,0.821453,1.57566,0,0.45271,0.200331,0.252674,0.946351,0.556325,1.45416,0.0549564,0.0396984,1.7516,0.548471,3.01521,0
,135.836734693,0.201938,0.280288,0.0458039,0.456389,0.118812,0.0595753,0,0.116302,0.0991224,0.727802,1.34489,0,0.228073,0.112043,0.168032,1.7068,0.328159,1.28751,0.00875776,0.0443017,1.61615,0.702459,2.29652,0
,135.883174603,0.920719,0.146924,0.104065,1.38434,0.0791864,0,0,0,0.0287746,0.568496,0.990398,0.22848,0.496876,0.0417925,0.0878812,2.13246,0.181534,0.451126,0.0123842,0.677613,1.01693,0.67357,1.22135,0.114842
,135.929614512,0.661973,0,0.351219,0.646554,0.226029,0,1.00499,0.167118,0.0382341,0.000229245,1.14316,0.00120191,0.602764,0,0.795964,1.55437,0.381418,0,0.416799,1.2181,0.703811,0.318782,1.89068,0.047953
,135.976054421,0.589698,0,0.661692,0.485491,0,0,0.494215,1.45426,0.171637,0,1.19755,0.000374813,0.68288,0,1.22176,0.866144,0.0356253,0,0.205907,1.6527,0.699298,0.125478,2.30753,0.0149541
,136.022494331,0.398221,0.591679,0.908767,0.937757,0.392897,0.0857524,0,0.885171,0.674544,0,0.951973,0,0.976747,0.571034,1.13209,0.468115,0.136038,0.0339853,0,1.62373,0.767083,0.0906193,2.13925,0.0751079
,136.068934240,0.520706,1.04962,0.56936,0.45774,0.409174,0.0810362,0,0.381834,0.801085,0.259658,0.807056,0,1.32283,0.811784,0.66292,0.358226,0.141674,0.062049,0.000193749,1.22142,1.26882,0.0836934,0.898657,0.313111
,136.115374149,0.749699,0.943162,0.961165,0.524053,0.512703,0,0,0.152891,1.38988,0.0547098,0.839834,0.0764555,1.52785,1.13258,0.447531,0.580183,0.182407,0.0606038,0.000216166,0.537645,1.87576,0.0942193,0.20968,0.437899
,136.161814058,0.766022,0.671543,1.11409,0.738872,0.368209,0,0,0,1.62848,0.093006,0.526127,0.44963,1.04723,0.841718,0.697658,0.700471,0.164479,0.00969034,0.00881228,0.0011168,3.05384,0.0833621,0.232172,0.568284
,136.208253968,0.861211,0.482373,0.755534,0.848572,0.0964132,0.00553746,0,0.0522374,1.46624,0.0808378,0.148983,0.588163,0.257844,0.173961,0.855836,1.48526,0.192157,0.0011589,0,0.617834,3.26749,0.0215601,0.362119,0.425218
,136.254693877,0.612777,1.02263,0.156415,0.688627,0,0,0,0.0492466,1.24447,0,0.0458292,1.00701,0.34134,0.627402,0.19258,1.99763,0.025452,0,0.00426757,0.787413,2.66415,0.00336795,0.384115,0.319026
,136.301133786,0.178691,0.759694,0.0859476,0.530676,0,0.0724659,0,0.102671,1.87333,0.145756,0.0338,0.882237,0.559892,0.531547,0.0962711,2.00797,0,0.0271156,0.0285912,0.96063,2.44004,0.0377732,0.448133,0.255041
,136.347573696,0.584613,0.246816,0.470095,0,0.180914,0.110785,0.00520272,0.192653,2.45933,0,0,0.138394,0.919567,0.296873,0.536585,1.8099,0.112636,0.041454,0.0383686,0.928132,2.57204,0.00252796,0.502643,0.101087
,136.394013605,0.271859,0,0.751438,0,0.157711,0.063387,0.11595,0.132939,2.2037,0,0,0.0841794,1.13087,0.513446,0.841696,1.43421,0.331723,0.0237184,0.0917015,0.802342,2.8235,0.00337842,0.635191,0.0591758
,136.440453514,0.139811,0.222617,0.145836,0.170091,0.20175,0,0,0.0780352,1.97689,0,0,0.0229018,1.82459,0.825251,0.796635,1.38054,0.41836,0.0280426,0.0420726,0.40469,3.1032,0.20097,0.247701,0.0160994
,136.486893424,0.0031933,0.365377,0.187821,0.245356,0.224641,0,0,0.181372,2.02492,0,0,0,1.45061,1.02786,0.938045,0.93371,0.576619,1.22704,0,0.112889,2.80405,0.201689,0,0.310396
,136.533333333,0.0865083,0.630135,0,0.196781,0.262098,0,0,0.248877,2.05988,0,0,0,1.23185,0.611305,0.960663,0.957578,0.658959,1.36529,0,0.144544,2.57442,0.0736393,0.129657,0.42788
,136.579773242,0.032916,0.581607,0.163616,0.193169,0.246081,0,0,0.253249,2.3269,0,0,0,1.15387,0.54933,0.824761,1.08393,0.586587,1.15339,0.214091,0.146795,2.4166,0,0.311523,0.354818
,136.626213151,0.126687,0,0.130323,0.426849,0.138676,0,0,0.167722,2.70603,0.0216057,0,0,1.01483,0,0.225221,1.39805,0.591085,0.764161,0.381542,0.111281,2.56291,0.193988,0.279572,0.247116
,136.672653061,0.672034,0,0.0794222,0.326383,0.23787,0,0.22303,0,2.85769,0.0450058,0,0,0.996538,0,0.193892,0.937981,1.3217,0.00273528,0.545622,0.187872,2.39577,0.404087,0.467989,0
,136.719092970,0.895981,0,0.0390528,0.382457,0.335244,0,0.277631,0,2.98488,0.0446307,0,0,1.15373,0.0310797,0.168325,0.517658,1.70319,0,0.548924,0.44727,2.34608,0.403795,0.582334,0
,136.765532879,0.988231,0,0.0336472,0.507591,0.373387,0,0,0,2.89023,0.0350887,0,0,1.56468,0.153082,0.164529,0.687027,1.9922,0,0.227002,0.4193,2.52821,0.315045,0.677526,0
,136.811972789,0.988715,0,0,0.544062,0.316139,0,0,0,2.81627,0.0463175,0,0,1.62904,0.0877904,0.0208397,0.736391,1.97103,0,0.0202541,0.337716,2.84274,0.415864,0.430795,0.0753519
,136.858412698,0.946308,0.151264,0,0.451919,0.235186,0,0,0,2.74253,0.0661972,0,0,1.35583,0.238069,0.0343629,0.747459,1.7743,0,0.0230844,0.148419,2.63965,0.594355,0.455014,0.196213
,136.904852607,0.797593,0,0.107029,0.228295,0.275506,0,0,0,2.69854,0.0544443,0,0,1.17417,0.0733011,0.160063,0.820194,1.77017,0,0.0259871,0.139606,2.71818,0.488831,0.563057,0.0836749
,136.951292517,0.502592,0,0.0643877,0.405,0.476733,0,0,0.0390797,2.66366,0.0312328,0,0,0.824252,0.0469552,0.669899,1.0403,1.85416,0,0.0226124,0.215592,2.96265,0.280425,0.814449,0
,136.997732426,0.299571,0.367624,0.275019,0.891972,0.569281,0,0.0465542,0.069602,2.30541,0,0,0,0.655699,0.109038,1.2844,1.22738,1.87308,0,0.140135,0.388669,3.18561,0,0.916227,0
,137.044172335,0.156807,0,0.410673,1.04092,0.551261,0,0.0937727,0.0921399,2.22755,0,0,0,0.603442,0.0111284,1.62941,1.13878,2.39253,0,0.266942,0.291395,3.16009,0,0.692757,0.289717
,137.090612244,0.258052,0.0704234,0,0.5257,0.439364,0,0.0937748,0.146128,2.25168,0,0,0,0.607983,0.111145,1.19254,0.711538,3.012,0,0.261925,0.130636,2.68837,0,0.327892,0.740835
,137.137052154,0.354022,0.211388,0,0.4649,0.359222,0,0.121589,0.109257,1.92081,0.022216,0,0,0.703758,0.267563,0.859315,0.629245,2.8269,0,0.339613,0.102048,2.28371,0.199468,0.274156,0.649341
,137.183492063,0.396942,0,0.36983,0.751588,0.444743,0,0.266676,0.0708712,1.84139,0.10594,0,0,0.747856,0.106929,0.797301,0.730726,2.3187,0,0.744857,0.0914684,2.21557,0.392366,0.406639,0.52339
,137.229931972,0.964529,0.043019,0.212066,0.729548,0,0,0.278896,0.0692417,1.38581,0.303547,0.204616,0.174979,0.648697,0.581429,0.491919,0.987448,1.76353,0,1.18703,0.0540972,1.92184,0.303886,1.06767,0.244917
,137.276371882,0.708618,0.367934,0.184391,0.800831,0,0,0.2041,0.630284,0.765794,0.0141733,0.3882,0.438231,0.306779,0.92456,0.06449,1.08393,1.33999,0,1.72595,0.313661,1.3235,0.00333676,2.19949,0.112322
,137.322811791,0.599952,0.387077,0.347501,0.971671,0,0,0.11378,0.987012,0.488326,0,0.354748,0.620032,0.305219,0.858762,0.104944,1.31713,0.0623354,0.136566,1.61851,0.470635,0.788657,0.0232245,2.21578,0.413853
,137.369251700,0.612704,0.291144,0.521779,1.38525,0,0.103795,0.0397872,0.983416,0.572599,0,0.392829,0.54461,0.54832,0.779168,0.157575,1.25332,0.0678159,0.0388387,1.02848,0.620819,0.571798,0.240724,1.8557,0.395086
,137.415691609,0.716452,0.174314,0.537658,1.95808,0.0328063,0,0,0.367308,0.785126,0,0.547451,0.18859,0.965772,0.724747,0.16237,1.49115,0.0548723,0,0.0691456,0.692864,0.992942,0.299286,1.29446,0.248159
,137.462131519,0.502881,0,0.0519369,2.43009,0.0274945,0,0,0.226939,1.06817,0.0624274,0.490974,0.0597011,0.904098,0.653133,0.0156847,2.15849,0.00951978,0,0.146108,0.875214,1.22842,0.2299,1.37054,0.202571
,137.508571428,0.384195,0,0,2.19482,0.277314,0,0.0861069,0.128211,1.23452,0,0.114492,0,0.522305,0.632978,0.116149,2.40529,0.0960182,0.483467,0.257175,0.725357,1.21551,0,1.95591,0.0651654
,137.555011337,0.271938,0,0,1.95873,0.507292,0,0.19474,0.0767696,1.02792,0,0.137054,0,0.220062,0.15958,0.369309,2.25207,0.180137,0.743108,0.566265,0.925798,0.807851,0,2.51402,0
,137.601451247,0.244948,0,0,2.20949,0.256594,0,0.192987,0.0719756,0.973163,0,0.130251,0,0.204184,0.0423642,0.483616,1.94243,0.221287,0.964773,0.561687,0.988374,0.784066,0,2.53666,0
,137.647891156,0.23749,0,0,2.36489,0.154108,0,0.151597,0.157955,1.09754,0.00115614,0.116394,0,0.346366,0,0.766475,1.82055,0.152689,0.490983,0.470073,1.14274,0.801074,0.000635108,2.43257,0
,137.694331065,0.204521,0,0.0288886,2.76628,0.128928,0,0.057498,0.329877,1.09725,0,0.0656797,0,0.383403,0.226124,0.572238,1.99409,0.137715,0,0.674644,1.27351,0.751348,0.0746476,1.28913,0
,137.740770975,0.0161717,0,0.0372233,2.96236,0.0896623,0,0.00375063,0.386304,1.13686,0.0702709,0.0535544,0,0.239323,0.718765,0.477096,1.9685,0.0310449,0,0.635786,1.4935,0.73034,0.176262,1.08656,0.0159951
,137.787210884,0.0839755,0,0,2.90132,0.0636228,0,0,0,1.42163,0.301322,0.0119358,0,0.212829,1.38857,0.965819,1.74724,0.022029,0,0.620425,0.726606,0.700784,1.19009,0.300712,0.231704
,137.833650793,0.30547,0.0720738,0.117777,2.47626,0.0681596,0,0,0,1.3145,0.379509,0,0,0.247197,1.70975,1.19425,1.39605,0.0235998,0,0.470083,0.73078,0.651985,1.47677,0.0252838,0.277807
,137.880090702,0.478655,0.113565,0.160215,2.48918,0.0472478,0,0,0,0.824715,0.366097,0,0,0.387344,1.31891,1.21534,1.51415,0.0163592,0,0.413845,0.530879,0.717805,1.56527,0.283434,0.22145
,137.926530612,0.579281,0.0545914,0.161524,2.56361,0.0469957,0,0,0.156096,0.13284,0.110882,0,0,0.468774,0.630937,1.10677,1.91176,0.0162719,0,0.439814,0.288761,0.780637,1.63801,0.555522,0.133542
,137.972970521,0.630138,0,0.162959,2.52946,0.100803,0,0,0.179336,0.114032,0.38396,0,0,0.509929,0.278832,0.847693,2.44236,0.0349023,0,0.345567,0.161049,0.68242,1.73208,0.700026,0
,138.019410430,0.535388,0.00751335,0.140545,2.38863,0.205309,0,0,0,0.0794745,0.46757,0,0,0.433254,0.360823,0.589228,3.36943,0.0779637,0,0.257387,0.514255,0.695825,1.33032,1.50801,0
,138.065850340,0.0954017,0.0458335,0.114446,2.40232,0.209175,0,0,0,0.0671618,0.996003,0,0,0.167654,0.193609,0.21505,3.72429,0.102476,0.0408284,0.228666,0.50947,0.935525,0.934854,1.90417,0
,138.112290249,0.0772342,0.0279075,0.141597,2.4231,0.249664,0,0,0,0.088863,0.696954,0,0,0.188807,0.148226,0.0427617,3.74886,0.230218,0,0.385952,0.0493023,0.996812,0.7735,1.89205,8.96694e-05
,138.158730158,0.20939,0.0115313,0.106529,2.30791,0.26605,0,0,0,0.0983184,0.0513143,0.547094,0.248858,0.230003,0.122549,0.0358814,3.67375,0.402388,0.0997066,0.347034,0,0.805373,0.488075,2.09363,0.126022
,138.205170068,0.536788,0.0429309,0.061139,2.26844,0.220389,0,0,0.00617821,0.0116437,0.0637836,0.446532,0.390316,0.404682,0.130596,0.0343251,3.64054,0.480288,0.212147,0.175761,0.0237312,0.295732,0.12832,2.37729,0.257769
,138.251609977,0.738977,0.0424333,0.153275,2.23005,0.0999187,0,0,0.0933289,0,0.0125097,0.383415,0.44026,0.525513,0.144207,0.0981591,3.47862,0.34401,0.229757,0.142015,0.235985,0.311279,0.126972,2.48863,0.36709
,138.298049886,0.733263,0,0.637899,1.96923,0.11709,0.069317,0,0.00373628,0.0055613,0.0054137,0.0672085,0,0.597062,0.270483,0.487267,3.39476,0.266075,0.430155,0.270421,0.513928,0.289935,0.0632876,2.5967,0.218677
,138.344489795,0.476135,0.30208,0.515365,1.63802,0.158022,0.0557985,0,0,0.0990583,0.495028,0.139414,0,0.367314,0.606096,0.630517,3.12504,0.0890373,0.338935,0.383543,0.80453,0.113842,0.290045,2.73902,0.0217281
,138.390929705,0.163804,0.754556,0.658236,0.421853,0.765126,0.129999,0,0,0,0.0880616,1.18779,0,0.0441185,0.611895,0.405138,2.73799,0.287162,0.332763,0.742838,0.984113,0.169453,0.108595,2.61865,0
,138.437369614,0.248184,0.731658,0.514061,0,0.62241,0.509298,0,0,0,0,1.24492,0.155623,0.0668449,0.378763,0.643398,2.39525,0.256642,0.995768,0.694751,0.916807,0.280265,0.0282086,2.77237,0.0398872
,138.483809523,0.0335563,0.752112,0.46119,0,0.417253,0.891436,0,0.145698,0,0.0416328,1.25675,0.470105,0.00903794,0.293031,1.23195,1.3049,0.247325,2.04283,0.116295,0.731333,0.162593,0.0539215,3.31701,0.120491
,138.530249433,0,0.637682,0.337512,0,0,1.17321,0,0.410006,0,0.11516,1.17933,0.564409,0,0.181388,1.83846,0.409212,0.100726,2.59001,0,0.62985,0.0197072,0.0310991,3.73745,0.208547
,138.576689342,0,0.523046,0.0140878,0.829254,0,0.927483,0.0323393,0.347274,0,0.301121,1.11078,0.632932,0.477349,0.244119,1.68665,0.298343,0.0416068,2.82987,0.00692695,0.345695,0.00308437,0.238427,3.42621,0.354402
,138.623129251,0,0.276509,0,0.696734,0,0.750747,0.112465,0.672921,0,0.945873,1.09431,0.169434,0.818189,0.294822,1.21629,0.3113,0,2.88425,0.0240895,0.396802,0.00419491,0.661017,3.07816,0.0774116
,138.669569160,0,0,0.0470281,0,0,0.649712,0.226119,0.560688,0,0.547995,1.40858,0.300895,0.952009,0.0136241,1.3039,0.146136,0,2.71628,0.0920584,0.274068,0.00274917,0.463845,3.21763,0.0771216
,138.716009070,0,0,0.510722,0,0,0.673078,0.193345,0.336879,0,0.0742412,1.9984,0.438995,0.683182,0,1.78841,0,0,2.54407,0.0787154,0.159016,0.0372255,0.26129,3.50065,0.128419
,138.762448979,0,0,0.345277,0.0326979,0.0368466,0.551608,0.211215,0.350801,0,0.0387177,2.14934,0.443413,0.40052,0,1.98209,0.0442568,0.0616301,2.48434,0.296244,0.15653,0.0282509,0.236157,3.56458,0.134282
,138.808888888,0,0,0.0339414,0.136902,0.0604716,0.373758,0.13074,0.428325,0,0.0523612,2.08444,0.30458,0.179318,0,2.13603,0.185298,0.101146,2.5665,0.365173,0.191122,0,0.226008,3.51423,0.0948323
,138.855328798,0,0,0.0602557,0.173166,0.113169,0.248126,0.311818,0.306821,0.000189109,0.0787616,2.11399,0.216572,0.341601,0,2.2999,0.194064,0.0812296,2.73947,0.126949,0.136906,0.106778,0.123225,3.33042,0.0555244
,138.901768707,0,0,0.109714,0.174469,0.0926567,0.32386,0.216648,0.174046,0.0322327,0.108151,2.22742,0.172675,0.228841,0.00164745,2.32274,0.189731,0.0320818,2.65785,0.0882026,0.222161,0.577258,0.0437665,3.06057,0.0443011
,138.948208616,0,0,0.361787,0.296798,0.12543,0.255725,0.0179597,0.0377837,0.0794112,0.18073,1.99963,0.226726,0,0.12705,2.33202,0.280506,0.0449478,2.52022,0.00731184,0.175869,0.687845,0.807742,2.56138,0.067509
,138.994648526,0,0,0.364267,0.604812,0.219829,0.282274,0,0,0.0534015,0.186565,1.65391,0.224093,0,0.166216,2.25117,0.732405,0.0867878,2.60903,0,0.236615,0.436469,1.05337,1.85802,0.0737148
,139.041088435,0,0,0.345481,0.848057,0.279925,0,0,0,0.0570134,0.202645,1.56764,0.202957,0.132639,0.171076,2.28771,1.05741,0.115418,2.63,0,0.386617,0.159594,1.10768,1.48775,0.0622699
,139.087528344,0.00100254,0,0.326413,0.9468,0.181955,0,0,0.04352,0.48133,0.244518,1.57537,0.171682,0.55418,0.0771836,2.1892,1.24638,0.082415,2.6657,0,0.239829,0.352599,1.1361,1.37987,0.0723418
,139.133968253,0.00211725,0,0,0.885307,0.117875,0,0,0.0887285,0.691036,0.247456,1.60894,0.19831,0.927306,0.0113135,1.89486,1.19827,0.0553353,2.69387,0,0.0721529,0.525618,1.18219,1.43896,0.233719
,139.180408163,0.00237402,0,0,0.815365,0.125903,0.0812162,0,0.108747,0.628661,0.199643,1.60026,0.256726,1.04934,0,1.3185,1.29774,0.0561497,2.57677,0,0.0592498,0.855839,1.01529,1.60024,0.229421
,139.226848072,0.00169348,0,0,0.756324,0.0762508,0.218665,0,0.295245,0.317608,0.167214,1.76894,0.285998,0.757354,0,1.33575,1.27666,0.042609,2.56284,0,0.130994,0.814112,0.721603,2.05678,0.117393
,139.273287981,0,0,0.209108,0.653734,0,0.264518,0,0.472507,0.0462614,0.157162,2.00107,0.164464,0.16256,0,1.88715,0.815752,0.0261732,2.7368,0,0.210836,0.517121,0.420112,2.67006,0.0912957
,139.319727891,0,0,0.293708,0.669844,0.0361291,0.267385,0,0.43669,0.0367527,0.0851423,2.15936,0.0522492,0.0523338,0,2.25926,0.671668,0.0898278,2.48552,0,0.194855,0.253563,0.0780639,3.38863,0.0451046
,139.366167800,0,0,0,0.825579,0.208295,0.479255,0,0.12632,0.0366051,0.0696047,2.14845,0.146185,0.0631467,0,2.33148,0.737378,0.353775,2.4553,0,0.0563652,0.248914,0.107186,3.54606,0.0696772
,139.412607709,0,0,0,0.928122,0.370749,0.726503,0,0,0,0.0616915,2.12854,0.304486,0.0986881,0,2.39343,0.690322,0.374529,2.4904,0,0,0.0277289,0.133198,3.44137,0.127743
,139.459047619,0,0,0,0.869491,0.292543,0.616973,0,0,0,0.0415267,2.17877,0.239581,0,0.0385462,2.29305,0.533977,0.10972,2.57827,0.00415181,0,0.154393,0.0388231,3.3896,0.105452
,139.505487528,0,0,0.0380309,0.309451,1.0124,0.323984,0.0451218,0,0,0,2.24824,0.207875,0,0.106778,1.85015,0.42694,0.350536,2.41515,0.0403336,0,0.164051,0,3.53028,0.0975304
,139.551927437,0,0,0.612385,0.272047,1.04374,0.326472,0.0896001,0,0,0,2.44257,0.150593,0,0.216285,1.37846,0.63166,0.406118,2.01075,0.216713,0.0419413,0.556971,0,3.25863,0.100182
,139.598367346,0.336187,0.314274,0.61242,0.376657,0.803108,0.467277,0.12686,0,0,0.319914,2.42294,0,0.0905474,0.357803,1.15226,0.783149,0.512399,1.63015,0.359995,0.158652,0.700218,0.0753159,2.86372,0.0492195
,139.644807256,0.427985,0.373814,0.317715,0.605331,0.535543,0.534062,0.0938674,0,0,0.423111,2.38165,0.00706251,0.115272,0.392212,1.44778,0.670315,0.437142,1.84667,0.282605,0.123663,0.695543,0.0996111,2.64288,0.0124678
,139.691247165,0.592622,0.395574,0.134859,0.912203,0.286121,0.569075,0.0263476,0,0,0.362364,2.33033,0.0292704,0.199226,0.400133,1.6923,0.53229,0.375541,2.29035,0.0912597,0.0361659,0.689466,0.0853096,2.71308,0.0075022
,139.737687074,0.462449,0.0799077,0.006269,0.811509,0.182399,0.957159,0.00506121,0.0273855,0,0,2.19103,0.376903,0.317056,0.115802,2.02811,0.26164,0.214424,2.46234,0.00108409,0.011938,0.624579,0.000332044,2.85421,0.118422
,139.784126984,0.0427973,0.00148883,0,0.119534,0.102419,1.05599,0.0127401,0.0237396,0.00718018,0.0407699,2.1716,0.340297,0.101571,0.0412734,2.1293,0.038539,0.157685,2.09624,0.00272887,0.0596522,0.640296,0.0223964,3.1744,0.115215
,139.830566893,0,0,0,0,0,1.1233,0.0422953,0,0.0545513,0.28943,1.90196,0.0110593,0,0.00639373,2.01883,0.0262869,0.299753,2.0509,0.00905949,0.071474,0.626602,0.125608,3.29277,0.0230438
,139.877006802,0,0,0.352795,0.266639,0.196446,1.36765,0.218534,0,0.144696,0.743762,1.13031,0.292154,0.270133,0.00245257,1.87989,0.203479,0.523628,2.18493,0.265674,0.000169055,0.535723,0.175595,3.09582,0.174239
,139.923446712,0,0,0.163842,0.615016,0.281902,1.01523,0.198777,0.0845931,0.496458,0.529417,0.63784,0.817163,0.613196,0.00194762,1.77001,0.198288,0.626591,2.27625,0.27513,0.0186208,0.59409,0.29201,3.01146,0.337412
,139.969886621,0,0,0.0807451,0.885914,0.341416,1.11356,0.129225,0.191495,0.398457,0,1.78137,0.763408,0.79608,0,1.69912,0.285629,0.688829,2.21427,0.282113,0.0421522,0.658657,0,3.08836,0.352517
,140.016326530,0,0.0539065,0,0.7579,0.396864,0.807861,0.0521652,0.206711,0.447759,0,1.75859,0.663656,0.607504,0.026758,1.92168,0.278642,0.526661,2.16636,0.178756,0.0455016,0.709295,0,3.05293,0.301078
,140.062766439,0,0.727834,0.210324,0.443507,0.508522,0.605808,0.0294249,0.0737724,0.041475,0.545539,1.51427,0.496658,0.203947,0.282284,2.063,0.633444,0.202639,2.21537,0.126607,0.0329179,0.657011,0.128434,2.60798,0.192434
,140.109206349,0,1.507,0.445653,0.436134,0.660657,0.476329,0.0605968,0.191507,0,0.0460592,1.3808,0.406436,0.22232,0.831783,2.03601,0.701017,0.228748,1.41545,0.829543,0.285253,0.474063,0.413545,2.26969,0.136672
,140.155646258,0.0624837,1.57508,0.3901,0.507293,0.542704,0.613617,0.0626973,0.179541,0.0155762,0.0717689,0.652214,0,0.351729,0.906445,2.37619,0.539795,0.189647,0.922016,1.88377,0.569471,0.468838,0.644541,1.20047,0.0243482
,140.202086167,0.164308,1.60188,0.538289,0.296447,0.336846,0.620252,0,0.29842,0.0500563,0.0926777,0.245267,0,0.348401,0.805977,2.70389,0.22049,0.436671,0.669763,2.17271,0.69153,0.583159,0.833026,0.382207,0.02152
,140.248526077,0.305989,1.09098,1.71186,0.2224,0.275043,0.492041,0,0.501579,0.112685,0.0426915,0.170861,0,0.337507,0.646125,2.89216,0.134672,0.460041,0.638548,2.07928,0.817179,0.880382,0.656873,0.374509,0.0315042
,140.294965986,0.162928,0.502786,2.63409,0.144313,0.163146,0.40589,0,0.589588,0.171027,0.00858307,0.465254,0,0.283251,0.418109,3.11786,0.0949854,0.349715,0.616706,1.81416,0.727209,1.21922,0.260925,0.775684,0.038416
,140.341405895,0,0.439264,2.8096,0,0.0511914,0.455165,0,0.299711,0.163488,0,0.925291,0,0.229611,0.434063,3.12342,0.0365217,0.474759,0.587101,1.48679,0.35544,1.20911,0,1.11582,0.00199106
,140.387845804,0,0.655049,2.74239,0,0,0.532743,0,0,0.0958964,0,0.86007,0.127078,0.280023,0.738566,2.9611,0,0.609038,0.768134,0.975602,0.00271321,0.925809,0,1.33459,0.0325711
,140.434285714,0.131441,0.880207,1.96318,0,0.0833102,0.340192,0,0,0.0498979,0.308813,0.925525,0.0570268,0.347642,0.883936,2.51009,0,0.6899,1.11519,0.718444,0.000478805,0.641015,0.332892,1.41296,0.0146164
,140.480725623,0.198622,0.940576,0.499639,0.28721,0.236076,0.319018,0,0.138439,0.0160358,0.27293,1.0878,0.41342,0.208339,0.585489,2.174,0.38874,0.448802,1.78193,0.598731,0.0659043,0.537557,0.794517,1.67774,0.105963
,140.527165532,0.354364,0.108536,0.415507,0.723605,0.114922,0,0,0.0938428,0.00367996,0.0982208,1.00264,0.676982,0.166486,0.158036,2.51079,0.314207,0.1692,2.37926,0,0.0468118,0.268543,0.828339,2.25347,0.173515
,140.573605442,0.472719,0.0404233,0.280329,0.863815,0.0708892,0.058435,0.358869,0.265107,0,0.29382,1.35793,0.643348,0.33933,0.360348,2.14412,0.393792,0.473201,0.506151,0.159632,0.590324,0,1.72067,0.82008,0.164895
,140.620045351,0.462327,0.150058,0.60211,0.58579,0.01531,0,0.467454,1.41391,0,0.0581091,1.32504,0.593352,0.374131,0.466214,1.60584,0.330886,0.490385,0.0453271,0.216308,1.22301,0,1.25436,1.25459,0.15208
,140.666485260,0.38645,0.0325803,1.02028,0.024841,0.630946,0,0.57813,1.5912,0.267105,0,0.567152,0,0.312849,0.415317,1.34876,0.170543,0.569803,0.0132215,0.266155,1.66522,0.131668,0.951127,1.55015,0
,140.712925170,0.091846,0.4001,1.79204,0.680448,0.79812,0,0.101219,0.395249,0.703743,0,0.321678,0,0.088091,0.612892,1.16566,1.0913,0.276344,0.000971065,0.0735252,1.6664,0.346905,1.14975,1.23234,0
,140.759365079,0,0.220687,1.55733,0.7316,0.68239,0,0.107992,0.311754,0.772625,0,0.640892,0,0.204312,0.551489,0.867443,1.90226,0.236273,0.0136832,0.0668988,1.38143,0.67072,1.03505,0.937677,0
,140.805804988,0,0.146242,1.40013,0.924726,0.514955,0,0,0.184791,0.885516,0,0.686713,0.0931792,0.442171,0.500157,0.677955,2.24683,0.1783,0.0185607,0.127665,0.664415,2.50662,0.419698,0.633748,0.0238825
,140.852244897,0.276284,0.0653465,0.986032,1.34415,0.0802128,0.0106372,0.0366918,0.0972666,0.551742,0.257532,0.421484,0.382007,0.721383,0.828209,0.550945,2.06624,0.0808345,0.0152494,0.0395077,0.157591,3.3697,0.0628879,0.103298,0.0979111
,140.898684807,0.633373,0.438343,0.601547,1.15602,0,0,0,0.237486,0.683497,0.463632,0,0.529964,0.923804,1.31425,0.560673,1.27236,0.684812,0,0,0.69139,2.67489,0.111293,0.0935752,0.165662
,140.945124716,0.554448,0.864185,0.165818,0.847171,0,0.0591985,0.114214,0.710565,0.853097,0.363511,0,0.700153,1.19074,0.78952,0.160825,0.781904,0.882774,0.0435582,0.0278246,1.44887,1.94331,0.0881069,0.192214,0.24543
,140.991564625,0.436263,0.556474,0.11092,0.409261,0,0.0500217,0,0.932151,1.10637,0,0,0.893342,1.0968,0.484994,0.124243,0.430709,0.88901,0.106269,0.0417216,1.74829,2.06611,0.00398157,0.43216,0.260707
,141.038004535,0.314857,0.23886,0.577567,0,0,0,0.130556,0.768307,1.59423,0,0,0.379166,0.938685,0.401408,0.646941,0.141058,0.618747,0,0.103852,1.42439,2.73822,0.00432774,0.498262,0.315104
,141.084444444,0.00469444,0.160691,0.635479,0.0655709,0.144877,0.110985,0,0.192234,2.07268,0,0,0.405673,1.24164,0.53626,0.933032,0.183044,0.273345,0.0415289,0.0498334,0.749829,3.14627,0.00152474,0.425979,0.341643
,141.130884353,0.00565769,0.0685289,0.0407587,0.359176,0.226652,0.17222,0,0,2.18793,0,0,0.159574,1.67789,0.298052,0.782326,0.602855,0.453604,0.0644421,0.069484,0.33943,3.38493,0,0.240098,0.131763
,141.177324263,0.212727,0.214543,0,0.299494,0.238338,0,0,0.325552,1.99703,0,0,0,1.14809,0.259146,0.251453,0.568302,1.67454,0,0.00514275,0.198331,3.46573,0,0.287818,0.0292792
,141.223764172,0.391709,0.345175,0,0.364158,0.219905,0,0,0.541459,1.96447,0,0,0,1.20061,0.326019,0.0836949,0.544742,2.03606,0.0194087,0,0.259715,2.92545,0,0.748833,0
,141.270204081,0.323074,0.267458,0,0.425027,0.0936932,0.0638004,0,0.642624,2.0446,0,0,0,1.20218,0.252615,0.0431569,0.734019,1.78994,0.179043,0,0.301244,2.63686,0,0.840208,0
,141.316643990,0.582835,0.119186,0,0.496001,0,0.122372,0.301894,0.49474,2.03069,0.0639495,0,0,0.90696,0.112571,0.0308759,1.16158,1.22262,0.350362,0.122908,0.237796,2.51142,0.574173,0.757867,0
,141.363083900,0.836936,0.0477201,0.0296521,0.421135,0.0868559,0.0441418,0.749983,0.134154,2.08097,0.10456,0,0,1.21382,0.236542,0.617411,1.22224,0.650863,0.252962,0.305336,0.0804272,2.49451,0.939184,0.746038,0
,141.409523809,0.822552,0,0,0.517586,0.184191,0.677783,0.17376,0,2.0194,0.118701,0,0,1.49525,0.275073,0.438791,2.31413,0.30808,0.314966,0.070742,0.0267316,2.52789,1.06749,0.51871,0
,141.455963718,0.897703,0,0,0.822979,0.239647,0,0.175088,0,2.02368,0.132491,0.00670062,0,1.70973,0.0302068,0.0462749,3.17754,0.402599,0,0.107748,0.379725,2.2567,1.19555,0.40631,2.68246e-05
,141.502403628,0.785411,0,0,0.995738,0.27656,0,0,0,2.25978,0.06237,0.0247918,0,1.71056,0,0.0633961,3.05113,0.462578,0.0742162,0.12418,0.346301,2.31423,0.652683,0.665742,0.000300612
,141.548843537,0.562296,0,0,1.08346,0.206615,0,0,0,2.21888,0,0.0671481,0,1.38975,0,0.0549847,2.88922,0.345587,0.0995067,0.1517,0.204833,2.58257,0.418859,1.3237,0.000477614
,141.595283446,0.246628,0,0.0359617,1.15972,0.135826,0,0,0,2.20586,0,0.0805642,0,0.984017,0,0.0859732,2.94762,0.227185,0.0986212,0.133153,0.062514,2.66998,0.33374,1.74966,0.000496307
,141.641723356,0.133871,0.00845388,0.596909,1.77724,0.235791,0.0211444,0,0,2.35568,0,0.051685,0,0.637484,0.0024047,0.180264,2.94812,0.389612,0.0887918,0.0836799,0.150851,2.91181,0.165696,1.90429,0.000263814
,141.688163265,0.651851,0,0,1.49794,0.359104,0,0,0,2.55041,0,0.234561,0.593902,0.807195,0,0,2.83409,0.355101,0.0257417,0.0690261,0.139806,3.63545,0.0308963,1.77719,0.152221
,141.734603174,1.00517,0.0909455,0.0405421,1.16522,0.532148,0.0224698,0.0909254,0,2.66143,0,0.00697427,0.0410362,0.674061,0.0258694,0.0458248,2.53721,0.844726,0.169378,0.253966,0,3.38527,0,0.60178,0.511237
,141.781043083,0.521276,0.23066,0.0208123,0.826877,0.184776,0,0.069365,0.0326983,2.8838,0.00416301,0,0.00187331,0.566803,0.217859,0.0544096,1.27298,1.20687,0.604108,0.246254,0.0145902,2.71567,0.0607727,0.206458,0.741115
,141.827482993,0.488387,0,0.220088,0.692516,0.100275,0,0.122611,0,2.87179,0,0,0.000326044,0.395219,0,0.266412,0.937325,1.32232,0.790342,0.359263,0,2.48245,0.0458816,0.323792,0.662346
,141.873922902,1.01749,0.451496,0.869655,0.255906,0.0757484,0,0.24282,0,2.5739,0,0.242261,0.304984,0.274046,0.296545,0.749176,0.61808,1.18581,0.798512,0.699553,0,2.13199,0.0611536,0.511134,0.579694
,141.920362811,0.955608,0.621195,0.434972,0.194279,0,0,0.276862,0,1.18633,0.45062,0.14406,0.302291,0.25738,0.235054,0.505718,1.7107,0.702949,0.600157,0.849656,0,1.69804,0.25415,1.42968,0.432445
,141.966802721,0.948473,0.787422,0.0305113,0.226633,0.46138,0.0564639,0.292704,0,0.212892,0.669321,0.238173,0.399957,0.255458,0.319929,0.105152,2.72122,0.15975,0.327784,0.866829,0.692519,1.70029,0.445489,2.53662,0.145785
,142.013242630,0.943491,0.903321,0,0.354071,0.888613,0.0869271,0.22497,0.0297868,0.0383362,0.59166,0.228006,0.447833,0.305523,0.469631,0.116792,2.04235,0.380047,0.274309,0.370978,0.730392,0.829756,0.351759,2.15927,0.87822
,142.059682539,0.927945,0.706735,0,0.623715,0.893152,0.0858753,0.210907,0.0391008,0,0.612506,0.266649,0.394925,0.336531,0.335955,0.0327386,0.528581,1.06581,0.59606,0.331064,0.21888,0.286521,0.336472,2.45749,0.7769
,142.106122448,0.72982,0.487826,0.00707214,0.815279,0.491079,0,0.0986873,0.193518,0,0.681717,0.481742,0.225774,0.196567,0.336656,0.00213576,0.540984,1.25294,0.543915,0.257785,0.0434716,0.444959,0.322724,2.64344,0.507066
,142.152562358,0.117581,0.14837,0.105641,1.54451,0.434639,0,0.0865205,0,0.718218,0.435606,0.668534,0.00997457,0.0316688,0.19901,0.325119,0.497967,1.44006,0.458843,0.311885,0.00285031,1.09003,0.208348,2.46657,0.212195
,142.199002267,0,0,0.115222,2.06271,0.586803,0,0.107398,0.0238981,0.990895,0,0.0671359,0,0,0.0356677,0.681682,1.01463,1.55188,0.138347,0.397858,0.140806,1.32797,0.00101095,2.06757,0
,142.245442176,0,0,0.0472501,2.38396,0.443399,0,0.116041,0.00780914,0.994202,0,0.0642549,0,0.000283912,0.00866713,0.751959,2.26155,0.565929,0,0.431923,0.277401,1.33149,0.0558111,1.65588,0.00295308
,142.291882086,0.000429021,0,0.0137006,2.5404,0.338796,0,0.131383,0.00411952,0.585142,0,0.0586225,0,0.0837488,0.0154625,0.377144,2.34267,0.117306,0.30047,0.457064,0.602119,1.2762,0.15617,1.65514,0
,142.338321995,0.000532065,0,0.0698457,2.39526,0.243475,0,0.108306,0,0.206026,0.361421,0.0724484,0,0.103864,0.0221947,0.0210931,2.16541,0.175934,1.40695,0.532804,0.579489,0.846102,0.376544,2.08563,0
,142.384761904,0.00149746,0,0.0882164,2.38253,0.181361,0,0.0972636,0,0.336638,0.546033,0.0782486,0,0.633318,0.0192938,0.026641,1.55684,0.0857907,1.91438,0.520893,0.0384548,0.70303,0.460927,1.99281,1.68634e-05
,142.431201814,0.000480726,0,0.140882,2.54409,0.0791771,0,0.124255,0,0.333592,0.673918,0.0682012,0,0.645187,0,0.0425459,2.00032,0.0330713,1.78448,0.534958,0.0296595,0.847088,0.399632,1.41913,3.45587e-05
,142.477641723,0.0197158,0,0.307757,2.37375,0.0545571,0,0.114716,0,0.358997,0.825011,0,0,0.512155,0.0455003,0.0929412,1.99423,0.0623337,1.82886,0.358038,0.0212695,1.31575,0.635552,0.730708,0.0133269
,142.524081632,0.44508,0.0256126,0.185007,2.22813,0.0720899,0,0,0,0.221363,0.629169,0,0.114796,0.80693,0.297064,0.0618923,1.7057,0.136575,1.40131,0,0.00938983,1.44884,0.654788,1.14126,0.117038
,142.570521541,0.657183,0.0563925,0.089321,2.05001,0.129134,0,0,0,0.220393,0.275601,0,0.0323379,0.665215,0.411939,0.0712121,1.79855,0.430379,0.600389,0.00230325,0.353019,1.57276,0.769233,1.61956,0.0525114
,142.616961451,0.666028,0.0178856,0.0824183,2.35229,0.127953,0,0,0.0495715,0.226917,0.0837235,0,0,0.538973,0.344853,0.462461,2.08383,0.645422,0.544974,0,0.964898,1.36307,0.753714,1.8257,0
,142.663401360,0.446607,0,0.117231,2.51666,0.0703272,0,0,0.111017,0.252191,0.141787,0,0,0.36141,0.351548,0.615709,2.67318,0.270447,0.945722,0,1.10637,1.57723,0.654802,1.60824,0.0575841
,142.709841269,0.104839,0,0.152718,2.70533,0.0691615,0,0,0.140717,0.334961,0.333824,0.00885462,0,0.0848393,0.286529,0.54385,3.26175,0.0416907,0.904646,0,1.07726,1.68482,0.414534,1.7405,0.0927825
,142.756281179,0.0396358,0,0,2.71536,0.0890014,0,0,0,0.39508,0.471361,0.029844,0,0.0320746,0.216017,0.402459,3.26724,0.100468,0.705673,0,0.922989,1.7138,0.328944,2.01282,0
,142.802721088,0.0954054,0,0,2.60347,0.0722721,0.00358481,0,0.155826,0.286552,0.0829439,0.0862816,0.466735,0.0772053,0.225468,0.172239,3.08966,0.04384,0.601013,0.000767887,0.886696,1.62187,0.179913,2.14725,0.11968
,142.849160997,0.349085,0,0,2.59499,0.0409267,0,0,0,0.115959,0.00946312,0.573534,0.289438,0.282491,0.217387,0.138832,3.32636,0.0429025,0.570684,0.00149508,0.696895,1.0427,0.0961507,2.18433,0.0742468
,142.895600907,0.46418,0,0.0595414,2.5946,0,0,0,0,0,0,0.103239,0.498274,0.295268,0.086207,0.152575,3.65113,0.0332514,0.387135,0,0.445772,0.705516,0.0350655,2.19889,0.127764
,142.942040816,0.351657,0,0.0740409,2.65647,0.0874632,0,0,0,0.0123194,0,0.0772401,0,0.259014,0.00264427,0.13906,3.96941,0.115203,0.292374,0,0.197997,0.522039,0.0465655,2.41922,0.0210303
,142.988480725,0.198469,0,0.00212388,2.68613,0.0616333,0,0,0,0.0805093,0.286876,0.207975,0,0.160607,0,0.122575,4.05586,0.0496849,0.451588,0.00503937,0.150827,0.573942,0.163986,2.63735,0.0336561
,143.034920634,0.0311302,0.0437014,0,2.62193,0,0,0,0.0235671,0,0.359517,1.11794,0,0.00838451,0.0124308,0,3.93694,0.0128194,0.96126,0.0116524,0.359239,0.851149,0.200415,2.82075,0.0107839
,143.081360544,0.0648047,0.119641,0.440923,2.04078,0,0,0,0.333727,0.371473,0,1.58159,0,0.0174543,0.0444381,0.56658,2.75819,0.0424134,1.72155,0.0157237,0.275946,0.971437,0.000264658,3.21503,0.000314214
,143.127800453,0.133528,0.231529,1.38646,1.32087,0,0,0.003907,0.197615,0.373496,0,1.67117,0,0.236319,0.0658584,0.978269,2.09697,0.0548456,1.83891,0.0164925,0.213958,0.89023,0,3.57317,0.000317367
,143.174240362,0.126874,0.368068,1.65285,0.99244,0,0,0.00358932,0.154966,0,0,1.90183,0,0.363329,0.104697,1.11359,1.684,0.0709402,1.91502,0.0127602,0.229711,0.770881,0,3.64501,0.000264594
,143.220680272,0.0276205,0.346138,1.45739,1.07441,0,0.249797,0,0.111742,0,0,2.17624,0.219028,0.278819,0.0984587,1.49454,1.10442,0.00674596,2.33858,0.00217197,0.162064,0.747189,0.04133,3.50203,0.0562932
,143.267120181,0,0.142864,0.23206,1.01011,0.016424,0.346509,0.0180318,0.168235,0,0.00757823,2.24739,0.122997,0.24033,0.0406375,1.47514,0.682579,0.0114962,2.69904,0.00386234,0.183285,0.697601,0.173856,3.18719,0.031616
,143.313560090,0,0,0.138267,0.213892,0.0855035,0.33614,0.0493468,0.566335,0.0801623,0.0446035,2.08081,0,0.414387,0,1.04762,0.530941,0.0516639,2.70606,0.0105699,0.260513,0.742477,0.277181,3.25561,7.58982e-05
,143.360000000,0,0,0.183163,0.161066,0.159525,0.0866279,0,0.956366,0.0696416,0.123225,1.78931,0.0966787,0.376627,0,0.497691,1.00485,0.0911387,2.44359,0,0.430313,0.952664,0.184408,3.49928,0.0247984
,143.406439909,0,0,0.37608,0.516994,0.074098,0,0.0220991,0.272656,0.20147,0.256766,1.34567,0.26624,0.0468285,0,0.595837,1.28676,0.0701483,2.38275,0.0617254,0.200701,1.20625,0.112649,3.32819,0.0682398
,143.452879818,0,0,0.00904039,1.03227,0.442936,0,0.0832271,0.0710681,0.230775,0.153896,2.23735,0.184351,0,0,0.473582,1.48283,0.504033,2.04882,0.232463,0.156721,1.14942,0.056935,3.56953,0.0472504
,143.499319727,0,0,0,1.14259,0.476728,0,0.168031,0.0654601,0.0343083,0.0967102,2.32478,0.205691,0.229228,0,0.767241,1.54655,0.558162,2.02375,0.210467,0.179817,0.872057,0.0673752,3.56445,0.0527204
,143.545759637,0,0,0,0.868403,0.463519,0,0.0740664,0.0880928,0,0.0727591,2.29962,0.180226,0.693118,0,0.898405,1.56126,0.516152,2.10706,0.0301542,0.220427,0.736185,0.14522,3.49286,0.0462747
,143.592199546,0,0,0,0.0947813,0.572898,0.337042,0.0788351,0.0938422,0.0636351,0.148762,2.16515,0.15836,0.694269,0.000376315,0.835233,1.1674,0.259479,2.2878,0.0320957,0.158167,1.06694,0.514344,3.0564,0.146024
,143.638639455,0,0,0,0.0334145,0.411955,0.815185,0.067157,0.0686477,0.126335,0.300358,1.63728,0.191808,0.591482,0.0240896,0.328858,1.38551,0.142637,2.26789,0.0273412,0.0626756,1.58562,0.797393,2.7099,0.152628
,143.685079365,0.0472134,0,0.216275,0.0304975,0.363373,0.999635,0,0,0.15449,0.150904,1.63503,0.227347,0.673575,0.150979,0.110133,1.49672,0.125815,2.21938,0,0.0343193,1.73731,0.690481,2.70533,0.110798
,143.731519274,0.300077,0,0,0.232673,0.373901,0.99435,0,0.0153147,0.146913,0.23053,1.61411,0.246037,0.88096,0.16358,0.0724098,1.58182,0.132405,2.35997,0,0.0415368,1.71226,0.778633,2.44268,0.120662
,143.777959183,0.230658,0,0,0.434137,0.269906,0.870955,0,0.189706,0.136252,0.296113,1.61087,0.245902,0.879885,0.128842,0.115069,1.72989,0.278966,2.41206,0,0.116457,1.31312,0.883123,2.37062,0.127683
,143.824399092,0.143183,0,0,0.576805,0.228411,0.705605,0,0.240665,0.0910385,0.317195,1.66528,0.227257,0.756891,0,0.353436,1.79644,0.22944,2.4493,0,0.129058,0.96262,1.01779,2.40103,0.120962
,143.870839002,0,0,0,0.74195,0.39338,0.649825,0,0.13422,0.0454397,0.215636,2.0025,0.206314,0.516619,0,0.526866,1.83132,0.136205,2.47076,0,0.0704001,0.839724,1.0278,2.34731,0.0924804
,143.917278911,0,0,0.021381,0.73975,0.322657,0.692663,0,0.0616419,0.115637,0.114647,2.19402,0.220507,0.390532,0.0279639,0.512019,1.63953,0.111718,2.10076,0,0.0282485,1.43407,0.555993,2.17685,0.248338
,143.963718820,0,0,0.16848,0.880518,0.390121,0.675038,0,0,0.166441,0.118529,2.25883,0.166579,0.485281,0.102284,0.643568,1.90381,0.437036,1.43316,0,0,1.92923,0.096352,2.00775,0.458393
,144.010158730,0,0,0.0808754,0.956984,0.564935,0.476516,0.0728991,0,0.164078,0.102262,2.38283,0.210754,0.594987,0.178446,0.859749,1.97813,0.583406,1.3024,0.203616,0,2.02727,0.0291944,2.11275,0.547829
,144.056598639,0,0,0,1.0025,0.714874,0.41582,0.13465,0,0.0697162,0.0770178,2.44795,0.309241,0.612728,0.233774,1.08002,1.92806,0.593442,1.47842,0.376094,0.00293043,1.69864,0.0199569,2.33621,0.482189
,144.103038548,0,0,0,1.0009,0.618181,0.36836,0.0896563,0,0.00254066,0.0675356,2.42899,0.364497,0.485195,0.294022,1.30026,1.71149,0.512248,1.6628,0.250421,0.00690264,1.24577,0.0158996,2.88778,0.3962
,144.149478458,0,0,0,0.896056,0.672617,0.121159,0,0,0,0.0620275,2.40135,0.274166,0.364936,0.375458,1.60059,1.57267,0.301417,1.71495,0,0,0.777634,0.0146028,3.1166,0.346365
,144.195918367,0,0,0.0553172,0.482541,1.01618,0.24016,0.490386,0,0,0,2.37577,0.375713,0.173706,0.151538,1.56902,1.40207,0.351844,1.66214,0.466323,0.000636357,0.737042,0,3.55272,0.151158
,144.242358276,0,0,0.457616,0.535271,0.898198,0.167407,0.483061,0.0292599,0,0,2.35349,0.502356,0.22656,0.0082223,1.18645,1.78354,0.313456,1.37512,1.04234,0.013056,0.995992,0,3.53816,0.128757
,144.288798185,0.687985,0.350912,0.581237,0.75215,0.637944,0.138811,0.326684,0,0,0.406317,2.29021,0.124132,0.502222,0.0998166,0.672254,2.39402,0.220884,1.04124,1.31338,0,1.09877,0.098232,3.27259,0.0318158
,144.335238095,0.532449,0.463914,0.274441,0.980671,0.172302,0.0375287,0.291441,0,0.0230646,0.353039,2.00082,0.031132,0.504737,0.13196,0.521355,2.66885,0.210327,1.02422,1.14839,0,1.03466,0.0894253,3.04089,0.00797934
,144.381678004,0.444296,0.530198,0.249645,1.2262,0.317371,0.0671521,0.229322,0.0275473,0.150228,0.344713,1.43808,0,0.435081,0.160529,0.896231,2.73498,0.324944,1.29976,0.614589,0.00606376,1.03279,0.081832,2.9363,0
,144.428117913,0.5885,0.586801,0.19194,1.41918,0.387734,0,0.136422,0.328405,0,0.315011,1.26557,0,0.694898,0.263453,1.0782,2.49613,0.46331,1.42913,0.071167,0.072289,0.882966,0.0820673,2.74615,3.1761e-05
,144.474557823,0.791026,0.805572,0.0418544,0.526617,0.0221291,0,0.141743,0.932332,0.510898,0.150754,0.591655,0.0945268,0.708734,0.7402,1.13494,1.65728,0.450033,1.65152,0.0384606,0.719494,0.880268,0.0451304,2.00163,0.380923
,144.520997732,0.639192,0.558462,0.347783,0.631339,0.0257456,0,0.124804,0.630052,1.28005,0,0.00371085,0.317217,0.706411,0.687237,0.668484,2.27996,0.0694862,1.42698,0.0354177,1.2891,1.63632,0.0086279,1.40639,0.31714
,144.567437641,0.627956,0.109813,0.454137,0.755772,0,0,0.0484328,0.255143,1.62656,0,0,0.42077,0.896878,0.262709,0.137147,2.62439,0.0477365,0.986536,0.0203533,0.983234,2.30941,0.0765254,1.24048,0.150817
,144.613877551,0.484084,0,0.262284,0.846545,0,0.399406,0.00645177,0.14816,1.88033,0,0.353851,0.291454,1.10711,0.141584,0.0792087,2.77083,0.0368174,0.854919,0.0106284,0.75641,2.62063,0.0963511,1.30617,0.0925161
,144.660317460,0.350695,0.175067,0,0.884171,0,0.435314,0,0.13503,2.01073,0.00321771,0.362792,0.0925658,1.46607,0.146055,0,2.90018,0.0243763,0.752594,0.00882351,0.500172,2.70494,0.0783217,1.24133,0.0237253
,144.706757369,0.0619908,0.309728,0,0.794067,0.0866453,0.348588,0,0.122624,2.06005,0.0253474,0.321973,0,1.63203,0.0905209,0.0963992,2.87832,0.0300003,0.655174,0.0515806,0.142166,2.69655,0.0174636,1.12902,0
,144.753197278,0.00724786,0.736628,0.0679898,0.755628,0.2582,0.293897,0,0.0931171,1.85046,0.0243387,0.101882,0,1.41485,0.235559,0.569648,2.67749,0.0894,0.622605,0.244476,0.25803,2.43546,0.00572995,0.89522,0.0522312
,144.799637188,0,0.641414,0.273601,0.649741,0.301749,0.269058,0,0.0787688,1.63572,0.219533,0.150028,0,0.441577,0.209709,0.380474,2.98184,0.104479,0.415286,0,0.0478176,2.53174,0.649452,0.919496,0.0701611
,144.846077097,0,0.635642,0.251499,0.34612,0.191268,0.437767,0,0.139137,1.27504,0.471169,0.685261,0,0.221954,0.216375,0.707672,2.4704,0.0666664,0.581809,0,0.06137,2.17259,0.756458,1.59575,0.0705233
,144.892517006,0,0.57479,0,0.40671,0.282213,0.555283,0.00608091,0.267377,0.373434,0.388914,1.34441,0.0718813,0,0.21921,0.670585,2.5013,0.109011,0.68998,0.00130251,0.128345,2.25318,0.937212,1.61825,0.0876716
,144.938956916,0,0.533052,0,0.236258,0.212609,1.00143,0,0.0093134,0.217761,0.379507,1.62701,0.155382,0,0.336721,0.881136,2.32569,0.0895353,0.823587,0,0.058171,2.22852,0.998562,1.66534,0.109463
,144.985396825,0,0.53148,0.321846,0.023408,0,1.49743,0,0,0.066201,0.364008,1.97671,0.0946985,0,0.277085,1.11379,2.04111,0.0165838,0.917065,0,0.0311105,2.10825,0.838876,1.74622,0.0900712
,145.031836734,0,0.537892,0,0.0240505,0,1.42494,0,0,0.0153714,0.440194,2.12963,0,0,0.165148,1.56456,1.66952,0.0170851,0.723153,0,0.0668584,1.3162,0.695273,2.19122,0.0622518
,145.078276643,0,0.598065,0.303939,0.113774,0.0543296,0.601104,0,0,0.0628149,0.71143,1.81558,0,0,0.20043,1.54955,1.98921,0.0436652,0.456719,0.208855,0.482507,0.989325,0.504714,2.93551,0.0151597
,145.124716553,0,0.528737,0.404221,0.399739,0.096127,0,0.187319,0.0160231,0.125191,1.06952,1.07073,0,0,0.185325,0.699622,2.88297,0.160783,0.00713762,0.580903,0.227643,1.13805,0.505833,2.68503,0
,145.171156462,0,0.399517,0.513564,0.518126,0.0371706,0,0.324026,0.0240431,0.151115,1.26149,0.661735,0,0,0.151421,0.166072,3.37884,0.0621721,0.158742,0.404869,0.0107282,1.45935,0.424049,2.43199,0
,145.217596371,0.399823,0.0793156,0.543538,0.36263,0.298853,0,0.525368,0.191455,0.264408,0.705367,0.654181,0,0.225974,0.0351286,0.164146,2.77665,0.614218,0,0.226379,0.0687928,1.025,0.83974,2.45067,0
,145.264036281,0.659005,0.126009,1.07499,0.304193,0.11054,0,0.107459,1.21278,0.186387,0.244178,0.420516,0.565119,0.533289,0.60191,0.909113,1.16476,0.649434,0.17054,0.0513886,0.588459,1.05175,0.808711,1.5181,0.24088
,145.310476190,0.718803,0.931994,1.5375,0.349434,0,0,0.0680026,1.7406,0.139174,0.0197836,0,0,0.581679,0.956172,1.32529,0.595697,0.405718,0.181515,0.0285113,1.31054,0.782302,0.563761,0.985069,0.124006
,145.356916099,0.788669,0.0856055,2.03412,0.185322,0.00341913,0,0,1.81426,0.476329,0,0.0695331,0,0.638217,0.751905,1.27881,0.203569,0.207299,0.233437,0.0513084,1.68615,1.29914,0.414266,0.382829,0.148321
,145.403356009,0.545466,0.635772,1.64526,0.268822,0.0434024,0,0,1.37668,1.01844,0,0.583116,0,2.0742,0.1832,0.579974,1.08102,0.0150278,0.251093,0.212964,1.34508,2.22107,0.491829,0.365349,0.0361943
,145.449795918,0.634402,0.952608,1.33065,0.0168189,0.0173332,0,0,1.07751,1.18378,0,0.339945,0,2.57345,0.270969,0.443537,1.46586,0.00600149,0.158753,0.272923,0.652533,2.88584,0,0.28716,0.000134795
,145.496235827,0.655712,0.844491,1.16864,0.327555,0,0,0,0.359233,1.62333,0,0.118782,0.166655,2.46885,0.240215,0.385264,1.37008,0,0.0409159,0.282523,0.10882,3.57645,0,0.199429,0.0677203
,145.542675736,0.811321,0.556919,1.23361,0.5383,0.0175659,0,0.0650128,0.0937957,1.69778,0,0.0913699,0.243442,2.37094,0.164713,0.903492,1.30493,0.029381,0.0322443,0.253436,0.0562942,3.77586,0,0.144492,0.0624793
,145.589115646,0.941353,0.625336,0.998028,0.509844,0,0,0.192104,0.448929,0.976073,0.256856,0,0.234559,2.39083,0.545453,1.10015,0.918972,0.251875,0,0.257208,0.224193,3.09976,0.0604705,0.121097,0.0601191
,145.635555555,0.863324,0.740498,0.162027,0.408884,0,0,0.0816629,1.02854,0.817385,0.454294,0,0.475701,2.18681,0.620349,0.83733,0.978926,0.788517,0,0.158501,0.622285,2.88937,0.106952,0.128369,0.121926
,145.681995464,0.232504,0.00470349,0.972957,0.261642,0.167822,0,0,0.638973,2.11177,0,0,0.0817509,1.90363,0.113566,0.671491,1.66551,0.792475,0,0.196293,0.681975,2.87408,0.0767915,0.0564785,0.0574686
,145.728435374,0.144638,0,0.632404,0.306697,0.374694,0,0,0,2.39826,0.11,0,0,2.14492,0.00751747,0.750928,1.92458,0.33836,0,0.21186,0.302271,3.12069,0.266008,0.0663432,0
,145.774875283,0.00346079,0.0233939,0.272527,0.706184,0.279665,0,0,0,2.52189,0.00168279,0,0,2.37919,0.0220956,0.378363,2.02886,0.253216,0,0.176871,0.201153,3.6046,0.212639,0.0861622,0
,145.821315192,0.00557641,0.0841559,0.00540164,0.795222,0.140439,0,0,0.0484129,2.62892,0,0,0,2.33866,0.0794855,0.00605046,1.97116,1.18918,0,0.0470207,0.481303,3.33225,0.132636,0.11237,0
,145.867755102,0.0218167,0.13935,0,0.775316,0.102036,0,0,0.0705511,2.67267,0,0,0,1.68667,0.131616,0,1.11894,2.60796,0,0.0640166,0.510599,3.04196,0,0.138024,0.191939
,145.914195011,0.0648793,0.365383,0,0.647501,0.0672392,0.0140409,0,0.131218,2.64308,0,0,0,1.20155,0.34791,0,0.929191,2.71684,0.00525388,0.0730799,0.64819,2.60073,0,0.0434272,0.291532
,145.960634920,0.226772,0.149028,0,0.61341,0,0.37478,0.232241,0.537064,2.45505,0,0,0,0.793555,0.140757,0,0.958631,2.34444,0.140237,0.190305,0.92228,2.58567,0,0.089417,0.232444
,146.007074829,0.79693,0.0313191,0.0521742,0.610709,0,0,0.664244,0.663744,1.71764,0.0386751,0,0,1.04168,0.029581,0.388219,1.13774,1.72635,0,0.415526,0.92957,2.61494,0.348256,0.286056,0.0780703
,146.053514739,1.03464,0.116944,0.0887794,0.471946,0.249895,0,0,0,2.01027,0.103407,0,0,1.29827,0.110454,0.729789,1.04212,0.854337,0,0.1181,0.627737,2.79363,0.399361,0.881416,0.034362
,146.099954648,0.953098,0.0873094,0.0936157,0.599201,0.291179,0,0,0,0.332464,0.0337225,0,0.0617828,1.64574,0.082464,0.610483,1.3373,0.551606,0.0286392,0.0126821,0.596682,2.64992,0.304855,0.971778,0.168526
,146.146394557,0.854398,0.0950952,0.0266854,0.654097,0.295015,0,0,0,0.379812,0.0393362,0,0,1.49345,0.128685,0.856716,1.5015,0.493447,0.0489109,0.0122736,0.671046,2.47201,0.358104,0.595388,0.0797045
,146.192834467,0.782474,0.10644,0,0.574434,0.265539,0,0,0,0.374637,0.034613,0,0,1.50776,0.292811,0.726404,2.20993,0.444145,0.0580424,0.00985375,0.588193,2.7035,0.315529,0.142623,0.0133753
,146.239274376,0.840667,0.0755984,0,0.716575,0.157179,0,0,0,0.398448,0.00759349,0,0,1.59623,0.297161,0.321719,2.63344,0.2629,0,0.00311732,0.524151,3.0834,0.0694845,0.104422,0.0087253
,146.285714285,0.356689,0,0.00327057,0.726117,0.185086,0,0,0.0241204,2.15254,0,0,0,1.39847,0.22305,0.0749919,2.59522,0.309577,0,0,0.493223,3.45463,0.00771589,0.304158,0.00562152
,146.332154195,0.0745409,0,0,0.807665,1.17829,0.37009,0,0,2.20478,0,0,0,1.42217,0.201736,0,2.77365,0.407974,0.138482,0.00684015,0.690184,3.28429,0.00721124,0.3889,0
,146.378594104,0.208171,0.00590965,0.591714,1.38141,0.829622,0.173222,0,0,2.28309,0,0,0,1.56106,0.214195,0.178695,2.82372,0.517472,0.0648169,0.0187246,0.789825,3.23995,0.00111674,0.4788,0
,146.425034013,0.378846,0,0,0.844356,1.14249,0.347582,0.10073,0,2.33621,0,0,0,1.70337,0.273061,0,2.82665,0.454135,0.15504,0.823551,0.922268,2.82031,0.0607614,0.427771,0
,146.471473922,0.388503,0.0631756,0,0.698162,0.295942,0,0.082812,0,2.21004,0,0,0,1.94295,0.331179,0.0389205,2.21792,0.494998,0.147705,1.39721,0.869096,2.62054,0.0793026,0.259596,0
,146.517913832,0.305542,0,0.180972,0.482865,0.0687669,0.0513082,0.175359,0,1.74642,0,0,0,1.91311,0.249946,0.256869,1.84259,0.115021,0.1548,1.74898,0.549359,2.82136,0.0758315,0.0685032,0
,146.564353741,0.492194,0.24945,1.31882,0.622614,0.772006,0,0.381528,0.0443739,1.13408,0,0.0485933,0,1.55998,0.303762,0.398277,2.01438,0.290853,0.228602,1.54327,0.51609,2.274,0.179719,1.0783,0
,146.610793650,0.0209155,0.250197,0.950811,1.5258,0.272262,0,0.450454,0.31985,0.498924,0,0.0846328,0,0.782931,0.239104,0.51722,2.87779,0.156025,0.337293,1.42296,0.692291,1.39447,0.211365,1.82278,0.000752835
,146.657233560,0.0683202,0,0.568351,2.17662,0.0235151,0,0.397634,0.737891,0.287101,0,0.0856324,0.0139843,0.241682,0.0696371,0.795067,3.18024,0.061064,0.717729,1.12945,1.19018,0.955764,0.147267,1.98918,0.00983057
,146.703673469,0.158192,0,0.078486,2.41363,0,0,0.158504,0.700268,0.202112,0.0147236,0.0747989,0.169128,0.0426068,0.0438424,0.935609,3.05568,0.00034589,0.773866,0.308344,2.34772,0.480018,0.0564589,2.16338,0.0433488
,146.750113378,0.17594,0,0.00184575,2.49826,0,0,0.0795363,0.300518,0.138987,0.0329909,0.0716711,0.14184,0.0473871,0.109724,0.789692,3.15183,0.00183173,0.342366,0.0921456,2.53373,0.391007,0.0077669,2.31193,0.0363545
,146.796553287,0.0935509,0,0,2.51894,0,0,0.0407688,0.289135,0.0711268,0.0638586,0.112348,0.0507912,0.276982,0.241826,0.660178,3.04045,0.00197144,0.124002,0.011087,2.52601,0.42473,0.0150339,2.47707,0.0130182
,146.842993197,0.00267803,0,0.166814,2.48845,0.0780372,0,0.0785096,0.6446,0.00123989,0,0.021063,0,0.641893,0.286375,0.621624,3.07718,0.0336859,0.228381,0.0618651,2.44394,0.339786,0,2.11958,0
,146.889433106,0.0050202,0,0.0755107,2.30668,0.0807896,0,0.0701099,0.662307,0.024591,0,0,0,0.979989,0.26813,0.347462,2.83064,0.0301961,0.492934,0.204702,2.21336,0.29525,0,1.94368,0
,146.935873015,0.201656,0,0,2.2197,0.0787223,0,0.0922617,0.545014,0.0443431,0,0,0,1.07861,0.171056,0.176917,2.13219,0.0559599,0.704297,0.302855,2.03734,0.274306,0,2.17434,0
,146.982312925,0.222886,0,0.0133478,2.17707,0.100027,0,0.0826187,0.261204,0.0860208,0,0,0,1.11734,0.0972367,0.335897,1.47425,0.0706933,0.745696,0.274424,1.9,0.322405,0,2.42999,0
,147.028752834,0.184862,0,0.0324298,2.19592,0.127775,0,0.0238237,0.145482,0.177925,0,0,0,1.20648,0.162737,0.636375,1.58992,0.0953955,0.587081,0.0954231,1.53644,0.705399,0,2.44252,0
,147.075192743,0.00659027,0,0.0532924,2.2963,0.11658,0,0,0.291351,0.224015,0.119079,0,0,1.28648,0.147866,0.684534,2.308,0.0898888,0.636289,0.0362487,1.63727,1.1046,0.113947,2.05023,0
,147.121632653,0.00661537,0,0.12523,2.40701,0.0931673,0,0,0.281715,0.609704,0.166463,0,0,1.29138,0.142598,0.64698,2.72613,0.0322586,0.935364,0.0133864,1.53405,1.17592,0.55661,1.53122,0
,147.168072562,0.000163006,0.334373,0.226934,2.06499,0.0943302,0,0,0.116266,0.68172,0.0778236,0,0,0.0711652,1.18864,0.71893,2.30688,0.0326612,0.946729,0,1.88545,0.841078,0.698743,1.48077,0
,147.214512471,0.226341,0.141624,0.246008,2.04169,0.0152109,0,0,0,0.429485,0.069396,0,0.00677202,0.225285,1.07959,0.741469,2.02257,0.00526665,1.01757,0,1.82765,0.979162,0.623075,1.58188,0.285401
,147.260952380,0.454381,0.125337,0.241479,2.07468,0,0,0,0.202268,0.177478,0.0648523,0,0.00595831,0.3677,1.06986,0.546089,1.72463,0,1.02517,0.000763789,1.77703,0.996798,0.582279,1.74751,0.237721
,147.307392290,0.481501,0.03011,0.25991,2.10611,0,0,0,0.176644,0.175714,0.0656699,0,0.00455396,0.389647,1.32086,0.320917,1.35141,0.00527084,1.09847,0.00448911,1.63982,0.986892,0.590328,1.77062,0.181691
,147.353832199,0.297208,0,0.229352,2.24339,0.0301205,0,0,0,0.116307,0.265095,0,0.00306517,0.240511,1.85351,0.134111,1.34274,0.0260811,1.24641,0.0035695,1.7163,0.653235,0.723284,1.78405,0.252301
,147.400272108,0.122823,0,0.135087,2.4448,0,0,0,0,0.0215314,1.0796,0,0,0.646458,1.83433,0.182038,2.01311,0.00559613,0.845324,0.24573,1.4737,0.130143,0.742509,1.40446,0.214324
,147.446712018,0.312233,0,0.117914,2.58077,0.0341048,0,0,0.0699337,0,0.819343,0,0,1.19131,1.27939,0.711651,2.53903,0.197639,0.495375,0.355386,1.13964,0.103855,0.507381,1.55956,0
,147.493151927,0.685237,0.0962589,0.14089,2.32013,0.341807,0,0,0.244658,0,0.00488591,0,0,1.2224,0.706374,1.30943,2.77921,0.560214,0.362179,0.216942,0.627612,0.186257,0.0438684,1.64586,0
,147.539591836,0.935247,0.129921,0.230852,1.69408,0.53996,0.0107401,0,0.192061,0,0,0,0,1.10305,0.250508,1.38178,2.80931,0.873319,0.261937,0.010402,0.412564,0.217119,0.000364401,1.8827,0
,147.586031746,1.03429,0.0736267,0.305431,2.29033,0.357736,0.00200666,0,0.178801,0,0,0,0,1.17408,0.168945,0.957095,3.44587,0.56243,0.310768,0,0.594075,0.0691694,0.00460018,1.66495,0
,147.632471655,0.92752,0,0.414176,2.39816,0.134172,0,0,0.130277,0,0,0.0263062,0,1.22326,0.12935,0.463969,3.72566,0.278057,0.293465,0.125863,0.82881,0.0430291,0.0101008,1.68993,0.0196479
,147.678911564,0.650752,0,0.214564,2.64383,0.0825175,0,0,0.166826,0,0.081406,0.133819,0,0.987776,0.0600575,0.243277,3.66895,0.0456654,0.602544,0.334718,0.784313,0.4652,0.0519982,1.95184,0.000246736
,147.725351473,0.129472,0.00562546,0.387016,2.50292,0.0713859,0,0,0.167059,0,0.290434,1.14783,0.0278884,0.104774,0.0263872,0.250372,3.23568,0.119463,0.667919,0.274308,0.930783,0.910826,0.134217,2.26336,0.00734219
,147.771791383,0.334642,0.0582662,1.06894,1.31483,0.152677,0,0.115801,0.128691,0.0056446,0,1.73782,0.377834,0.272974,0.0398926,1.0554,2.63133,0.304457,0.649784,0.168834,0.652398,0.970633,0,2.79,0.0970412
,147.818231292,0.439847,0.418684,1.26712,0.775266,0.034347,0.371611,0,0.0249608,0,0,2.16369,0.452137,0.506818,0.208577,1.66918,1.66826,0.320565,1.20634,0.00320797,0.0958773,1.11579,0,3.37163,0.116054
,147.864671201,0.348066,0.644326,1.30668,0.100998,0,0.925026,0,0,0,0,2.22197,0.42313,0.301804,0.183278,2.07257,0.399061,0.148228,1.93837,0,0,1.10201,0.0764759,3.92718,0.108558
,147.911111111,0.290221,0.634003,0.935883,0,0.0673418,0.718349,0,0.184646,0,0,2.18418,0.401762,0.0804294,0.180342,1.91946,0.302212,0.124403,2.26974,0,0.142943,0.509504,0.1319,4.06295,0.102974
,147.957551020,0.0621643,0.550788,0.0895747,0,0.0517918,0.641022,0,0.539885,0.100171,0.234917,2.18668,0.571161,0.0167431,0.156671,1.41706,0.691335,0.0662595,2.28184,0,0.303716,0.248157,0.190001,4.05947,0.146407
,148.003990929,0,0,0,0.161655,0,0.244463,0.15617,0.586857,0.00780141,0.563243,2.26122,0.345544,0,0,1.02444,1.60846,0.000421626,2.00506,0.033451,0.261861,0.722502,0.241732,3.67724,0.0885793
,148.050430839,0,0,0.312724,0,0,0,0.127433,0.362595,0.121441,0.393069,2.14952,0.307515,0,0,1.03506,1.83365,0,1.61118,0.0518811,0.161793,1.72734,0.169092,3.49724,0.0788184
,148.096870748,1.63201e-05,0,0.23217,0,0,0.0501449,0.187166,0.168078,0.207789,0.234563,2.142,0.323857,0.0322681,0,0.896822,1.85964,6.5008e-05,1.6389,0.217716,0.0749977,2.31221,0.0664987,2.93165,0.0830068
,148.143310657,0,0,0,0.49461,0.154492,0.00336377,0.136115,0.137229,0.163884,0.239328,2.08966,0.262297,0.428159,0,0.59925,2.03198,0.258406,1.5531,0.380186,0.0612327,2.20114,0.0666121,2.79763,0.0672285
,148.189750566,0,0,0,0.955019,0.283648,0.0550447,0.0857668,0.0290257,0.0754906,0.155599,2.0066,0.216084,0.4738,0,0.353626,2.44541,0.264685,1.5553,0.0539207,0.0263925,1.52342,0.141954,3.15469,0.0553839
,148.236190476,0,0.0345364,0,0.69171,0.271383,0.267287,0.252037,0.00585148,0.0423136,0.0923654,2.00828,0.134728,0.246615,0.0326197,0.19781,2.45399,0.148708,1.78888,0.10261,0.0369563,1.14669,0.25597,3.19751,0.0345318
,148.282630385,0,0.0481574,0.131274,0.337206,0.193689,0.301089,0.0705945,0,0.191116,0.144721,1.94792,0.18064,0.107818,0.0454848,0.241067,1.88317,0.0670636,1.79403,0.0287407,0.0363455,1.46324,0.753695,3.23389,0.0463564
,148.329070294,0,0,0.394784,0.3027,0.110717,0.275388,0,0.0549026,0.21537,0.169202,1.84897,0.200059,0.0194612,0.0178642,0.445222,1.73137,0.0383351,1.62293,0,0.0611169,1.66977,0.721714,3.00705,0.0513695
,148.375510204,0.0483941,0,0.315852,0.685936,0.0571995,0,0,0.229844,0.361566,0.204842,1.61281,0.174919,0.0391621,0,0.467992,2.39805,0.0241813,1.21854,0,0.136867,1.78534,0.771917,2.45159,0.0449312
,148.421950113,0.236102,0,0.167164,0.866841,0.136346,0,0,0,0.999064,0.277521,1.39217,0.183026,0.191062,0,0.428753,2.6457,0.0557893,1.09574,0,0.034639,2.02598,0.861551,1.81273,0.0469991
,148.468390022,0.230863,0,0,0.94563,0.19095,0,0,0,1.39547,0.239313,1.32354,0.241314,0.186822,0,0.356198,2.41607,0.0763975,1.341,0,0.0425208,2.18707,1.03796,1.52174,0.0619184
,148.514829931,0.125927,0,0,0.788158,0.12087,0.206528,0,0.0218885,1.33895,0.218636,1.34898,0.308872,0.101904,0,0.554277,1.95619,0.0493284,1.67032,0,0.0577173,1.97029,1.07638,1.45474,0.0792026
,148.561269841,0.000236941,0,0,0.768571,0,0.399538,0,0.232887,1.05693,0.181992,1.32621,0.357829,0.0462531,0,0.557119,2.05205,0.0023673,1.84166,0,0.138835,1.87689,0.860952,1.48402,0.0917357
,148.607709750,0,0,0.201878,0.69694,0,0.598736,0,0.60535,0.676343,0.14542,1.27353,0.352166,0,0.00482515,0.665578,2.00729,0.00151005,2.1157,0.00337671,0.299318,1.89878,0.493634,1.75211,0.0902627
,148.654149659,0,0,0.148484,0.390697,0,0.412803,0,0.719144,0.411653,0.115974,1.38577,0.260924,0,0.0220907,0.629243,1.73605,0,2.33325,0.0159821,0.300986,1.89537,0.307056,2.17058,0.0668768
,148.700589569,0,0,0.0954684,0.715686,0.176703,0.392546,0,0.668837,0.24992,0.0642589,1.5427,0.181687,0,0.160819,0.601814,1.83487,0.116959,2.3843,0.0206251,0.256544,1.84272,0.0166709,2.52964,0.0465677
,148.747029478,0,0,0.100529,1.11961,0.478513,0.540975,0.000463692,0.453823,0.0973029,0.038762,1.77496,0.170257,0,0.206195,0.576706,1.99577,0.168713,2.17954,0.0104491,0.18825,1.74148,0.00912555,3.01197,0.0436381
,148.793469387,0,0,0.0906409,1.02682,0.199785,1.25179,0,0.269916,0.0257332,0.054231,1.83764,0.21114,0,0.197767,0.67995,2.15305,0.0691741,1.87604,0.000354582,0.154553,1.63615,0.0127674,3.26233,0.0541166
,148.839909297,0.313395,0,0,0.427714,0.883782,0.513235,0.146051,0.183365,0,0,1.77449,0.129141,0.25361,0.110451,0.698157,2.27858,0.306003,1.5151,0.0652229,0.103997,1.61137,0,3.2542,0.0330997
,148.886349206,0.133571,0,0.523357,0.308833,0.912193,0.547842,0.453872,0.0735026,0,0,1.8091,0.550701,0.10809,0.258425,0.712495,2.06494,0.31584,1.33283,0.227673,0.0327975,1.51078,0.000398005,3.01069,0.153187
,148.932789115,0.0302313,0.00306156,0.285115,0.379102,0.974477,0.651189,0.302083,0,0,0,1.64801,0.93781,0.00814238,0.510686,0.679712,1.99783,0.337406,1.21565,0.197741,0,1.43827,0.00123046,2.65247,0.282922
,148.979229024,0.28379,0.0136808,0.124034,0.449479,0.896804,0.664461,0.113416,0,0,0,1.62492,0.831541,0.0764349,0.558405,0.804418,1.89936,0.310586,0.904454,0.120699,0,1.44026,0.00149033,2.61334,0.264206
,149.025668934,0.345204,0.098417,0,0.772644,0.000811639,1.2152,0,0,0,0,1.67915,0.774813,0.092976,0.517651,0.830152,1.92932,0.000353027,0.901876,0.0445658,0,1.52893,0.00131466,2.68743,0.228315
,149.072108843,0.229248,0.262854,0,0.725295,0.0411756,1.23345,0,0,0,0.00517001,2.07559,0.329674,0.0617448,0.365778,0.745782,2.10373,0.00926843,0.862762,0.0199048,0.0164593,1.69744,0.00122703,2.79753,0.0979593
,149.118548752,0,0.117623,0,0.297341,0.0819972,1.19062,0.0435145,0.0298403,0,0.131925,2.01907,0,0,0.094264,0.749749,2.11886,0.0204348,0.72274,0.00932065,0.0512199,1.79152,0.0322965,2.7884,0.00576209
,149.164988662,0,0,0.0988555,0.10475,0.100991,1.27767,0.0493583,0.0527714,0,0.32315,1.93211,0,0,0.0135858,0.763029,2.319,0.0256019,0.668447,0.0105724,0.0423035,1.72291,0.0771974,2.84003,0.00865837
,149.211428571,0,0,0.104498,0.00854807,0.165887,1.43884,0.0220846,0.0425929,0.0579045,0.728475,1.82586,0.695847,0,0,0.88486,2.33149,0.28546,0.684806,0.00473044,0.0549007,1.82282,0.173125,2.94583,0.187356
,149.257868480,0.176445,0,0.16571,0.170269,0.340579,0.903921,0.0786298,0.0300272,0.58261,0.300548,1.84364,0.714918,0.0475232,0.00119886,0.598945,2.33944,0.582203,0.439007,0.219752,0.0912165,2.00844,0.0730739,2.95296,0.187818
,149.304308390,0.447215,0,0,0.124992,0.303207,0.840893,0.10154,0.0496756,1.06855,0.185752,1.23436,0.631644,0.120451,0,0,2.24289,0.522457,0.390259,0.285893,0.0656604,1.9867,0.0457137,3.03197,0.162136
,149.350748299,0.449035,0.0200986,0.0186856,0.205948,0.349265,0.735691,0.0455045,0.10386,1.03057,0.385198,1.07386,0.664488,0.207695,0.00571703,0.283552,2.12689,0.362319,0.498149,0.136893,0.0794555,1.92667,0.0922377,2.70888,0.170366
,149.397188208,0.311972,0.0310619,0.312065,0.387298,0.166411,0.906617,0.00758936,0,0.635125,0.588628,1.03603,0.606491,0.607326,0.0293381,0.576539,1.92818,0.217272,0.573875,0.0417889,0.0309086,1.92393,0.141464,2.15799,0.155515
,149.443628117,0.0177321,0.303098,1.69834,0.157612,0.572357,0.926424,0.131657,0,0.0855681,0,0.405902,0,0.782689,0.172408,0.869223,1.70129,0.794011,0.380777,0.440681,0.0311759,2.06804,0.00197203,1.57718,1.64498e-05
,149.490068027,0.0678158,0.133616,2.28779,0.196858,0.476051,0.345063,0.170011,0.112753,0.12757,0,0.000330236,0,1.04805,0.146529,1.46466,1.82748,0.476372,0.178279,0.249908,0.0523867,2.42252,0.00287835,1.07887,8.37189e-05
,149.536507936,0.150509,0.0487416,2.63361,0.277367,0.261464,0.0382668,0.110132,0.168285,0.181668,0,0,0,1.01537,0.0578815,1.6261,1.5588,0.284434,0.0616997,0.410951,0.0910649,2.68656,0.00274629,1.10251,0.0110465
,149.582947845,0.324932,0.0751201,2.73788,0.126905,0.127708,0.0235137,0.10937,0.57491,0.205967,0.00158472,0,0.00203638,0.595195,0.230283,1.49063,1.40536,0.168812,0.00879846,0.73763,0.419459,2.6704,0.0167909,1.46827,0.0187645
,149.629387755,0.231392,0.133289,2.69157,0.0104698,0.0215526,0.197297,0.0914509,0.738202,0.193632,0.0189406,0,0.00846871,0.739953,0.267926,1.40761,1.39991,0.090158,0.0738254,0.563335,0.512852,2.53357,0.171792,1.84492,0.0201113
,149.675827664,0.000414757,0.258898,2.77692,0.0142266,0.0223057,0.34035,0.0199196,0.497259,0.134575,0.0250545,0,0,1.37426,0.112469,1.56152,1.34641,0.140783,0.167672,0.314319,0.397724,2.04796,0.225738,1.93305,0
,149.722267573,0.00151497,0.573606,2.45682,0,0.0203984,0.294426,0,0.200526,0.055978,0.322932,0,0,2.12635,0.163162,1.63509,1.30524,0.292129,0.118626,0.092766,0.305331,1.36465,0.238547,1.74358,0
,149.768707482,0.00451953,1.03286,1.78068,0,0.275762,0.211354,0.0671513,0.169322,0.0162094,0.16065,0,0,2.63908,0.293797,1.53339,1.36363,0.846928,0.0790856,0.0593347,0.13448,1.2344,0.204056,1.34087,5.13636e-05
,149.815147392,0.55906,1.02606,0.615138,0.272256,0.545758,0.331414,0.00721203,0.169154,0.00759622,0.0312479,0.0334173,0,3.0455,0.291863,1.01413,1.8705,0.838203,0.12401,0.0471454,0.374008,1.33846,0.280561,0.855432,0.000184222
,149.861587301,1.19383,0.758426,0.188569,0.526668,0.425749,0.487131,0,0.156282,0.0352399,0.462051,0,0,2.9338,0.215734,0.224443,2.27305,0.390275,0.182277,0.0909911,0.516842,1.62321,0.287296,0.827158,0.000253902
,149.908027210,1.40618,0.182318,0.00879472,0.511105,0.0389006,1.03652,0,0.238071,0.0433123,0.242573,0,0.0497433,1.96718,0.0518602,0.196248,2.42568,0.114274,0.443092,0.0510859,0.768844,2.09666,0.461644,1.05506,0.0154389
,149.954467120,1.2608,0.173017,0.422256,0.826182,0.138236,0,0,1.02906,0.1054,0.0274932,0.521808,0.2676,1.24095,0.138325,0.683004,2.22017,0.0543115,0.327797,0.00780686,1.18321,1.93981,0.24959,1.32636,0.0685879
,150.000907029,0.784109,0,1.1037,0.636037,0.335531,0,0.263828,2.12839,0.0842853,0.011852,0.0917243,0,0.706849,0,0.9822,1.90593,0.123302,0.212187,0.112794,1.32071,1.72548,0.111264,2.00343,0
,150.047346938,0.655535,0.479045,1.31951,0.422216,0.127883,0,0.130524,2.04864,0,0.0182863,0.561114,0,0.721686,0.228439,1.19216,1.89398,0.0457032,0.170542,0.0602339,1.06444,1.58898,0.167211,2.10076,0
,150.093786848,0.375495,0.522416,1.40521,0.403944,0,0,0.215253,1.60472,0.312791,0.197304,0.827062,0,1.36099,0.208335,1.0285,2.08865,0,0.0735648,0.103134,0.916448,1.55167,0.0464503,1.75423,4.99751e-05
,150.140226757,0.259286,0.704548,1.49035,0.471863,0,0,0.361313,0.797883,0.337918,0.295795,0.768401,0,1.86792,0.200408,0.915582,1.88641,0,0,0.213148,0.639645,2.15018,0.11366,1.94712,7.19839e-05
,150.186666666,0.333832,0.72236,1.4299,0.489242,0,0,0.0198929,0.0480192,0.544426,0.360925,0.591983,0.0423914,1.69645,0.205475,1.26613,1.65997,0,0,0.0550109,0.60767,2.74174,0.126921,1.97111,0.0108672
,150.233106575,0.699714,0.521682,1.15467,0.562847,0,0,0,0.0243651,0.690897,0.285511,0.36304,0.543321,1.47679,0.148392,1.47951,1.74729,0,0,0.0306514,0.701712,2.98528,0.0962186,1.81183,0.139257
,150.279546485,0.781108,0.169348,0.676703,0.58875,0,0,0,0.0554242,1.03313,0.174144,0.28491,0.731706,1.10658,0.0694753,1.27389,1.8713,0,0.0942309,0,0.746486,3.16907,0.0622437,1.54681,0.187542
,150.325986394,0.750366,0,0,0,0,0,0.30723,0.592279,1.38123,0.192139,0.377552,0.560906,0.864598,0,0.161761,2.21559,0.0437619,0.0770123,0.112399,1.01185,3.24411,0.146066,1.22288,0.143764
,150.372426303,0.522009,0,0.293608,0.0917516,0.202645,0,0.569569,0.625289,1.18126,0,0.317218,0,0.758566,0.337802,0.662289,2.23259,0.173227,0.150567,0.231885,0.986341,3.04422,0.085868,0.945199,0
,150.418866213,0.688394,0.686501,0.530842,0.241857,0.280003,0,0.105883,0.327045,1.79357,0,0.0277301,0.0256603,0.568212,0.492464,1.06485,2.16767,0.285792,0.0925844,0.130239,0.76166,3.0775,0.162433,0.652007,0.00657692
,150.465306122,0.771743,0.204707,0.303798,0.703713,0.285621,0,0,0.193026,2.06266,0,0,0.0927655,0.803415,0.160625,0.946164,2.20598,0.332806,0,0.266413,0.411824,3.75097,0.240662,0.491949,0.0237765
,150.511746031,0.211334,0.0221629,0.019681,0.696035,0.30752,0,0,0.269512,2.15122,0,0,0,0.730409,0.0986281,0.812841,1.85344,1.39568,0,0.164309,0.332486,3.90031,0.00699776,0.362863,0.235697
,150.558185941,0.347933,0.350809,0,0.670243,0.33158,0,0,0,2.41241,0,0.00432952,0,0.935166,0.33134,0.459048,1.3056,1.86465,0,0.0233839,0.0677689,3.62865,0,0.450333,0.241588
,150.604625850,0.323848,0.444918,0,0.308168,0.437374,0,0.207848,0,2.26395,0,0,0,1.06708,0.420227,0.384184,0.745857,2.14687,0,0.0846198,0.0192563,3.22028,0,0.70301,0.206615
,150.651065759,0.398445,0.345719,0,0.101733,0.544079,0,0.397342,0,2.05334,0.112273,0,0,1.15954,0.326533,0.295544,0.665285,1.72636,0,0.220775,0.00228771,2.32329,1.00805,0.988602,0.260756
,150.697505668,0.818515,0.356791,0,0.214009,0.447445,0,0.499604,0,1.51556,0.174988,0,0,1.47419,0.337093,0.346169,1.26164,1.25342,0.066828,0.283596,0.0283783,1.9003,1.48016,1.07348,0.283051
,150.743945578,0.902885,0.387527,0,0.445151,1.04803,0.204676,0.0223362,0,0.951703,0.260245,0,0,1.39727,0.36602,0.343133,1.97178,0.700953,0.164027,0.0447701,0.0875415,1.85149,1.46179,1.37646,0.220024
,150.790385487,0.816986,0.218826,0,0.813909,0.0927441,0,0.148147,0.896642,0.123972,0.127775,0,0,0.97053,0.420047,0.476539,2.40504,0.287269,0.217724,0.0603143,0.928803,1.94474,1.14766,1.41833,0.156421
,150.836825396,0.860516,0.116089,0,0.955829,0.0851712,0,0,0,0.210568,0.566945,0.082986,0,0.696358,0.451127,0.538973,2.32093,0.149142,0.21111,0,0.611895,1.96526,0.960425,1.65519,0.0462554
,150.883265306,0.842521,0.0392327,0,0.854938,0.13377,0,0,0,0.254597,0.373537,0.317792,0,0.681796,0.398595,0.482524,2.1657,0.230033,0.183081,0.00270624,0.631525,1.82864,0.71535,1.84876,0
,150.929705215,0.728247,0,0,0.771055,0.179698,0,0,0,1.96002,0.634477,0,0,0.589322,0.366855,0.718944,1.59962,0.303553,0.317438,0.00456532,0.599934,2.07075,0.400418,1.86929,0
,150.976145124,0.362997,0,0.0326135,0.761551,1.07278,0.732001,0,0,1.96631,0.0296792,0,0,0.29375,0.339499,1.1809,1.31941,0.553869,0.671572,0.0121802,0.653586,2.77514,0.0164834,1.62362,0
,151.022585034,0.230927,0.124493,0.792903,1.01876,0.670784,0.690737,0,0,2.04541,0,0,0,0.186874,0.265929,1.58805,1.31769,0.653322,0.79873,0.0118627,0.515446,3.12818,0,1.65696,0
,151.069024943,0.386722,0,0.635201,1.10739,0.821996,0.465989,0,0.0857378,2.01458,0,0,0,0.483486,0.0211826,1.54,1.6807,0.595858,0.690523,0.00903148,0.316806,3.35999,0.0543625,1.77707,5.53373e-05
,151.115464852,0.598335,0,0,0.588756,0.320762,0,0.0447647,0.338592,2.05218,0,0,0,0.788672,0.0337363,1.14324,2.14724,0.555711,0.0670572,0.336846,0.222506,3.43022,0.107869,1.67147,0
,151.161904761,0.465098,0,0,0.644889,0.290567,0,0,0.0851653,2.02296,0,0,0,0.854872,0.0906251,0.45805,2.51877,0.601839,0,0.852638,0.0380015,2.97317,0.118313,1.41271,0
,151.208344671,0.0794757,0.509772,0.531193,0.821305,1.39866,0,0,0,0.427226,0,0.295046,0.301471,0.505555,0.220982,0.160418,2.87886,0.59486,0,0.716747,0.226104,1.94936,0.196618,1.44441,0.211926
,151.254784580,0.0769369,0.163531,0.444264,0.966669,1.33022,0,0.047529,0,0.242982,0.0491129,0.529342,0.403486,0.0883129,0.100049,0.134166,2.78223,0.549195,0,0.669375,0.53311,1.51025,0.357537,1.4943,0.28364
,151.301224489,0.101087,0.0339925,0,1.25021,1.2979,0,0.208427,0.197928,0.23061,0.0187164,0.880286,0.291613,0.0746511,0.0813112,0.0773861,2.75197,0.660914,0.049507,0.711346,0.783759,1.3539,0.391542,1.55884,0.204996
,151.347664399,0.283589,0,0,1.48544,1.22932,0,0.369192,0.0196424,0.156211,0,1.06244,0.224699,0.205161,0.0926933,0.672729,2.78958,0.747346,0.139152,0.652559,0.797481,0.88343,0.397561,1.79409,0.0758961
,151.394104308,0.291118,0,0,1.65247,0.990677,0,0.296438,0.0403151,0.0561095,0,0.846764,0.18271,0.225977,0.454486,1.06176,2.77694,0.778049,0.256954,0.455943,1.03122,0.613732,0.323173,1.92391,0.0468298
,151.440544217,0.206326,0,0.00568386,1.81456,0.602665,0,0.183241,0.231875,0.24478,0.0891557,0.206198,0.0117478,0.208893,0.857437,0.915794,2.81465,0.478304,0.204719,0.161139,1.43577,0.518746,0.325713,1.98707,0.00301104
,151.486984126,0.110589,0,0.191967,1.6471,0.337274,0,0.0542879,0.357893,1.0388,0.0786851,0.241354,0,0.15275,0.797822,0.640378,2.52148,0.206575,0.210324,0.0116283,1.85061,0.523308,0.199824,2.34314,0
,151.533424036,0.201031,0,0.320149,1.72815,0.477366,0,0.0393464,0,1.17761,0,0.0245801,0.0151412,0.482289,0.440644,0.734017,2.22883,0.40432,0.233652,0.109899,1.90417,0.601555,0.042269,2.62499,0.00388079
,151.579863945,0.258181,0,0.165149,1.98127,0.322701,0,0.0934125,0,0.925402,0.0947993,0,0.231877,0.672256,0.350961,1.03593,2.23763,0.292673,0.308969,0.260912,1.88481,1.18274,0.0566747,2.38294,0.0594318
,151.626303854,0.321498,0,0.114097,2.18843,0.141668,0,0.0895919,0,0.577481,0.240571,0,0.36704,0.555666,0.316447,1.19434,2.40209,0.117628,0.331419,0.250241,1.77675,1.37241,0.143245,2.02337,0.0940751
,151.672743764,0.217371,0,0.160311,2.30179,0.0644587,0,0.0765847,0,0.458123,0,0,0,0.175904,0.596165,1.30123,2.5107,0.137551,0.253442,0.21391,1.76746,1.30244,0.0110866,1.95155,0
,151.719183673,0.165837,0,0.162378,2.2488,0.0375154,0,0.0135286,0.335833,0.165596,0,0,0,0.134201,0.819495,1.16053,2.60508,0.128218,0.179684,0.0377871,1.85599,0.9768,0.0315619,2.11188,0
,151.765623582,0,0,0.12862,2.20647,0,0,0,0.250253,0.175682,0.199003,0,0.00287919,0,0.849175,1.03527,2.59433,0.0664367,0.0753191,0,1.97916,1.01104,0.20665,2.12436,0.114872
,151.812063492,0.000758473,0,0.180619,2.20413,0.0239187,0,0,0.242735,0.181135,0.19117,0,0.00176917,0.148061,0.597835,0.822945,2.81699,0.0290706,0,0,2.04754,1.03379,0.17272,2.26333,0.0705854
,151.858503401,0.239307,0,0.107983,2.35668,0.0298666,0,0,0.112751,0.211214,0.233767,0,0,0.728734,0.111007,0.21452,3.71197,0.0114868,0,0,1.48181,1.06017,0.314871,2.01386,0
,151.904943310,0.53323,0,0.0790914,2.31393,0.0246554,0,0,0.177413,0.230212,0.0444616,0,0,0.659418,0.0169884,0.168633,3.85989,0.0124691,0,0,1.10078,1.10821,0.402105,1.94431,0
,151.951383219,0.795841,0.063628,0.0820926,2.3303,0.145008,0,0,0.199924,0.413329,0.0524071,0,0,1.00262,0.0709526,0.164597,3.79887,0.0519557,0,0.0046896,0.96973,1.05653,0.474339,1.77416,0
,151.997823129,0.785116,0,0.126439,2.35673,0.105452,0,0,0.233524,0.555508,0.0643954,0,0,1.51186,0.0267774,0.15361,3.60039,0.0365122,0,0.00796394,1.04536,0.987573,0.679337,1.65017,0
,152.044263038,0.398993,0,0.237648,2.39011,0.0499208,0,0,0.23786,0.414974,0.0765875,0,0,1.6868,0,0.160251,3.43257,0.0189335,0.0106645,0.0034063,1.1476,0.465949,0.98367,1.73211,0
,152.090702947,0.177228,0,0.260461,2.30249,0.019704,0,0,0.188552,0.0593429,0.661649,0,0,1.52308,0.00711374,1.20094,2.97904,0.00682237,0,0.0773477,1.56494,0.0725645,0.889232,1.8782,0
,152.137142857,0.0427611,0,0.171994,2.28446,0.0509816,0,0,0.131228,0.0290712,0.56671,0,0,0.764065,0.0175842,2.37757,2.38059,0.017652,0,0.397057,1.78291,0.168886,0.882463,1.82787,0
,152.183582766,0.0342404,0,0.167737,2.26564,0.099496,0,0,0.122235,0.0190313,0.229981,0,0,0.0277085,0.016045,2.73743,2.5139,0.0475822,0,0.591986,1.75357,0.112803,0.832506,1.60592,0
,152.230022675,0.555155,0,0.236163,2.20767,0.336664,0,0,0.11447,0,0.0242901,0,0,0.387403,0.00845968,2.69791,2.68204,0.215935,0,0.66781,1.61563,0.00549747,0.393987,1.50722,0
,152.276462585,0.899919,0,0.379504,1.94862,0.498999,0,0,0.0498663,0.0365692,0.00395789,0.00297485,0,0.769727,0.0265337,2.29311,2.71704,0.44015,0.0129891,0.649912,1.50403,0.129535,0.270274,1.41336,0
,152.322902494,0.727631,0,0.14139,2.12766,0.374245,0,0,0,0.0464813,0.316962,0.0136743,0.0502412,0.76475,0.0725218,1.93097,2.83092,0.292284,0.128017,0.541377,1.20748,0.26106,0.747408,1.27011,0.0353182
,152.369342403,0.476502,0,0.0728894,2.11269,0.394083,0,0,0.313926,0.0525042,0.236739,0.556015,0.56454,0.607909,0.292113,1.49592,2.7935,0.423955,0.304059,0.524549,0.939923,0.294888,0.905575,1.04554,0.208928
,152.415782312,0.166932,0,0,1.78689,0.540855,0,0.231948,0.0284203,0.295264,0.0410708,0.429231,1.07251,0.36396,0.363013,1.32926,2.63134,0.539366,0.20057,0.49476,0.686801,0.476368,0.381364,1.53442,0.300538
,152.462222222,0.0421621,0,0,1.5423,0.0601017,0.180753,0.548589,0.0448076,0.537553,0.0957852,0.411769,1.23206,0.175574,0.213775,1.24898,2.36777,0.0308633,0.670951,0.364707,0.280769,1.18085,0.193917,1.99089,0.393376
,152.508662131,0.3497,0,0.423477,0.879107,0.220069,0.416288,0.628736,0.0507315,0.491538,0,0.30588,0.893907,0.168428,0.107035,1.41373,2.26324,0.0966494,1.35364,0.341686,0.0111671,1.31967,0.0776115,2.24242,0.253509
,152.555102040,0.404945,0,0.561488,0.174333,0.341906,0.582824,0.808101,0.043301,0.473167,0,1.02583,0.436953,0.117292,0,2.10182,1.58835,0.139695,1.94968,0.409125,0.00953149,1.17923,0.0945332,2.75438,0.111994
,152.601541950,0.317077,0.00931017,0.229891,0,0.297284,0.620387,0.741934,0.00118479,0.423838,0.0708805,1.18339,0.473447,0.0854005,0.00879349,2.26573,1.36874,0.116994,1.9645,0.336323,0.000528665,0.832618,0.17551,3.28625,0.121348
,152.647981859,0,0,0.059385,0.0579863,0.0775344,0.764984,0.39072,0.473022,0.206678,0.160055,0.777621,0.721805,0,0,1.71988,1.57193,0.0525591,1.85807,0.14434,0.211066,0.761942,0.131654,3.43019,0.185004
,152.694421768,0,0.0595838,0,0.274396,0,1.12783,0,0.493319,0.179955,0.130493,1.11808,0.373522,0.102748,0.0562771,1.28031,2.02343,0.0363344,1.71253,0.00291096,0.220123,1.30819,0.0713449,3.39869,0.0957364
,152.740861678,0,0,0,0.524163,0,0.498614,0.0226704,0.89836,0.124777,0.103825,1.46089,0.23817,0.237981,0.00668198,0.803356,2.44017,0.0312876,1.18027,0.0424068,0.40427,2.00488,0.0348154,3.12998,0.0618609
,152.787301587,0,0,0,0.484632,0.029746,0.292697,0.303612,0.797357,0.0557959,0.0805312,1.65297,0.226852,0.308873,0,0.686216,2.61186,0.0385961,0.83542,0.21004,0.36622,2.51234,0.0190681,2.70297,0.0581437
,152.833741496,0,0,0,0.465228,0.569662,0.723059,0,0.653911,0.0827406,0.0224065,1.82785,0.229956,0.401198,0.00418519,0.474248,2.69772,0.225713,1.04993,0.111438,0.299352,2.55784,0.00527506,2.69227,0.0589395
,152.880181405,0,0,0,0.315553,0.592634,1.44376,0,0.289323,0.134666,0.0380748,1.71679,0.227213,0.597795,0.0157643,0.26039,2.30942,0.235453,1.38002,0.131021,0.132458,2.64693,0.00896376,2.587,0.0582363
,152.926621315,0,0.117328,0.0290339,0.0663698,0.4566,1.27484,0,0.0364412,0.165917,0.26528,1.45346,0.226675,0.579059,0.129699,0.192971,1.90513,0.185408,1.61917,0.150036,0.0289802,2.65805,0.259143,2.1984,0.0581018
,152.973061224,0,0.0972431,0.140406,0,0.640661,0.922697,0,0,0.169842,0.242731,1.71084,0.172356,0.151808,0.115743,0.172787,1.76808,0.241114,1.54002,0.10747,0.0269196,2.19371,0.682088,2.39118,0.0749646
,153.019501133,0.275911,0.411888,0.170058,0,0.825178,0.358885,0,0,0.184752,0.153314,1.61947,0.113204,0.223277,0.407936,0.119673,1.98832,0.296704,1.36749,0.068498,0.0287109,1.7672,0.783438,2.42903,0.101815
,153.065941043,0.547749,0.403832,0.146017,0,0.769566,0.138923,0,0.0784782,0.217771,0.11882,1.45924,0.108188,0.443257,0.391736,0.0989086,2.11325,0.273911,1.35764,0.0478159,0.0610313,1.93802,0.774833,2.36037,0.138281
,153.112380952,0.560719,0.207636,0.0517869,0.179042,0.502716,0.229875,0,0.287427,0.267545,0.145829,1.62841,0.164954,0.453753,0.219268,0.140536,2.07755,0.184196,1.22188,0.0443233,0.161808,2.53656,0.700814,2.24462,0.0804071
,153.158820861,0.380114,0.0948799,0.0694669,0.365458,0.0132184,0.843603,0,0.15461,0.260452,0.176419,1.89618,0.239876,0.307601,0.102425,0.158822,2.08493,0.0394182,0.997392,0.0335455,0.107562,2.71921,0.565218,2.40361,0.0833733
,153.205260770,0.033448,0.0761455,0,0.224387,0.0473214,1.13656,0,0,0.146993,0.168245,2.04943,0.246694,0.0270672,0.241444,0.211507,2.01819,0.0898955,1.16571,0.0404963,0.0641859,2.24242,0.494486,2.79606,0.0706053
,153.251700680,0,0.131779,0,0,0.308512,1.08376,0,0,0.038086,0.163777,2.13708,0.241804,0,0.360512,0.201102,2.05492,0.133066,1.42212,0.0594597,0.0665839,1.45796,0.40358,2.94373,0.0743741
,153.298140589,0,0.391144,0,0,0.450876,0.891231,0,0,0.0478582,0.138764,2.21467,0.257211,0,0.785843,0.0518054,2.09468,0.326436,1.42383,0.00477358,0.398145,1.03619,0.187586,3.12826,0.0717449
,153.344580498,0,0.580412,0,0.0324775,0.380855,0.776262,0,0,0.0569726,0.09769,2.34642,0.26021,0,0.969404,0,2.13732,0.524421,1.11103,0,0.596758,0.91168,0.027545,3.24715,0.0666938
,153.391020408,0,0.533643,0,0,0.289325,0.493848,0,0,0.0330706,0.0807443,2.51218,0.244721,0,0.740785,0,2.44151,0.483929,0.81661,0,0.642145,0.965079,0.0234707,3.35101,0.0627237
,153.437460317,0,0.447946,0,0.0622691,0.0740867,0.26751,0,0,0.024898,0.0479628,2.58468,0.268125,0,0.543319,0,2.87492,0.0649854,0.69081,0,0.648922,1.05502,0.0446613,3.1564,0.0687224
,153.483900226,0,0.216266,0.382751,0,0.122837,0.275902,0,0,0.0246834,0.0175756,2.47995,0.248704,0,0.337006,0.428725,3.12504,0.0426536,0.848444,0,0.646392,1.1093,0.0079466,2.65789,0.0879654
,153.530340136,0,0.134023,0.652978,0.0536106,0.13022,0,0,0,0,0.00650876,2.43211,0.187723,0,0.233837,0.73141,3.09018,0.0450878,0.671356,0.00384616,0.573002,1.26697,0.00399975,2.39637,0.0992247
,153.576780045,0,0,0.967055,0.149629,0,0,0.703715,0.012294,0,0,2.3027,0.286957,0,0.0464552,0.840102,2.87314,0,0.559768,0.572271,0.470418,1.50186,0,2.18141,0.0735492
,153.623219954,0,0.0475854,1.19621,0.213667,0.0496145,0,0.704628,0.0807916,0,0,2.08527,0.536952,0,0.0655586,1.433,2.57453,0.0171787,0.491294,0.949655,0.353109,1.35249,0.0370721,1.9902,0.137625
,153.669659863,0,0,0.999824,0.513375,0.071225,0,0.330716,0.123735,0,0,1.37675,0.873933,0,0.0541977,2.34261,2.01796,0.0246612,0.440615,0.984741,0.30675,1.27542,0.184706,1.74699,0.256292
,153.716099773,0.201718,0,0.275495,0.845786,0,0,0.184923,0.116457,0,0,1.37476,0.893776,0.05433,0.0332248,2.7898,1.88515,0.00714895,0.1402,0.947635,0.250614,1.55268,0.175965,1.66606,0.250643
,153.762539682,0.461381,0,0.14768,0.836714,0,0.0872081,0.277552,0.0337316,0,0,1.95358,0.756035,0.124267,0.00837653,3.02033,1.52944,0.00117237,0.094968,0.759037,0.211653,1.76787,0.0704681,2.44539,0.1938
,153.808979591,0.721922,0.0631601,0.689154,0.381885,0.0204083,0.135481,0.0861038,0.216231,0,0,2.00267,0.36847,0.19617,0.0192225,2.99914,1.45463,0.00418978,0.0283541,0.419478,0.503498,1.46499,0.114514,3.15915,0.0944817
,153.855419501,0.850483,0,0.549415,0.181949,0,0.226339,0.356572,0.570818,0.0723776,0,1.87335,0.0329601,0.247218,0,2.86146,1.26424,0,0.155251,0.50434,0.547848,1.58826,0.149429,3.23966,0.00846375
,153.901859410,0.510244,0,0.307029,0.690723,0,0.499195,0.0981253,0.50344,0.277271,0,1.56722,0.507095,0.359612,0,2.51418,1.63013,0,0.614878,0.167386,0.317061,1.83562,0.139645,3.01232,0.129972
,153.948299319,0.128041,0,0.134396,1.07111,0,0.0324343,0.141575,0.294489,0.801701,0,1.40103,0.551117,0.852937,0,1.99444,1.875,0.00174766,0.652176,0.185762,0.0648235,2.04329,0.139122,2.82413,0.141255
,153.994739229,0.0347105,0,0.0307002,1.01006,0,0,0,0.202329,1.22348,0.0974711,1.46743,0.447439,0.780586,0,1.58476,1.97493,0.0069046,0.975199,0.196007,0.049137,1.88804,0.150286,2.85724,0.114682
,154.041179138,0.0458255,0,0.15439,0.873871,0.0864247,0,0,0.0467179,1.39755,0.179172,1.51265,0.0487034,0.597158,0,1.46251,2.05376,0.0423761,1.19944,0.22785,0.0102836,1.62205,0.0844835,3.04801,0.012483
,154.087619047,0.00171151,0,0.670307,0.637591,0.160756,0,0,0.107609,1.41719,0.0881947,1.44196,0,0.334103,0,1.32082,1.98331,0.0768798,1.1933,0.144592,0.0480159,1.6422,0.023704,2.9913,0
,154.134058956,0,0.456674,0.604559,0.625731,0,0,0,0.124453,1.084,0.270493,1.55793,0,0,0.154045,1.13944,2.31882,0.0207291,1.13235,0,0.0845281,1.20695,0.228405,2.63145,0.0143792
,154.180498866,0,0,0.684438,0.563035,0,0,0,0,0.796769,0.658578,1.34514,0,0,0.0419779,1.18636,2.01817,0.0116895,1.162,0,0.0484863,1.70676,0.401863,2.14654,0.0322159
,154.226938775,0,0,0.426999,0.596396,0.0164031,0,0,0,0.392138,0.812544,1.34833,0.00727097,0,0.0444713,1.0848,1.91354,0.04401,1.17431,0,0.0514028,2.10553,0.435293,1.85837,0.0373364
,154.273378684,0,0,0.425044,0.251443,0.142723,0.0494555,0,0,0.355512,0.54201,1.41093,0.188879,0,0.0451901,1.05464,1.49705,0.262712,1.08599,0,0.0470584,2.24177,0.406211,1.92802,0.0854607
,154.319818594,0,0,0.401726,0,0.167769,0.430823,0,0.0654961,0.367414,0.367316,1.45826,0.201856,0.0475878,0.0334745,0.98948,1.21085,0.311298,0.90667,0,0.0653112,2.35167,0.420484,2.1424,0.0920205
,154.366258503,0,0.0253953,0.300203,0,0.110142,0.706201,0,0,0.307311,0.447701,1.4204,0.110775,0.142989,0.0425727,0.775811,1.39567,0.215412,0.527235,0,0.0372209,2.43338,0.607784,2.17406,0.0608406
,154.412698412,0,0.394647,0.261772,0,0,0.701926,0.00110272,0,0.161106,0.681259,1.27888,0.0354255,0.100894,0.391867,0.625075,1.85673,0.0286941,0.26265,0.0564701,0.0299108,2.32395,0.691805,2.04971,0.0302116
,154.459138321,0,0.432367,0.509461,0.0151244,0,0.67426,0.194846,0.0734716,0.289679,0.893311,0.98741,0.18288,0.0816613,0.464003,0.570655,1.8596,0.026783,0.252298,0.140824,0.029434,2.4884,0.542436,1.98287,0.0516062
,154.505578231,0.0115217,0.129212,0.553119,0,0,0.817436,0.239262,0.148177,0.515433,0.496154,0.442958,0.737923,0.101481,0.470793,0.631423,1.82778,0.0205723,0.305872,0.129705,0.0367242,2.5912,0.517061,1.74049,0.189167
,154.552018140,0.6042,0,0.532176,0,0,0.899703,0.0676225,0.248973,0.36641,0.115572,0.624477,0.888356,0.298854,0.365463,0.634379,1.82126,0.0167177,0.336655,0.0227656,0.0699648,2.42221,0.254926,2.02189,0.227712
,154.598458049,0.76082,0.159744,0.53317,0,0,0.924172,0.0170975,0.317953,0.280973,0,0.657804,1.05718,0.405095,0.297735,0.492766,1.66926,0.000885122,0.401504,0.032984,0.111275,1.62692,0.110662,2.77811,0.270964
,154.644897959,0.445403,0.532365,0.968344,0,0,0.153334,0,0.593156,0.0231195,0.0120084,1.01173,1.05738,0.297472,0.344511,1.04869,0.865028,0,0.49185,0.0477802,0.303277,1.09408,0.0510376,3.10822,0.479077
,154.691337868,0.584466,0.761448,0.889309,0,0.0137339,0,0,1.96206,0.0123672,0,0.0601838,0.658671,0.47297,0.348974,0.813468,0.67121,0.00475527,0.382647,0.0527797,0.909394,1.15067,0.000320549,2.88815,0.463032
,154.737777777,1.01527,0.289702,0.162283,0.485159,0.043325,0,0,1.82583,0.0761188,0.0114147,0.317715,0.605052,0.663573,0.273624,0.286498,1.64845,0.015001,0.382363,0.0549584,0.842295,1.45028,0.102488,2.10182,0.155079
,154.784217687,1.12679,0.329693,0.188004,0.882558,0.152969,0,0.165604,1.14108,0.0633436,0.00122074,0.000726929,0.634582,1.1648,0.0937808,0.0567765,2.74104,0.0529643,0,0.254907,0.455588,2.51276,0.0109604,1.38177,0.162648
,154.830657596,0.923287,0.447143,0.813061,0.690883,0.363203,0.108104,0.615691,0,0.248075,0,0.013033,0.6358,1.19844,0.127189,0.245541,2.72559,0.126323,0.0226244,0.345709,0.379124,3.22884,0.000152998,1.04295,0.16296
,154.877097505,1.02522,0.463476,1.0583,0.380576,0.237336,0.0548355,0,0,1.68153,0,0.0895732,0.703979,1.32812,0.131835,0.319603,2.46103,0.0821759,0.0232091,0.0170446,0.853125,3.34694,0.00378606,1.1516,0.180473
,154.923537414,0.661138,0.465291,0.907992,0.242532,0,0,0,0.119748,2.12902,0,0.00175923,0.790464,1.30568,0.132352,0.311726,2.31196,0,0,0.0216627,1.35938,3.05928,0.000205865,1.04663,0.202602
,154.969977324,0.170876,0.327804,0.407294,0,0,0,0,0.335922,1.8872,0,0.0165649,0.927461,1.43979,0.0932435,0.170761,2.08021,0.220495,0,0.105588,1.51808,2.97115,0,1.0444,0.237715
,155.016417233,0.347006,0.0738129,0.117343,0.0306613,0,0,0,0.424741,2.16423,0,0.17657,0.73265,1.81673,0.0570983,0.21457,1.82128,0.34397,0.0600958,0.11004,1.47363,3.23584,0,1.19723,0.187783
,155.062857142,0.331434,0,0.366267,0,0.0433769,0,0,0.100152,2.45498,0,0,0,2.02138,0.0252414,0.41342,2.15768,0.0725528,0,0.127574,1.14111,3.45269,0.0882007,1.13261,0
,155.109297052,0.010326,0,0.35871,0.151493,0.221729,0,0,0,2.60628,0,0,0,2.09134,0,0.4561,2.42139,0.370867,0,0.212387,0.716071,3.62612,0.305784,0.872613,0
,155.155736961,0.00624917,0.0103577,0.0729061,0.557922,0.227901,0,0,0,2.56196,0,0,0,2.3548,0.00978286,0.203856,2.41638,0.38119,0.186859,0.132028,0.177595,3.74679,0.258076,0.546731,0
,155.202176870,0.0423307,0.077593,0.0448527,0.74726,0.191402,0,0,0.0325456,2.44529,0,0,0,1.98218,0.0732869,0.150729,1.96937,0.320142,0.893986,0,0.0378035,3.39518,0.069674,0.0990499,0.116981
,155.248616780,0.176353,0.207526,0.06628,0.716472,0.1646,0,0,0.0956053,2.37732,0,0,0,1.55551,0.196009,0.673441,1.58704,0.275312,1.03849,0.00232556,0.0569879,2.62651,0.0750415,0.00988271,0.295985
,155.295056689,0.172523,0.147512,0.107916,0.406165,0.386693,0,0,0.113433,2.44063,0,0,0,1.16221,0.139325,1.07272,1.12366,0.646789,0.976074,0.231745,0.0595466,2.16458,0.0912526,0.159889,0.104038
,155.341496598,0.319124,0.206598,0,0.222041,0.362562,0,0,0,2.51205,0.122942,0,0,0.715335,0.225095,1.37619,0.694057,0.606426,0.693117,0.417009,0.0130982,2.10237,0.421438,0.499774,0
,155.387936507,0.658765,0.37992,0,0.225524,0.20219,0.0430701,0,0.0286254,2.36672,0.172236,0,0,0.533095,0.401063,1.62561,0.828739,0.338186,0.791804,0.588569,0.0269727,2.01797,0.562792,0.372848,0
,155.434376417,0.648928,0.330341,0,0.60443,0.065168,0,0,0,2.33406,0.1749,0,0,0.525135,0.343215,1.87103,1.17953,0.109573,0.751128,0.512926,0.0265082,2.0498,0.639019,0.131897,4.26502e-05
,155.480816326,0.504043,0.199323,0,0.673785,0.120955,0,0,0,2.23088,0.188096,0,0,0.750132,0.188261,2.29725,0.929371,0.205347,0.558294,0.369954,0.135845,2.36641,0.622659,0.00314184,7.90683e-05
,155.527256235,0.322768,0.152648,0,0.474454,0.239976,0,0,0,2.12501,0.128725,0.0191216,0,0.993156,0.144177,2.23502,0.759263,0.401387,0.0941583,0.374641,0.277571,2.92499,0.439355,0.680267,2.81003e-05
,155.573696145,0.227338,0.13636,0,0.307807,0.297753,0,0,0,2.2195,0.0250871,0.0486851,0,0.901605,0.128792,2.04708,0.601233,0.498026,0.0297908,0.383082,0.174967,2.96045,0.310908,1.42494,0
,155.620136054,0.131077,0,0,0.470262,0.32531,0,0,0,2.38883,0,0.0320891,0,0.711647,0,1.55556,0.834126,0.544119,0.146466,0.403198,0.0909238,3.03317,0.169992,1.32624,0
,155.666575963,0.21622,0,0,0.74981,0.395511,0,0,0,2.14985,0,0,0,1.63287,0.209276,1.07496,1.20946,0.661538,0.304383,0.367555,0.0026906,2.90043,0.107824,1.05719,0.000109735
,155.713015873,0.320349,0,0,0.764545,0.380461,0,0,0,2.09237,0,0,0,2.10637,0.133153,0.769191,2.12349,0.636365,0.187457,0.350319,0.0127575,2.96142,0.00383095,1.26559,0.000273373
,155.759455782,0.337815,0,0,0.734807,0.357814,0,0,0,2.01941,0,0,0,2.06982,0.164045,0.582603,2.24774,0.598485,0.180769,0.388968,0,3.1115,0.00596129,1.29248,0.000153036
,155.805895691,0.353392,0.0633106,0,0.64589,0.30853,0,0,0,2.03451,0,0.00646352,0,1.69107,0.248938,0.382525,2.16405,0.516052,0.25204,0.385692,0,3.37725,0.175143,1.05048,0
,155.852335600,0.390832,0,0,0.55884,0.196247,0,0.104821,0,2.09719,0.0238199,0.00220233,0,1.40495,0.0994297,0.375097,2.38069,0.328246,0.188323,0.694453,0,3.39418,0.620373,0.354358,0
,155.898775510,0.878731,0,0.417605,0.707647,0.143553,0,0.25873,0,2.04799,0.019854,0.0227069,0.131683,0.559888,0.125893,0.62495,2.18537,0.0497041,0,1.13454,0.3905,2.84807,0.848662,0.45039,0.0337513
,155.945215419,0.858259,0,0.135672,1.11476,0,0,0.317368,0,1.7062,0.387966,0.138326,0.148883,0.312691,0.145135,0.346646,2.52802,0.00369409,0.0382799,1.11653,1.05008,1.59427,1.01295,1.14484,0.0381597
,155.991655328,0.805793,0.268255,0,1.28534,0,0,0.218523,0.309595,1.30468,0.114474,0.279895,0.323171,0.236618,0.215096,0.0724135,3.27074,0.0106685,0.07874,0.691451,1.68445,0.749386,0.492659,1.78736,0.0828311
,156.038095238,0.774218,0.404576,0,1.34343,0,0,0.0654688,0.585154,1.03611,0.0468976,0.257886,0.401097,0.222118,0.579988,0.0789023,3.46374,0.00992245,0.0928111,0.141561,1.95255,0.594518,0.174154,2.21803,0.102804
,156.084535147,0.865826,0.147191,0.385078,1.32886,0,0.142149,0.0763009,0.280745,1.13268,0.0243877,0.237779,0.247798,0.233199,0.822419,0.271551,3.0646,0,0.336224,0.0512841,1.86935,0.591252,0.146107,2.51353,0.0635124
,156.130975056,0.79102,0,0.699944,1.24588,0,0.427031,0.127614,0.115838,1.13738,0.00308821,0.226649,0,0.392586,0.817071,0.324714,2.76812,0,0.65104,0.0526771,1.6631,0.524638,0.0993297,2.50442,0
,156.177414965,0.457396,0,0.80559,1.84232,0,0,0,0.0802946,1.00752,0.416393,0.289894,0,0.945625,0.497374,0.372419,2.94318,0,0.463784,0.0136103,1.41054,0.496651,0.176054,2.24152,0
,156.223854875,0.29326,0,0.778633,2.23896,0,0,0.054421,0.157916,0.967472,0,0.0113531,0,1.15567,0.396077,0.360013,3.35657,0,0.262852,0.152005,1.56655,0.477295,0.0423051,1.90603,0
,156.270294784,0.270966,0,0.557002,2.42085,0,0,0.126576,0.142776,0.893242,0.0991594,0,0,0.959218,0.709384,0.455665,3.43886,0,0.0671467,0.353543,1.68585,0.441826,0.0579318,1.98327,0
,156.316734693,0.263347,0,0.114019,2.50634,0.13242,0,0.147807,0.111418,0.903965,0.214065,0,0,0.213109,1.25416,0.321317,3.35669,0.0517503,0.0423588,0.412843,2.06851,0.449625,0.120811,2.14629,0
,156.363174603,0.284164,0,0.0690785,2.22425,0.198808,0,0.120511,0.0506223,0.954066,0.0205013,0,0,0.229955,0.609465,0.518337,3.40604,0.0929644,0.101612,0.336601,2.09235,0.474262,0.0138295,2.07347,0
,156.409614512,0.319693,0,0.0753173,2.11183,0.162564,0,0.0978458,0.242676,1.39378,0,0,0,0.258706,0.204807,0.398555,3.26641,0.150564,0.123479,0.273295,2.24137,0.688925,0.00231669,1.91516,0
,156.456054421,0.00218716,0,0.125828,2.16716,0.12189,0,0.151077,0.180792,1.2326,0,0,0,0.426953,0.0867434,0.453173,3.1692,0.121198,0.245004,0.421977,2.39168,0.719937,0.00122764,1.99703,7.02988e-05
,156.502494331,0.249505,0.139373,0.250583,1.74124,0.0148057,0,0.171631,0.0704106,0.858051,0.0154995,0,0,0.477901,0.28161,0.835445,2.912,0.00512636,0.317505,0.621937,2.30328,0.768745,0.00852815,2.09065,0.000180098
,156.548934240,0.363224,0.478129,0.195906,1.45153,0,0,0.227585,0.0700936,0.663329,0.264663,0,0,0.293934,0.783464,1.22314,2.5013,0.0162833,0.220995,0.97253,1.91104,0.807851,0.233345,2.01089,0.000186335
,156.595374149,0.578883,0.511416,0.257367,1.35633,0.0870392,0,0.185017,0.0673405,0.383168,0.192944,0,0,0.468452,1.12964,1.31563,2.08117,0.11115,0.316896,0.865208,1.59894,0.889323,0.775878,1.2097,0.631402
,156.641814058,0.724057,0.435316,0.20832,1.3421,0.375919,0,0.116652,0.234028,0.158921,0.063938,0,0,0.585931,0.890594,1.39198,1.9658,0.456855,0.374479,0.615779,1.55555,0.893919,1.22968,0.347053,0.939046
,156.688253968,0.81284,0.369618,0.248331,1.52728,0.556794,0,0.0323384,0.153007,0.129991,0.0844295,0,0,0.709019,0.621307,1.51436,1.78893,0.668153,0.193733,0.539158,1.65152,0.730088,1.15884,0.452814,0.961486
,156.734693877,0.515762,0.309666,0.233139,1.79256,0.554499,0,0,0,0.0259747,0.441488,0,0,0.552384,0.513496,2.12353,1.1417,0.608198,0.0670157,0.54204,1.74003,0.146761,0.744415,0.863003,1.03188
,156.781133786,0.0949375,0.078057,0.245865,2.15043,0.441576,0,0,0,0.00947675,0.66744,0.00309623,0,0.0768266,0.164731,2.26699,0.95085,0.458247,0.00101497,0.658262,1.59042,0.0576856,0.524814,1.2954,0.821834
,156.827573696,0.106506,0.140651,0.193551,2.29554,0.344886,0.0632486,0.0339593,0.284195,0.0254063,0.0469953,0.00718365,0,0.0861886,0.173406,2.50604,1.01542,0.292202,0.217676,0.729816,1.04615,0.153128,0.427752,1.94948,0.110129
,156.874013605,0.437088,0.210914,0.160253,2.27038,0.246675,0.0429426,0.119835,0.298053,0.00614496,0.0120147,0.0258725,0,0.353706,0.735529,2.59645,1.09451,0.163898,0.321186,0.535786,0.566312,0.0798563,0.110658,2.12372,0
,156.920453514,0.669899,0.20077,0.137361,2.23005,0.171518,0,0.126762,0.0724282,0,0,0.0416126,0,0.515044,0.957597,2.47485,0.944611,0.0657368,0.909166,0.312837,0.528938,0.226108,0.000529598,2.5111,0.0305846
,156.966893424,0.417846,0,0.166089,2.28275,0.0563577,0,0.0259219,0.0155866,0,0,0.0512409,0.427278,0.358233,0.848586,1.91413,0.771373,0.0195135,1.39493,0.0285783,0.753722,0.347525,0,2.72772,0.300493
,157.013333333,0.311721,0,0.162574,2.37464,0.0435266,0,0,0.116079,0,0,0.0511864,0.77516,0.390508,0.572369,1.32097,0.855679,0.0150708,1.61079,0.0352937,0.631887,0.30992,0,2.70561,0.545124
,157.059773242,0.318898,0,0.199547,1.99354,0.164714,0,0,0.139532,0.0681878,0,0.067131,0.752422,0.317698,0.278105,1.17669,0.853084,0.0581854,1.65298,0.0226238,0.540032,1.04247,0,2.71535,0.529063
,157.106213151,0.126005,0.00558479,0.502227,0.659611,0.568381,0,0,0.143182,0.275245,0.0504522,0.812178,0.472735,0.0429643,0.100227,1.57756,0.610279,0.202193,1.5545,0,0.486557,1.7095,0.0277152,2.75743,0.297521
,157.152653061,0.261625,0.104647,0.746575,0.241951,0.731138,0.126395,0.019377,0.714416,0.0100147,0.00362155,0.678434,0.568887,0.171804,0.138984,1.94947,0.768656,0.260817,1.49519,0.00415049,0.362099,2.02511,0.00198945,2.89502,0.14581
,157.199092970,0.349469,0,0.80656,0.0519792,0.679291,0.421719,0.166506,0.710556,0.0332164,0,0.26165,0.564761,0.268691,0.0502579,1.8102,1.07181,0.242469,1.71043,0.0883716,0.486652,1.99612,6.68421e-05,3.26048,0.144752
,157.245532879,0.224016,0,0.74888,0,0.353065,0.558152,0.197369,0.737241,0.153449,0,0.310011,0.611641,0.420782,0,1.89445,1.15596,0.176206,1.97776,0.0683042,0.506112,1.7151,0.0246504,3.63195,0.156768
,157.291972789,0,0,0.535489,0.127633,0.133436,0.657247,0.16898,0.798489,0.247337,0,0.407107,0.683591,0.431966,0,1.90812,0.902965,0.0919115,2.03837,0.0526553,0.457174,1.75117,0.120997,3.61079,0.175209
,157.338412698,0,0,0.287323,0.390768,0.169431,0.478273,0.0614255,0.761199,0.199925,0.0158046,1.21788,0.517591,0.365261,0,1.8167,0.658491,0.111586,1.62164,0.0131571,0.356886,2.0865,0.105295,3.43826,0.132662
,157.384852607,0,0,0.0512662,0.579325,0.433516,0.0683994,0,0.805093,0.243118,0.0975641,1.79004,0.37831,0.455784,0,1.60495,0.348419,0.172841,1.09141,0.0617737,0.384552,2.23476,0.178431,3.10477,0.0969637
,157.431292517,0,0.0528128,0.0191529,0.378891,0.727831,0.0342249,0,0.789281,0.26555,0.0836248,2.02239,0.439074,0.2768,0.0498818,1.29476,0.252249,0.326973,0.976975,0.0906582,0.362357,2.19633,0.141918,3.18554,0.112538
,157.477732426,0,0.00859286,0,0.211112,0.889299,0.69528,0.0257343,0.544215,0.202934,0.0961883,2.11678,0.462899,0.0391634,0.0260077,0.961586,0.627052,0.605525,1.52163,0.0827222,0.242833,1.73306,0.131409,3.47651,0.118644
,157.524172335,0,0.00332039,0,0.212887,1.07133,1.04965,0,0.204236,0.0951594,0.0480648,2.11098,0.299913,0.20537,0.0555348,0.768906,1.20713,0.371489,1.75869,0.030456,0.0920146,1.3977,0.092164,3.69046,0.0768698
,157.570612244,0,0,0.0202646,0.189431,0.701467,1.17502,0,0.00276971,0.0437664,0,2.11953,0.275219,0.262596,0.0176727,0.878348,1.37567,0.244291,1.87678,0,0.00531904,1.59117,0.0867781,3.58195,0.0705407
,157.617052154,0,0,0.167577,0.0443878,0.604343,1.0145,0,0,0.0850842,0,2.16877,0.264843,0.0753759,0.0175763,1.1426,1.27523,0.209249,1.68621,0,0.0102283,1.6781,0.156053,3.48783,0.0678812
,157.663492063,0,0,0.31594,0,0.714869,0.762584,0,0,0.189616,0.0838418,2.06094,0.202359,0,0.0519802,0.972231,1.24069,0.247519,1.51152,0,0.153354,1.72267,0.643141,3.04345,0.0716495
,157.709931972,0,0.0856038,0.206233,0.136171,0.706208,0.448158,0,0,0.171739,0.181703,1.54586,0.129469,0,0.139584,0.527061,1.80102,0.254741,1.5211,0,0.351272,1.53386,0.821931,2.52319,0.0637003
,157.756371882,0,0,0,0.678701,0.611371,0.0697064,0,0,0.178221,0.240301,1.48383,0.10824,0,0.187913,0.0348639,2.84545,0.230366,1.27137,0,0.4771,1.33256,0.980791,2.16621,0.0568481
,157.802811791,0,0,0,0.836776,0.322847,0.111184,0,0,0.188231,0.252993,1.47112,0.170411,0,0.0467851,0.0384751,3.21669,0.13796,1.01868,0,0.533367,1.61473,1.06056,2.07846,0.0789592
,157.849251700,0,0,0,0.732168,0.237194,0.411304,0,0,0.127891,0.336257,1.59777,0.207441,0.0298651,0.0393081,0.0194112,3.39826,0.108124,0.801481,0,0.543285,1.67756,1.1585,2.16541,0.0678609
,157.895691609,0,0,0,0.333261,0.545587,0.493923,0,0,0.0227169,0.312522,1.82187,0.177596,0.105435,0.0379481,0,3.21066,0.207805,0.624778,0,0.608667,1.49522,1.08183,2.29684,0.0455192
,157.942131519,0,0,0.0172668,0,0.722444,0.445665,0,0,0.0201398,0.265471,1.78729,0.1982,0,0.0344369,0.461709,2.59497,0.256507,0.78404,0,0.675567,1.24467,0.803029,2.34595,0.0508
,157.988571428,0,0.0874942,0,0,0.735115,0.331157,0,0,0.0371219,0.260628,1.62924,0.224746,0,0.118949,1.45204,2.13632,0.448768,0.724029,0.122249,0.61312,0.80818,0.628586,2.5373,0.0576041
,158.035011337,0,0.143189,0,0.0669965,0.419983,0.182176,0,0,0.0294582,0.245458,1.65906,0.237543,0,0.159899,1.98192,1.90099,0.442441,0.703968,0.415754,0.298831,0.581283,0.579466,2.78357,0.0609041
,158.081451247,0,0.134228,0,0.130621,0.352238,0.107515,0,0,0.00966596,0.20258,2.00663,0.244916,0,0.135405,2.42573,1.73442,0.34506,0.699562,0.544832,0.061033,0.690394,0.461967,3.03721,0.0627908
,158.127891156,0,0.0601449,0,0.0833484,0.368165,0.327559,0,0,0.0121441,0.105323,2.24341,0.256102,0,0.0568071,2.74794,1.24543,0.127475,0.761134,0.633117,0,1.01786,0.413958,3.3648,0.0656407
,158.174331065,0,0.0483087,0,0.169534,0,0.526422,0,0,0,0.0540362,2.28532,0.268371,0,0.0456277,2.98053,0.797701,0,0.906757,0.649639,0,1.15857,0.502027,3.20882,0.0687855
,158.220770975,0,0.0251139,0,0.23053,0,0.0638888,0,0,0,0.075836,2.40029,0.195998,0,0.0237202,2.78749,0.782835,0,0.650078,0.513532,0,1.08425,0.715402,3.14962,0.0502357
,158.267210884,0,0.138532,0.148728,0.325966,0,0,0.0931847,0,0,0.0690107,2.38447,0.289608,0,0.0781505,2.18146,1.22934,0,0.479609,0.694661,0,1.00878,0.797596,2.90023,0.0743148
,158.313650793,0,0.171026,0.203633,0.55399,0,0,0.143342,0,0,0.0447087,2.34103,0.460858,0,0.133086,2.11075,1.49531,0,0.623891,0.742902,0,1.01896,0.490439,2.74626,0.121984
,158.360090702,0,0.184418,0.072401,0.965102,0,0,0.185885,0,0,0.0483888,2.19532,0.525696,0,0.127474,2.27478,1.49316,0.116001,1.13292,0.683615,0,0.852849,0.21998,2.80362,0.134833
,158.406530612,0,0.187594,0,1.12019,0.0717283,0.060304,0.180163,0.0179301,0,0.0738345,2.1407,0.330789,0,0.0689043,2.3676,1.32086,0.269754,1.54223,0.637833,0.00394679,0.64076,0.159107,3.16698,0.0847837
,158.452970521,0,0.102593,0.0110699,0.979262,0.302911,0.196554,0.0544623,0,0,0.0901344,2.13382,0,0,0.0291825,2.14076,1.06291,0.464682,1.80406,0.184097,0,0.395634,0.11053,3.58563,0
,158.499410430,0,0,0,0.495084,0.227766,0.837193,0.130732,0,0,0.068565,2.13596,0,0,0.00649683,1.55547,0.962466,0.325463,1.75896,0.063217,0,0.251493,0.0161419,3.82327,0
,158.545850340,0,0,0,0.608013,0.0884376,0.148723,0.427751,0,0.0430402,0.0530886,2.24946,0.406531,0,0.0644474,0.643372,2.25319,0.197826,1.17749,0.324047,0,1.04525,0.0124984,3.21336,0.168082
,158.592290249,0,0,0.0437798,1.30162,0.226765,0,0.133898,0,0.340437,0.082254,2.12485,0.376367,0,0.0716009,0.368379,2.95516,0.391158,0.770119,0.398354,0,2.10246,0.0592256,2.50303,0.242718
,158.638730158,0,0,0.0986791,1.42638,0.302279,0,0.109622,0,0.854496,0.0778379,2.04665,0.230497,0,0.0471484,0.445169,3.06424,0.519587,0.682686,0.350611,0.0132127,2.58606,0.0901677,2.06223,0.203669
,158.685170068,0,0,0,1.34426,0.31215,0,0.0432517,0,1.06363,0.0846597,2.05008,0.316526,0.195488,0.0304375,0.194331,2.94748,0.569795,0.612582,0.198038,0.0256221,2.71984,0.065531,2.18827,0.0812744
,158.731609977,0,0,0,1.21175,0.279331,0,0,0.0218667,0.918971,0.10541,2.03944,0.358728,0.770381,0.0167293,0.181036,2.48743,0.576176,0.459924,0.0903543,0.523395,2.7967,0.0248163,2.17954,0.0920819
,158.778049886,0.00284108,0,0,0.904927,0.690174,0,0,0.265372,0.50899,0.122096,2.17222,0.23515,1.44482,0,0.150446,2.28784,0.381679,0.396688,0.098798,0.810762,2.55033,0.0287445,1.85031,0.0603281
,158.824489795,0.00354305,0,0.0946613,0.602731,0.924916,0,0,0.300781,0.364739,0.0737752,1.91848,0.155654,1.52328,0,0.426862,1.91064,0.37809,0.688476,0.0821938,0.947166,2.34724,0.110726,1.73167,0.0398953
,158.870929705,0,0,0.31576,0.395598,0.234408,0.503761,0,0.160294,0.353885,0.172226,1.96355,0.370779,0.840433,0.0192708,0.251956,1.69825,0.407975,0.94232,0.0423081,1.11765,2.16798,0.201502,1.84865,0.0950333
,158.917369614,0,0,0.262134,0.234991,0.309133,0.634501,0,0.0244831,0.335515,0.198435,1.99453,0.563398,0.134295,0.0370291,0.16156,1.45233,0.57295,1.15814,0.00520254,1.13062,1.8844,0.326489,2.16073,0.144403
,158.963809523,0.129607,0.073,0.160295,0.163516,0.346839,0.821293,0,0,0.305526,0.226864,1.95976,0.646993,0.0440861,0.0869146,0.0504032,1.23827,0.676134,1.38108,0.00387266,0.945789,1.71597,0.538651,2.23601,0.165829
,159.010249433,0.469129,0.576834,0.432017,0.157262,0.472807,0.747638,0,0,0.207943,0.0910339,1.81026,0.310403,0.393441,0.251274,0.418072,1.32916,0.662668,1.19081,0.0145687,0.944507,1.46688,0.786106,1.98523,0.0795584
,159.056689342,0,0.413281,0.270033,0.243655,0.956561,0.850018,0,0,0.124792,0.22012,1.5538,0,0.843497,0.390345,1.36542,1.38025,0.425076,0.699441,0.0184588,0.949477,1.20107,1.09311,1.38435,0.000154307
,159.103129251,0,0.53087,0.57667,0.26426,0.655913,0.669076,0,0,0.0583298,0.112127,1.28252,0,0.962952,0.501409,1.65458,1.50749,0.34863,0.520727,0.0224425,0.992157,1.01461,1.17997,1.0069,0.000424897
,159.149569160,0.384998,0.616165,0.360959,0.30048,0.650278,0,0,0,0.0839897,0.110246,1.10296,0.609295,0.964621,0.58197,1.56652,1.62982,0.315482,0.415659,0.0227276,1.04616,1.22122,1.09545,0.954835,0.156741
,159.196009070,0.425016,0.248536,0.258547,0.344496,0.395058,0,0,0,0.10131,0.2084,0.616084,0.802495,1.07602,0.234743,1.35241,1.82731,0.229915,0.682536,0.0211616,1.02609,1.73879,0.647541,1.22464,0.206337
,159.242448979,0.619084,0.128766,0.589745,0.367574,0,0.486225,0,0,0,0.0421062,0.542822,1.11799,1.18506,0.12162,1.06195,1.93269,0.0990422,0.851633,0.0371354,0.981111,1.67,0.0190931,1.8555,0.34811
,159.288888888,0.671688,0.142906,0.678585,0,0,0,0,0.305518,0.355815,0,0.727022,1.12909,1.1165,0.0565371,0.78808,1.0761,0.050702,0.634563,0.0432401,0.770393,2.36503,0.304105,1.35534,0.601043
,159.335328798,0.681994,0.802722,0.335833,0,0,0.0731746,0,1.05191,0.479162,0.0173099,0,0.874464,0.633587,0.382927,0.777523,0.707335,0.0997186,0.231405,0.0510788,1.03977,2.26005,0.722848,0.927561,0.564681
,159.381768707,0.536204,0.910782,0.220122,0.171605,0.165256,0.00379152,0,1.49869,0.512722,0.024835,0,0.374221,0.433915,0.441585,0.840292,0.958811,0.0572189,0.0185571,0.050107,1.25504,2.03596,0.989347,0.904024,0.332692
,159.428208616,0.688952,0.633767,0.511234,0.624895,0.409066,0,0,1.46176,0.32641,0.0175767,0.0917221,0.632535,0.786533,0.190589,0.857321,1.71538,0.141636,0.00610231,0.0146298,1.6266,1.91,0.697337,1.13583,0.187442
,159.474648526,0.586467,0.761528,0.849821,0.712868,0.347168,0,0,1.35315,0.32219,0,0.188401,0.548081,0.847266,0.321225,0.773639,2.1951,0.120204,0.00274624,0,1.63809,2.53985,0,1.5597,0.140743
,159.521088435,0.387084,0.820135,0.982113,0.655408,0.272138,0,0,0.897507,0.356471,0,0.199141,0.510637,1.43286,0.738137,0.755674,2.16068,0.0942258,0.00713085,0,0.707026,3.24405,0,1.31684,0.131291
,159.567528344,0.435852,0.702772,1.31042,0.456604,0.0805143,0,0,0.525934,0.862747,0,0.132715,0.630874,1.79512,0.887541,0.701588,2.11528,0.0278775,0.00431764,0,0.449149,3.47458,0,1.12291,0.162045
,159.613968253,0.289622,0.69388,1.17163,0.298311,0,0,0,0.0733416,1.92883,0,0.0751535,0.807179,1.57507,0.571736,0.557621,2.03608,0.0652876,0,0.0710132,0.267733,3.45483,0,1.34012,0.206886
,159.660408163,0.206295,0.521612,0.101177,0,0,0,0,0.425131,2.06353,0.00565103,0.077107,0.767479,1.40826,0.153515,0.0376267,2.06893,0.0964022,0,0.083046,0.858683,3.14862,0.00133039,1.43092,0.19671
,159.706848072,0.370684,0,0.263714,0.115671,0.0662584,0,0,0.360759,2.35429,0,0,0,1.38372,0.0772042,0.305932,2.14543,0.128125,0,0.0710758,1.02694,3.25046,0,1.46868,0
,159.753287981,0.0938145,0,0.730859,0.0249601,0.190794,0,0.128624,0.0367422,2.28701,0,0,0,1.78515,0.288002,0.818646,2.19802,0.184584,0,0.238462,0.518329,3.13734,0.0532011,1.46023,0.00378384
,159.799727891,0.0647375,0,0.454617,0.334397,0.117785,0,0,0,2.23488,0,0.0129315,0.0015292,1.86542,0.262816,0.748751,2.25329,0.289541,0,0.415501,0.0897543,3.35901,0.3768,1.19491,0.0397481
,159.846167800,0.00782961,0,0.105705,0.592332,0.163617,0,0,0,2.37141,0,0,0,1.85136,0.264738,0.142626,1.95259,0.32511,0.475733,0.297912,0.0487035,3.28217,0.661726,0.338505,0.0169062
,159.892607709,0.159582,0.106293,0,0.557213,0.183242,0,0,0.0230691,2.45458,0,0,0,1.70286,0.100394,0,1.44304,0.35695,0.965788,0.00878543,0.0553516,2.87243,0.383979,0.0837282,0.103781
,159.939047619,0.154981,0.232481,0,0.512876,0.203938,0,0,0.0182101,2.55637,0,0,0,1.13345,0.219579,0.0629503,0.894529,0.524122,1.32972,0,0.0629102,2.41453,0.0649521,0,0.0906196
,159.985487528,0.0930128,0.238992,0.126969,0.371201,0.275145,0,0,0,2.37643,0.0800454,0,0,0.714565,0.240757,0.733353,0.538266,0.503531,1.4068,0,0.0520701,2.4613,0.268042,0.106536,0.142676
,160.031927437,0.255224,0.286339,0.17702,0.339411,0.185653,0,0,0,1.75353,0.384831,0.00967379,0,0.624526,0.306303,1.15265,0.670473,0.312008,1.56719,0,0.0411374,2.04142,0.912425,0.410572,0.257142
,160.078367346,0.525446,0.277218,0.188259,0.357265,0.217725,0,0,0.175076,1.6324,0.364605,0.0159659,0.0121919,0.562953,0.39792,1.08593,0.584673,0.416264,1.8401,0,0.109426,2.08579,0.867281,0.568388,0.471482
,160.124807256,0.69233,0.248347,0.081881,0.332894,0.35561,0,0,0.0777677,1.44019,0.103972,0.00846213,0.00876988,0.560257,0.60157,1.30817,0.450574,0.678347,1.92048,0,0.0523675,2.00054,0.935749,0.475407,0.685979
,160.171247165,0.748799,0.184871,0,0.431504,0.365444,0,0,0,1.42439,0.296434,0.00495538,0,0.709043,0.71315,1.04173,0.865563,0.667822,1.21204,0.190341,0.123326,2.03081,1.05657,0.249238,0.757168
,160.217687074,0.646115,0.159423,0,0.418734,0.357012,0,0,0,1.47804,0.201203,0.0058764,0,0.69553,0.790813,0.438406,0.997259,0.612795,0.117917,0.293909,0.175027,2.37373,0.934406,0.397263,0.556872
,160.264126984,0.302031,0.143606,0.0263262,0.406643,0.289897,0,0,0.0110441,1.60746,0.199119,0.0274665,0,0.244414,0.964365,0.697119,1.45468,0.485113,0,0.118312,0.148546,2.42363,0.735015,1.35924,0.000134972
,160.310566893,0.117237,0,0.147939,0.654566,0.346947,0,0.0587061,0.062078,1.86237,0.0572278,0.0785791,0,0.0948723,1.29031,1.00134,1.7887,0.584382,0,0.165476,0.147164,2.45952,0.115284,1.75841,0
,160.357006802,0.0746555,0,0.16372,0.712288,0.366544,0,0.107707,0.063393,2.06184,0,0.0691106,0,0.192022,1.5287,0.898138,1.75461,0.622432,0.184558,0.305282,0.214542,2.65928,0.00790877,1.85878,0
,160.403446712,0.167405,0,0.175909,0.688398,0.377811,0,0.121885,0.0193369,2.29144,0,0.00918339,0,0.761821,1.10962,0.873074,1.87397,0.641677,0.707932,0.373386,0.125435,2.70069,0.00177169,1.39512,0
,160.449886621,0.20724,0,0,0.703315,0.375286,0,0.086181,0.0294687,2.44316,0,0,0,1.21619,0.484897,0.689607,1.89644,0.62771,0.586373,0.331093,0.0272413,3.29432,6.35416e-05,0.71825,0
,160.496326530,0.371028,0,0,0.600426,0.322487,0,0.0208639,0.130081,2.47751,0,0,0,1.04389,0.176105,0.41431,1.82137,0.539397,0.402267,0.219526,0.0649417,3.45556,0.489021,0.420699,0
,160.542766439,0.499169,0.093186,0.589651,0.284928,0.222693,0,0.063275,0,2.45448,0.00666472,0.000133309,0,1.1059,0.134349,0.660476,1.73621,0.37248,0.263561,0.335478,0.0841895,3.29553,0.488321,0.389646,0
,160.589206349,0.883042,0.313905,1.31919,0.287688,0,0,0.167204,0,2.19471,0,0.226355,0.301615,0.939319,0.188308,0.835926,1.4097,0.424265,0.18449,0.695511,0.117197,3.03549,0.413577,0.896055,0.0773062
,160.635646258,0.872986,0.459757,0.773593,1.19413,0.257854,0,0.194356,0,1.73868,0.170894,0.147146,0.343802,0.875089,0.487337,0.482736,1.7576,0.521294,0.0861745,0.765046,0.390139,2.42059,0.446359,1.679,0.0881189
,160.682086167,0.791794,0.558454,0.0377768,1.55034,0.0744394,0,0.238721,0.0602547,0.103651,0.899273,0.174342,0.493073,0.681497,0.510007,0.289993,2.28307,0.29003,0,0.531898,1.00279,1.74435,0.498436,2.43528,0.126378
,160.728526077,0.784342,0.482535,0.0557217,1.57281,0.243499,0.0499043,0.252857,0.053857,0.0493946,0.380002,0.394503,0.511757,0.565235,0.425552,0.806065,2.46686,0.139953,0.129668,0.192936,1.64869,0.783283,0.212503,2.66765,0.131167
,160.774965986,0.768158,0.260733,0,1.63392,0.317773,0.0493042,0.192539,0.0838186,0.0755554,0.307167,0.313543,0.305741,0.373232,0.33502,1.49781,2.24576,0.155422,0.295911,0.0967222,1.9485,0.425033,0.168738,2.61128,0.0783636
,160.821405895,0.188176,0.000852545,0.544709,1.78242,0.21061,0,0.0283097,0.349765,1.20617,0.0947841,0.394548,0.0388872,0.199048,0.0622738,1.92936,1.89015,0.113001,0.198959,0.083507,2.23253,0.633907,0.0223146,2.76414,0.00996708
,160.867845804,0.245735,0,0.609367,1.77291,0.301353,0,0,0.0752941,1.26193,0,0.0110315,0.0248379,0.764337,0.0764799,1.94347,2.11619,0.189967,0,0.0898993,2.03463,0.623855,0,2.62307,0.00636614
,160.914285714,0.347083,0,0.232994,1.7471,0.296944,0,0.0562719,0.0152127,1.14323,0,0,0.15829,1.15928,0.157494,1.45877,2.27656,0.22475,0,0.249623,1.77809,0.711053,0.00127787,2.37361,0.0405708
,160.960725623,0.457622,0,0.0617229,1.93143,0.302589,0,0.117688,0.0561453,1.04019,0,0,0.228861,1.33729,0.21357,0.765894,2.49253,0.254799,0.0160064,0.396272,1.39309,0.688101,0.00188551,2.15684,0.0586588
,161.007165532,0.477477,0,0.0287143,1.99717,0.284208,0,0.0766102,0,0.763058,0,0,0.322307,1.38189,0.206502,0.724376,2.65873,0.326759,0.10101,0.223318,1.36462,0.558999,0.00147423,2.08477,0.0826096
,161.053605442,0.324407,0,0.122177,1.98066,0.298029,0,0.0481333,0,0.449947,0,0,0,0.721774,0.172329,1.1838,2.81828,0.370766,0,0.134442,1.37503,0.316242,0.00119961,2.26432,0
,161.100045351,0.133922,0.0413196,0.129353,2.06916,0.229175,0,0,0.011341,0.370346,0,0,0,0.108374,0.214499,1.34808,2.87533,0.232711,0,0,1.41973,0.238915,0,2.45923,0
,161.146485260,0.0301071,0.0958826,0.393182,1.88785,0.0914731,0.144541,0,0.149965,0.476318,0.10162,0,0.00147245,0.0243637,0.272068,1.37802,2.84882,0.0746757,0.307071,0,1.52557,0.252563,0.0558238,2.5656,0.0587468
,161.192925170,0.252562,0.275629,0.248738,1.54645,0.0111225,0.0819218,0,0,0.546603,0.224561,0,0.00301411,0.205231,0.392266,1.50473,2.54725,0.00842598,0.174039,0.0915981,1.53531,0.288668,0.422674,2.50444,0.120255
,161.239365079,0.422654,0.504433,0.178385,1.48528,0,0,0,0,0.364601,0.250619,0,0.00157692,0.359376,1.30269,0.896156,2.08096,0,0,0.424069,1.27908,0.354622,1.05989,2.20631,0.0682181
,161.285804988,0.716238,0.438464,0.228094,1.57227,0.177003,0,0,0,0.124468,0.2373,0,0,0.842707,1.23244,0.55253,1.6116,0.0612862,0,0.533415,1.50915,0.456372,1.2024,2.09455,2.33307e-07
,161.332244897,0.903784,0.263944,0.175689,1.74806,0.293847,0,0,0.0291685,0.0903334,0.0808553,0,0,1.52433,0.632557,0.811725,1.4658,0.218218,0,0.524581,1.67862,0.520795,0.903418,2.10902,2.25975e-05
,161.378684807,1.0092,0.160417,0.231358,1.96333,0.308395,0,0,0.00851161,0.0814229,0.233316,0,0,1.42447,0.160368,1.70799,1.6048,0.217342,0,0.44736,1.53014,0.462356,0.704368,2.1694,1.66029e-05
,161.425124716,0.52693,0.0702259,0.208174,2.16387,0.106892,0,0,0.122749,0.0105298,0.319116,0,0,0.715825,0.0663286,2.23365,1.77019,0.165233,0,0.405069,1.76679,0.0642453,0.75088,2.08685,7.07605e-06
,161.471564625,0.101111,0,0.184942,2.08022,0.207318,0,0,0.112384,0.0728092,0.0579054,0,0,0.110762,0,2.64957,1.17452,0.15049,0.268765,0.378806,1.99156,0.413826,0.783323,2.03638,4.30492e-06
,161.518004535,0.120479,0,0.11816,1.97431,0.222314,0.0290812,0,0.267964,0.111295,0.0486811,0,0,0.0974953,0.00505114,2.9885,0.84306,0.156558,0.647163,0.298612,1.83341,0.663991,0.698383,1.99144,0
,161.564444444,0.421128,0,0.101237,2.04233,0.18451,0.0403797,0,0.294419,0.0686523,0.0128125,0,0,0.340791,0.008232,3.01724,0.794966,0.103481,1.09197,0.200192,1.53968,0.478398,0.31679,2.1541,0
,161.610884353,0.623086,0.00965636,0.185765,2.1575,0.130549,0.00326125,0,0.0682626,0.00517922,0.00441708,0.030533,0,0.504222,0.022027,2.73892,1.28912,0.0605705,1.21229,0.15086,1.28601,0.126624,0.16501,2.37034,0
,161.657324263,0.769332,0,0.273428,2.40874,0.0710919,0,0,0,0.00849817,0,0.0691389,0,0.622569,0.00330395,2.30609,1.67204,0.044402,1.12417,0.147199,0.979328,0.0816633,0.208845,2.64529,0
,161.703764172,0.72548,0,0.18466,2.45832,0.202217,0,0,0.10564,0.00189878,0,0.102682,0.00628553,0.587083,0.0411723,1.83839,2.11106,0.158914,0.895261,0.176328,0.801878,0.0106644,0.237611,2.87159,0.00444371
,161.750204081,0.599254,0,0.046621,2.20393,0.370644,0,0,0,0,0,0.650316,0.0385375,0.423032,0,0.957405,2.96707,0.148774,0.931328,0.155016,0.769537,0.00311522,0.218958,2.88203,0.00988044
,161.796643990,0.471608,0,0.146536,1.13123,0.840301,0.139,0.00474148,0.0633818,0.239467,0,1.20461,0,0.193922,0,0.80997,2.87384,0.309203,0.943856,0.0196681,0.798002,0.617462,0.0772109,3.02788,2.66055e-05
,161.843083900,0.513322,0.25282,0.377504,0.629994,0.805653,0.465664,0.176352,0,0.487651,0,0.752775,0.358946,0.41561,0.0719144,0.994557,2.56582,0.292125,1.40884,0.0703719,0.565351,1.1014,0.0379971,3.09068,0.0943762
,161.889523809,0.520653,0.0590053,0.907283,0.135031,0.777048,0.662214,0.631499,0,0.482778,0,0.514892,0.450145,0.527326,0.016784,1.23727,2.0053,0.276219,1.9438,0.243791,0.569929,1.28248,0.075015,3.19593,0.118575
,161.935963718,0.326215,0,0.841109,0,0.449953,0.711598,0.517375,0.340045,0.113458,0,1.31302,0.578921,0.551479,0,1.0845,1.29301,0.163388,2.15048,0.197827,0.7012,1.21869,0.101305,3.58173,0.148738
,161.982403628,0.00413734,0,0.361892,0,0.377652,0.673294,0.180412,0.601419,0.165579,0,1.65392,0.684798,0.38779,0,0.699358,1.05317,0.147161,2.19945,0.0567299,0.901609,1.12593,0.00223607,3.76954,0.175981
,162.028843537,0,0,0.141832,0.543092,0.444966,0.523303,0,0.597833,0.329184,0,1.81815,0.64965,0.291637,0,0.886308,0.996121,0.17212,2.15915,0.00959876,0.577728,1.46548,0,3.59319,0.166975
,162.075283446,0,0,0.142988,1.03319,0.292704,0.161864,0,0.497769,0.260352,0.0389253,1.9146,0.370262,0.299371,0,1.24996,1.07455,0.121053,2.02948,0.00116833,0.22774,1.76669,0.00990538,2.9934,0.0951557
,162.121723356,0,0,0.105116,0.92971,0.0524579,0.152353,0.0157806,0.305849,0.165532,0.0977508,2.00602,0.403645,0.179444,0,1.38502,1.50826,0.092553,1.88101,0.0440772,0.136472,1.42251,0.0311583,2.9864,0.103529
,162.168163265,0,0,0.0398014,0.873888,0.301329,0.526474,0.0312174,0.0770246,0.0449668,0.107493,2.06724,0.37374,0.202475,0,1.18212,1.82743,0.179724,1.93588,0.0871941,0.034369,0.905094,0.0874362,3.2451,0.0957924
,162.214603174,0,0,0.00817342,0.925643,0.383945,0.753016,0,0,0.102078,0.054774,2.09726,0.31022,0.124602,0,1.0293,1.74548,0.135596,1.86265,0.000277101,0,1.12412,0.0364216,3.49486,0.0795117
,162.261043083,0,0,0.0129602,0.887308,0.298221,0.715011,0,0,0.198207,0.0107399,2.09491,0.281634,0.0468787,0,0.867108,1.51316,0.110618,1.75529,0.0488331,0,1.81315,0.00252845,3.376,0.0721848
,162.307482993,0,0,0.326457,0.384004,0.645861,0.1808,0,0,0.244306,0.0932283,2.0849,0.237574,0,0.0364883,0.885886,1.51898,0.228565,1.6217,0.002383,0.000746047,2.28142,0.54773,2.90233,0.0720729
,162.353922902,0,0,0.527394,0.179598,0.818532,0,0,0,0.215442,0.0727913,1.64001,0.174045,0,0.124493,0.842437,1.68936,0.283411,1.59889,0,0.22328,2.30378,0.550518,2.30785,0.077384
,162.400362811,0,0,0.509296,0.140903,0.786635,0,0,0.0873417,0.224568,0.0695189,1.67866,0.125832,0,0.211801,0.699934,1.76417,0.279762,1.24827,0,0.555517,2.21978,0.485751,2.39979,0.0681747
,162.446802721,0,0,0.305066,0.2675,0.851652,0.238673,0,0.0610911,0.250266,0.14166,1.76845,0.0644742,0,0.292835,0.795691,1.96134,0.305136,1.01435,0,0.708683,1.97857,0.483262,2.48249,0.050594
,162.493242630,0,0,0.2347,0.386329,0.554801,0.502905,0,0,0.285808,0.227414,1.79521,0.0791471,0,0.202377,0.770101,2.02004,0.359494,1.03232,0,0.787361,2.07388,0.502275,2.52825,0.0544767
,162.539682539,0,0,0.271839,0.266197,0.462094,0.579919,0,0,0.280522,0.305468,1.76996,0.0846568,0,0.131345,0.806077,1.99532,0.400631,1.00037,0,0.80193,2.02434,0.622903,2.51403,0.0362272
,162.586122448,0,0,0,0.15316,0.513938,0.441784,0,0,0.111663,0.361092,1.68416,0.1444,0,0.0839442,1.12887,1.73971,0.177947,0.87076,0,0.747308,1.53954,0.878736,2.51341,0.0370108
,162.632562358,0,0,0.0488148,0,0.564388,0.677094,0.029099,0,0.0169386,0.211152,1.7885,0.181375,0,0.0583117,1.642,1.68318,0.195415,1.052,0.0118469,0.619947,1.10024,0.655056,2.5083,0.0464877
,162.679002267,0,0.129837,0,0,0.624099,0.581294,0,0,0.0268365,0.203115,1.90549,0.201475,0,0.147835,2.32827,1.50163,0.250691,1.1021,0.124194,0.44626,1.09445,0.558772,2.36995,0.0516396
,162.725442176,0,0.196787,0,0.168791,0.519892,0.424366,0,0,0.0217822,0.17215,2.07983,0.22667,0,0.247946,2.48744,1.38979,0.292761,1.0306,0.311233,0.376074,1.01714,0.81934,2.22187,0.0580971
,162.771882086,0,0.191349,0,0.102054,0.244353,0.310727,0,0,0.0186024,0.168202,1.99499,0.261171,0,0.302473,2.34759,1.54536,0.0846054,1.09133,0.360262,0.309494,1.11731,1.08959,2.08045,0.06694
,162.818321995,0,0.14982,0,0.0630611,0.14175,0.412733,0,0,0.0146084,0.118876,1.99095,0.274319,0,0.215119,2.62862,1.16306,0.0490799,1.42994,0.38647,0.276681,1.09554,0.924619,2.1576,0.0703197
,162.864761904,0,0.152559,0.661648,0,0,0.384919,0,0,0.00205393,0.0910307,2.10371,0.234925,0,0.182026,3.16241,0.663494,0,1.54061,0.564609,0.13417,1.16096,0.547421,2.62711,0.0602165
,162.911201814,0,0,1.08664,0.126312,0,0.0430519,0.0422591,0.0136173,0,0.0178988,2.17815,0.138999,0,0.0053165,2.94435,0.726876,0,1.45154,0.586727,0.0523054,1.49968,0.407466,3.10571,0.0356264
,162.957641723,0,0.0989321,1.29403,0.0747775,0.00714793,0,0.441814,0.0347292,0,0,2.09814,0.380948,0,0.0434869,2.35753,0.768362,0.0119557,1.47197,0.704831,0.133399,1.94219,0.102053,3.36942,0.0976397
,163.004081632,0,0.139123,1.21637,0.155503,0,0,0.352205,0.038174,0,0,2.01146,0.662894,0,0.054781,1.72878,0.87074,0.00466426,1.55118,0.553874,0.146631,1.88828,0.0717737,3.51616,0.169905
,163.050521541,0.159415,0.0986389,0.480336,0.756008,0,0,0.15713,0.0505949,0,0,1.93972,0.808958,0.0429363,0.0318747,1.52104,1.2539,0.0222378,1.54035,0.385439,0.011137,1.66977,0.177265,3.43649,0.207342
,163.096961451,0.44886,0.0497233,0.156271,0.952383,0,0.405722,0.0923559,0.0751525,0,0,1.96334,0.751056,0.120894,0.0141438,1.95331,1.62324,0.0146131,1.39766,0.19374,0.0165427,1.32405,0.121379,3.35173,0.192501
,163.143401360,0.723859,0.0191025,0.553676,0.675591,0.0787237,0.419334,0.123242,0.471682,0.0443109,0,1.89642,0.488887,0.194962,0.0174323,2.05317,1.78606,0.0338209,0.944424,0.0512336,0.186731,1.0501,0.140083,3.20334,0.125305
,163.189841269,0.814535,0.00975736,0.67532,0.126444,0.0980145,0.231279,0.445948,0.481313,0,0,1.76716,0.133161,0.219384,0.00921586,1.92194,1.76354,0.0373047,1.00522,0.174171,0.105947,1.06387,0,3.06618,0.03413
,163.236281179,0.264876,0.142159,0.251947,0.720463,0.0185246,0.206703,0.489334,0.484457,0.266846,0,1.30639,0.1156,0.0713409,0.0434604,1.43872,2.07029,0.0202116,1.2734,0.179471,0.10883,2.06253,0,2.39251,0.0296292
,163.282721088,0.347413,0,0,0.978286,0,0.239081,0.269342,0.352305,0.840778,0.0115969,0.568317,0.345067,0.696774,0.0213037,0.335968,2.13541,0.00520544,1.47044,0.0917545,0.0953341,2.39689,0.00737086,2.02121,0.0902047
,163.329160997,0.265358,0,0,1.44138,0,0,0.0139198,0.26545,1.45561,0,0.738447,0.434972,1.01518,0.0303288,0.040096,2.32986,0.0110372,1.22964,0.024314,0.0798221,2.28337,0.000399717,2.32162,0.111653
,163.375600907,0.0508623,0,0,1.13585,0.212428,0.147555,0,0.165964,1.45095,0,0.8777,0,0.994182,0.0303511,0.0358497,2.68304,0.0863177,0.978923,0.0283002,0.0690603,1.98664,0.00040012,2.50564,0.000102167
,163.422040816,0.00395098,0,0,0.942682,0,0.309326,0,0.0532465,1.39727,0.178579,0.901855,0,0.930919,0.0222572,0.0029309,2.71385,0.018445,0.661507,0.0730828,0.0546683,2.18858,0.042042,2.50692,4.86175e-05
,163.468480725,0.0712294,0,0,0.454445,0,0.360409,0.039807,0.0609069,1.30233,0.257082,0.960922,0,0.517427,0.0176927,0.220707,2.39244,0.0271171,0.578456,0.189837,0.0593066,2.48509,0.0610376,2.29516,0.0390829
,163.514920634,0.143967,0,0.0916397,0,0,0,0.219807,0.222006,0.862575,0.374315,0.336128,0.38674,0.153702,0.0318758,0.94783,1.9102,0.0310707,0.699873,0.121567,0.0855847,2.3342,0.469244,1.91194,0.10505
,163.561360544,0,0,0,0.14951,0.0585247,0.208618,0.064558,0.339165,0.21002,0.801415,0.65161,0.724203,0,0.0438024,1.18251,1.60649,0.0526882,0.987911,0.0138281,0.113998,2.62665,0.634981,1.58681,0.202492
,163.607800453,0,0,0,0.401825,0.36921,0.137724,0,0.154014,0.274196,0.384836,1.40556,0.246213,0,0.0783762,1.31535,1.41887,0.157405,1.0505,0,0.112063,2.62143,0.711451,1.5886,0.0831748
,163.654240362,0,0.0742028,0.280921,0.525859,0.257376,0.177301,0,0.289793,0.268686,0.339416,1.41848,0.0974722,0,0.221526,1.41345,1.21865,0.108148,1.18752,0,0.168722,2.529,0.661818,1.88593,0.0496781
,163.700680272,0,0.170995,0.467223,0.0461379,0,0.714818,0,0.132918,0.195084,0.496353,1.51041,0.123432,0,0.213384,1.30608,1.29011,0.0120258,1.52435,0,0.0703132,2.47216,0.635827,2.21607,0.0439512
,163.747120181,0,0.250187,0.47465,0,0.00759463,0.813074,0,0,0.0578479,0.80999,1.49748,0.237818,0,0.236302,0.92262,1.63312,0.00323302,1.48131,0.00445494,0,2.14353,0.611229,2.39267,0.0609544
,163.793560090,0.231416,0.0692777,0.199776,0.0469361,0.0752119,0.545588,0,0,0.0793695,1.03602,1.36815,0.355608,0.0623289,0.0654331,0.428656,1.5984,0.0291202,1.20169,0.0525979,0,2.14659,0.642478,2.97231,0.0911602
,163.840000000,0.71085,0,0.365695,0.504461,0,0.369091,0.0692816,0.0376591,0.156697,0.861029,0.772538,0.252214,0.191458,0,0.502402,1.71873,0.0268654,1.22284,0.245368,0.060383,2.04127,0.466763,2.77951,0.0646656
,163.886439909,0.721664,0,0.573723,0.862916,0,0,0,0.1112,0.0237373,0.417445,0.390374,0.774722,0.194371,0,0.730304,1.97589,0.0284777,1.03263,0.0406537,0.0722858,1.87808,0.521736,2.55734,0.198577
,163.932879818,0.72523,0,1.07299,0.868591,0,0,0,0,0.0966517,0.0712513,0.901162,1.11065,0.419745,0,0.855061,2.13892,0.0193422,0.808626,0.144334,0.279595,1.38455,0.265501,2.4852,0.284667
,163.979319727,0.485345,0.219354,1.61545,0.708812,0,0,0.0264079,0.0440427,0.125546,0.138722,0.929163,0.646063,0.365438,0.062395,1.06169,1.38446,0.156807,0.522734,0.382762,0.319611,1.69391,0.165948,2.25591,0.480132
,164.025759637,0.273862,0.0400963,0.635549,0,0,0,0.0189172,0.776554,0.45909,0.221211,0.932634,0.464318,0.221619,0.0378711,1.003,0.582941,0.0562308,0.193507,0.383623,0.491663,1.62083,0.778962,2.33229,0.429436
,164.072199546,0.851265,0.16564,0,0.12062,0.264228,0.227717,0,0.770023,0.644286,0.174353,0.179067,0.242309,0.688873,0.156448,0.393833,0.862182,0.129778,0.0852082,0.372901,0.41608,1.43305,0.654301,2.14072,0.333402
,164.118639455,1.07811,0.145425,0.711744,0.437562,0.264739,0,0,0.430472,0.856506,0.0120651,0.57389,0.222656,0.872444,0.291579,0.329089,0.988918,0.133684,0,0.0555547,0.239329,2.3255,0.129814,2.00992,0.230154
,164.165079365,0.970331,0.275288,0.792668,0.307143,0.263667,0,0,0,1.18392,0.14595,0.334119,0.250729,0.828759,0.320241,0.391938,0.923415,0.135239,0,0.0290662,0.32367,2.57979,0.036889,1.75267,0.0863904
,164.211519274,0.860185,0.414304,0.952822,0.436858,0.0829047,0,0,0,1.54039,0.254714,0.336675,0.482085,1.18742,0.870984,0.330023,0.777807,0.0672304,0,0.00370485,0.874115,3.05952,0.0617708,1.34143,0.123562
,164.257959183,1.04025,0.527297,0.701523,0.510557,0,0,0,0.0116706,1.50631,0.208551,0.14384,0.593998,1.44154,1.6007,0.48579,0.946104,0.0283882,0,0,1.18669,2.96353,0.049175,0.856476,0.152246
,164.304399092,0.811719,0.57952,0.418358,0.311168,0,0,0,0.109538,1.66759,0.0532913,0,0.626047,1.09468,2.32754,0.399333,1.24499,0.0172164,0,0.0748344,1.31192,2.66988,0.0125461,0.832295,0.16046
,164.350839002,0.602156,0.57006,0.0449607,0.252591,0,0,0,0.281735,1.84482,0.450782,0.0113155,0.640326,0.819092,2.39756,0.0503611,1.31449,0.00663441,0,0.182298,1.3719,2.63536,0.106126,1.25536,0.16412
,164.397278911,0.627128,0,0.196222,0,0,0,0,0.48553,1.94988,0,0.0589509,0,1.07927,2.33024,0.335314,1.16071,0.00908855,0,0.264623,1.22812,2.65646,0,1.44483,0
,164.443718820,0.0954253,0,0.40908,0.18978,0.0175069,0,0,0.267464,2.00673,0.0347638,0.0763778,0,0.923318,2.18801,0.799723,1.07122,0.0319714,0,0.34723,0.986882,2.68139,0.228358,1.10086,0
,164.490158730,0,0,0.168709,0.586009,0.151689,0,0,0.233944,2.38739,0,0,0,0.849145,1.95607,1.04725,1.57387,0.253718,0,0.319246,0.798684,2.74948,0.703371,0.452711,0
,164.536598639,0.00200041,0.238693,0.040127,0.707617,0.159084,0,0,0.183261,2.49247,0,0,0,0.692321,1.01908,1.2648,1.92326,0.296601,0,0.028631,0.496322,2.53,0.784349,0.114358,0
,164.583038548,0.19359,0.297745,0,0.520113,0.178656,0,0,0,2.41695,0,0,0,1.12664,0.281221,0.785805,1.55678,0.30718,0,0.209434,0.058664,2.42134,0.43905,0.249124,0
,164.629478458,0.303596,0.482347,0,0.381568,0.219565,0,0,0,2.4241,0,0,0,0.736711,0.547565,0.628008,0.663968,0.367249,0,0.292367,0.00554956,2.30909,0.459322,0.215267,0
,164.675918367,0.275144,0.179793,0.0961944,0.136785,0.17805,0,0,0,2.11115,0.258803,0,0,0.408609,0.779964,0.270634,0.187577,0.330232,0.0963486,0.226285,0.00402883,2.45143,0.462196,0.141627,0
,164.722358276,0.387315,0,0.0345057,0.235643,0.159976,0,0,0,2.09309,0.338111,0,0.0881898,0.353257,1.21874,0.344562,0.318944,0.335092,0.099233,0.146875,0.00252971,2.57926,0.673631,0.394662,0.061995
,164.768798185,0.494798,0,0.124838,0.42463,0.246129,0,0,0,1.99478,0.0655078,0,0.0780245,0.400407,1.74585,1.10474,0.642012,0.458141,0.0413795,0.0536283,0,2.41096,0.593265,0.8157,0.0548491
,164.815238095,0.468081,0.0276642,0.130419,0.449389,0.315089,0,0,0.127381,1.90219,0.0642021,0,0,0.378787,1.90923,1.44832,0.862643,0.530454,0.228457,0.00761539,0.0736038,2.42339,0.584549,0.976876,0
,164.861678004,0.438137,0.152496,0.0285445,0.487987,0.291786,0,0,0,1.90143,0.226852,0,0,0.354555,1.51438,2.4421,0.858396,0.488045,0.470993,0.17708,0.0359294,2.73103,0.596503,1.09935,0
,164.908117913,0.520723,0.152547,0,0.578909,0.222615,0,0,0,2.04571,0.258635,0.0155474,0,0.715738,0.578495,3.13585,0.795749,0.37235,0.607548,0.342575,0.0296092,2.7497,0.628153,1.20724,0
,164.954557823,0.44626,0,0.244705,0.666264,0.296171,0,0,0,2.28016,0.0633738,0.0314236,0,1.18477,0,2.77707,1.16185,0.49538,0.856993,0.352457,0.07666,2.7581,0.378694,1.30627,0
,165.000997732,0.307651,0.241352,0.408608,0.725876,0.732156,0,0,0,2.32027,0,0,0,0.965553,0.0686525,1.28482,1.84295,0.808976,1.07651,0.15383,0.0231598,3.13509,0,1.19539,0.0132289
,165.047437641,0.474496,0.014807,0.0242805,0.697925,0.645005,0,0,0,2.35144,0,0.0239236,0.684892,1.03869,0.0139853,0.3721,2.14658,0.863222,0.837067,0.0530729,0.0191814,3.51315,0,1.24867,0.186821
,165.093877551,0.374708,0.0121579,0,0.843665,0.633716,0,0,0,2.40947,0,0.358179,0.650248,1.09798,0.0114832,0.0329488,2.39086,0.85608,0.507378,0.0429266,0.00881875,3.82012,0,1.07747,0.168108
,165.140317460,0.122395,0,0,1.32953,0.670043,0,0.0227558,0,2.41649,0,0,0,1.20652,0,0.00250367,2.57694,0.757078,0.0954752,0.215963,0,3.8666,0.0537092,1.03461,6.79582e-05
,165.186757369,0.195722,0,0,0.734637,0.35968,0,0.0126106,0,2.40276,0,0,0,1.48126,0,0.00927386,2.70619,0.611313,0,0.340754,0,3.76458,0.136597,0.888441,9.30662e-05
,165.233197278,0.273065,0.421541,0.222808,0.896478,0.46233,0,0.155364,0,2.24495,0,0.0287895,0,1.5073,0.119907,0.122334,2.9356,0.160079,0,0.721027,0,3.49533,0.135793,1.06074,0
,165.279637188,0.803909,0,0,1.20012,0.16595,0,0.159958,0,1.49949,0.312377,0.286587,0.213109,1.17725,0,0.121791,3.29425,0.0574591,0.0153582,0.682693,0,2.64515,0.187618,1.75582,0.0546213
,165.326077097,0.713573,0.36205,0,1.40912,0,0,0.116391,0.496244,0.899372,0.0891729,0.343455,0.208509,0.951393,0.159566,0.138239,3.5366,0,0.0256466,0.629281,0.608593,1.91818,0.112905,2.03768,0.0534422
,165.372517006,0.586846,0.464681,0.134782,1.4734,0,0.292424,0.107007,0.802151,0.246206,0,0.322748,0.430411,0.658333,0.481711,0.141768,3.81418,0,0.281869,0.404939,1.22724,1.4027,0.0990624,2.20332,0.110318
,165.418956916,0.649068,0.259088,0.484621,1.47167,0.0839819,0.228683,0.0310083,0.46697,0,0,0.3832,0.398265,0.380806,0.58831,0.177746,3.92547,0.0290782,0.42701,0.185719,1.64238,1.10418,0.105761,2.32937,0.102078
,165.465396825,0.652874,0,0.861113,1.57113,0.0449449,0,0.00662355,0.0576112,0.445285,0,0.375605,0.193025,0.175843,0.404564,0.274425,3.97257,0.0155619,0.315966,0.057462,2.03056,0.610011,0.0970982,2.5932,0.0494738
,165.511836734,0.229164,0,0.330256,1.99202,0.0184287,0,0.0203205,0.129065,0.803112,0.00821535,0.361165,0.00439475,0.0617222,0.221053,0.0997358,3.87872,0.00638081,0.0489058,0.00435257,2.49798,0.285837,0.0370738,2.77533,0.00112641
,165.558276643,0.0108941,0,0.279917,2.50584,0,0,0.0719718,0.0955889,1.06434,0,0.0513738,0.0592442,0.00293417,0.118447,0.0915249,3.8835,0.00310964,0.0243669,0.204416,2.55164,0.52468,0.0154259,2.58738,0.0151847
,165.604716553,0.0488431,0,0.310368,2.6201,0,0,0.118872,0,1.26391,0.00260786,0.0399775,0.0725211,0.0131552,0.158579,0.0937298,3.86581,0.00841518,0,0.351648,2.28611,0.623037,0.0195038,2.36124,0.0185877
,165.651156462,0.192115,0,0.00641176,2.83779,0,0.0113896,0.0825504,0,1.2977,0.0774029,0.045612,0.0887432,0.0517436,0.148459,0.124475,3.86414,0.00662136,0.00426182,0.293782,2.05516,0.639694,0.0435653,2.35564,0.0227455
,165.697596371,0.0723368,0,0,2.68366,0.162733,0,0.0312068,0,1.07701,0.0584273,0.0511872,0,0.0585374,0.103681,0.379375,3.97863,0.0574317,0.00811839,0.155799,1.84717,0.531203,0.0331884,2.39927,0
,165.744036281,0.0446594,0,0.0303422,2.6936,0.096261,0,0,0.108331,0.866497,0,0.052643,0,0.0361399,0.103297,0.399042,3.82853,0.039356,0.0895287,0.0627001,2.19745,0.429721,0.00139393,2.36851,0
,165.790476190,0,0,0.0772923,2.72766,0.0748559,0,0.00157851,0.129183,0.862726,0.0256428,0.0609843,0,0,0.172995,0.54437,3.75966,0.0386599,0,0.0175005,2.19824,0.427698,0.0180915,2.39791,0
,165.836916099,0,0,0.182979,2.65575,0.10916,0,0,0.147022,1.1377,0.252967,0.0181464,0,0,0.20162,0.652448,3.76497,0.0508265,0,0.0398065,2.13807,0.563121,0.691736,1.93088,0
,165.883356009,0.0571653,0,0.0806572,2.53799,0.212106,0,0,0.0349319,1.12143,0.21679,0,0,0.0478945,0.174159,1.11603,3.52434,0.0734404,0,0.0346326,1.96229,0.558681,1.46375,1.43841,1.18008e-05
,165.929795918,0.120623,0,0,2.51954,0,0.448004,0,0,0.815126,0.0919312,0,0,0.102308,0.113599,1.69802,3.19064,0,0.167636,0.102022,1.58076,0.671525,1.78615,1.08373,7.07935e-05
,165.976235827,0.257441,0,0,2.5539,0,0.512285,0,0.0875154,0.142482,0.0881111,0,0,0.20833,0.011423,2.31889,2.87327,0,0.191689,0.207092,1.39092,0.802752,1.75334,1.09076,7.3905e-05
,166.022675736,0.267038,0,0.134969,2.59986,0,0.336605,0,0.223432,0.167138,0.0805182,0,0,0.216096,0.000123196,2.77201,2.31871,0,0.125953,0.283837,1.52216,0.941892,1.58662,1.3279,5.94899e-05
,166.069115646,0.0665611,0,0.16946,2.59139,0,0.282948,0,0.0261547,0.166655,0.229877,0,0,0.0538635,0,2.90687,2.23811,0,0.105875,0.339113,1.76148,0.939813,1.31248,1.66052,5.48476e-05
,166.115555555,0,0,0.0583016,2.56829,0,0,0,0.0192931,0.166063,0.607288,0,0,0.0328097,0,2.94708,1.98073,0.0157414,0.0137967,0.31613,1.79663,0.937928,1.00776,1.87681,5.61487e-05
,166.161995464,0.0117416,0.139564,0,2.39178,0.117777,0,0,0.294763,0.16637,0.117985,0,0,0.0614077,0.0396989,2.83218,1.78482,0.0540652,0.771804,0.202431,1.68973,1.00628,0.786214,1.89892,3.33907e-05
,166.208435374,0.277603,0.122073,0,2.50496,0.00976239,0,0,0.47539,0.152097,0.0104536,0.0212351,0.00444447,0.114726,0.0347235,2.41834,2.00067,0.00338016,1.1527,0.164624,1.58722,1.04599,0.473545,2.16366,0.00113915
,166.254875283,0.293508,0,0,2.49025,0,0,0,0.543816,0.071362,0,0.452468,0.433484,0.273213,0,1.92005,2.28507,0,1.13869,0.201912,1.38897,0.596712,0.342131,2.65682,0.111105
,166.301315192,0.647913,0,0.000663339,2.5133,0.0052354,0,0,0.483053,0.00710307,0,0.247001,0.522824,0.520345,0,1.81681,2.32196,0.00634123,1.08827,0.303596,1.03824,0.168009,0.191144,2.77183,0.134003
,166.347755102,1.07373,0.0215158,0.0345732,1.96029,0.221102,0,0,0,0,0,0.102165,0,0.789808,0.0664334,1.33152,2.51975,0.120468,1.00408,0.235074,0.917891,0.114959,0.0220895,2.54243,0
,166.394195011,1.09807,0.0710892,0.0980779,1.4124,0.510892,0,0,0,0.834874,0.330426,0.0180508,0.189381,0.710658,0.0434164,0.836851,2.16156,0.259219,1.32451,0.0811158,1.18567,0.552167,0.335361,2.00994,0.13313
,166.440634920,0.950315,0.00856095,0,0.655589,0.73664,0,0,0.000880612,1.21992,0.766431,0.514016,0.0422783,0.690186,0.00819902,1.00981,2.19384,0.258833,1.4068,0.0620775,1.05191,1.0456,0.553263,2.02826,0.0297205
,166.487074829,0.878404,0.0404414,0,0,0.268102,0.348831,0.0364061,0,1.35448,0.809649,0.629174,0.0761393,0.605942,0.0115035,1.35856,2.01411,0.0965027,1.76972,0.00779805,0.846477,1.40274,0.594034,2.1411,0.019515
,166.533514739,0.430075,0.171386,0,0,0,1.04787,0,0.0929576,1.27494,0.418348,0.415563,0.646257,0.659681,0.161874,1.96767,1.30266,0,2.34267,0,0.329477,1.14292,0.78381,2.43311,0.165664
,166.579954648,0,0.139158,0,0,0,1.11801,0,0.382734,1.16831,0.335747,0.871125,0.612207,0.697988,0.131436,2.23565,0.918952,0,2.87302,0,0.20118,0.729714,0.9202,2.69487,0.156957
,166.626394557,0,0,0,0,0,1.08004,0.217824,0.834951,0.642547,0.42865,1.19158,0.596743,0.722073,0,2.17486,0.476603,0,3.2017,0.0753854,0.415901,0.836365,0.952829,2.71486,0.152989
,166.672834467,0,0,0,0,0,0.834812,0.324761,0.775853,0,0.205969,1.79677,0.273039,0.687182,0,1.88491,0.309084,0,3.018,0.132218,0.395947,1.2372,0.958,2.89197,0.0699967
,166.719274376,0,0.0410022,0.154233,0.075411,0,0.697643,0,0.887508,0.0181355,0.207328,1.88041,0.220904,0.296979,0.0387267,1.81595,0.305619,0,2.82139,0,0.437617,1.60371,0.595155,2.94003,0.0566211
,166.765714285,0,0,0.193799,0.514616,0.0681535,0.32931,0,0.99993,0.0676222,0.291325,1.29252,0.241403,0.284407,0,2.0481,0.208455,0.0235977,2.63458,0,0.48639,1.75226,0.440883,2.64465,0.0618744
,166.812154195,0,0,0.078,0.797099,0.262149,0.160761,0.00773089,1.0422,0.0568644,0.207909,1.05698,0.307762,0.462505,0,2.23773,0.557028,0.331652,2.1929,0.0215933,0.505874,1.51098,0.301291,2.30984,0.0788817
,166.858594104,0,0,0,0.531222,0.577974,0.178186,0.0202269,0.858184,0.0860643,0.122251,1.92525,0.264967,0.496298,0,2.29327,0.566132,0.339435,1.96142,0.00823484,0.427371,1.23419,0.317487,2.45725,0.0679128
,166.905034013,0,0,0,0.370542,0.839754,0.589385,0.135559,0.310838,0.075604,0.0628295,2.2206,0.194124,0.578732,0,2.24561,0.50153,0.290759,2.28508,0.0551892,0.189644,1.16266,0.3046,2.53654,0.0497555
,166.951473922,0,0,0,0.321566,0.964537,0.475173,0,0.00456136,0.0723554,0.0429146,2.24018,0.209111,0.653893,0,2.04275,0.435242,0.333964,2.414,0,0.0580397,1.35515,0.281896,2.77061,0.0536124
,166.997913832,0,0,0,0.277,1.14522,0,0,0,0.192727,0.140822,1.84688,0.178905,0.423479,0,2.06824,0.403875,0.396524,2.64626,0,0.063969,1.84782,0.925774,2.36526,0.0458876
,167.044353741,0,0,0.310277,0.447872,0.800286,0,0.0511063,0.0237894,0.191863,0.119072,1.56291,0.150776,0.463521,0,1.98333,1.07905,0.277094,2.41425,0.0208066,0.389375,1.83692,0.719294,2.00557,0.0386975
,167.090793650,0,0,0.199541,0.698721,0.610497,0,0,0.251453,0.289766,0.124784,1.49079,0.121588,0.584676,0.011065,1.7576,1.54373,0.21138,2.35798,0,0.651522,1.70211,0.661451,1.78303,0.0312119
,167.137233560,0.000634914,0,0.0928738,0.939968,0,0,0,0.0345738,1.28029,0.191402,1.28291,0.120596,0.460328,0,1.89567,1.64687,0.00392342,2.26632,0,0.67073,1.65763,0.59076,1.75173,0.0309396
,167.183673469,0.00837036,0,0.066571,1.25823,0.00105536,0,0,0,1.74681,0.226856,0.999193,0.141158,0.429891,0,2.21282,1.49213,0.00855039,1.8928,0,0.714485,1.81341,0.563199,1.69045,0.0361815
,167.230113378,0.0885105,0,0,1.06823,0.0161403,0,0,0,1.87954,0.208347,1.06259,0.203899,0.520689,0.00467585,2.4152,1.3239,0.00769777,1.77744,0,0.731043,1.93297,0.619027,1.65804,0.0522607
,167.276553287,0.00320224,0,0,0.931347,0.0832699,0,0,0,1.73312,0.127249,1.17143,0.247455,0.625107,0.0266696,2.23683,1.24798,0.0288316,1.87541,0,0.765782,1.82275,0.547628,1.77892,0.0761972
,167.322993197,0.0033195,0.214167,0.120871,0.782997,0,0,0,0.557631,1.28492,0.0633343,1.30768,0.322494,0.647996,0.295009,1.97346,0.950269,0.00847745,1.88968,0,1.00345,1.82755,0.147285,1.71112,0.256765
,167.369433106,0.00247994,0.646934,0.0910437,0.1655,0,0,0.127989,1.12686,0.50303,0.0165429,1.5845,0.376827,0.484107,0.728348,1.67899,0.0533591,0.0260924,1.8542,0.449721,1.09875,1.38771,0.162391,1.89944,0.439254
,167.415873015,0.00156659,0.854336,0,0.0210774,0.00698599,0,0.194982,1.35241,0.109667,0.0100232,1.73541,0.427461,0.305813,0.943416,1.71188,0.0285284,0.00241885,1.83799,0.746434,0.952666,1,0.718315,2.03733,0.456879
,167.462312925,0.0764224,0.723594,0,0.237138,0.177634,0,0.320152,1.24095,0.000756889,0.00615598,1.87268,0.418451,0.0618436,0.833597,2.43578,0.471643,0.0615045,1.75507,1.03621,0.9581,0.00425103,0.969897,1.63364,0.175
,167.508752834,0.000445699,0.403846,0,0.444263,0.148257,0,0.395528,0.625935,0.0458374,0.092955,1.7433,0.363761,0.0819031,0.397382,2.77607,0.563338,0.155011,1.42878,1.68183,1.05773,0.257443,0.962476,1.25355,0.0932346
,167.555192743,0,0.224276,0,0.197139,0.283047,0.694205,0.0644032,0,0.12836,0.223899,1.46647,0.261834,0.0747935,0.21183,2.5859,0.324268,0.365438,1.31951,1.55417,0.775252,0.790302,1.25395,0.862218,0.0707646
,167.601632653,0,0.1911,0,0.0213144,0.00603528,1.02194,0,0,0.400926,0.21513,1.44716,0.28558,0.0291211,0.180495,2.3492,0.381942,0.0845938,1.27906,1.49927,0.555618,1.09097,1.38776,0.965657,0.194061
,167.648072562,0,0.069147,0,0.0431156,0,0.855861,0,0,0.167786,0.315027,1.44097,0.275657,0,0.0653095,2.3781,0.594984,0.0905433,1.25357,1.40263,0.338929,1.06675,1.33224,1.38551,0.0927277
,167.694512471,0,0,0,0.120786,0,0.829444,0.0506938,0,0.150259,0.344843,1.49756,0.274234,0,0,2.65652,0.593134,0.0562366,1.25256,1.15793,0.0497187,1.1108,1.09547,2.08014,0.0717529
,167.740952380,0,0,0,0.137744,0,0.872287,0.0515915,0.0136566,0.119434,0.303236,1.58165,0.389309,0.0166582,0,3.10034,0.699063,0.0054282,1.33582,0.493925,0.0565263,0.879491,1.08638,2.42007,0.103688
,167.787392290,0,0,0,0.081827,0,1.22809,0,0,0.0481177,0.318676,1.62673,0.419726,0.140959,0,2.94701,1.00379,0.00117991,1.44765,0.250313,0.0450113,0.65411,1.11981,2.55604,0.110707
,167.833832199,0.00144911,0.0824538,0,0.105928,0,1.07544,0,0,0,0.274645,1.63606,0.348023,0.282879,0.0778779,2.91213,1.37985,0.00227236,1.53349,0.172873,0.027371,0.54288,1.05112,2.27211,0.0904008
,167.880272108,0.00282442,0,0,0.0982315,0,0.494071,0.0790784,0,0.0059453,0.161688,1.47528,0.373005,0.551353,0,2.96481,1.40147,0,1.66626,0.0321947,0.00218663,0.794263,0.773843,1.78647,0.0956039
,167.926712018,0.00386854,0,0.0898834,0.440502,0,0.009429,0.0236481,0,0.103346,0.102522,1.45746,0.417025,0.755174,0,2.97977,1.1592,0.0106852,1.54888,0.00962772,1.77523e-05,1.61619,0.173581,1.63509,0.106886
,167.973151927,0.00361549,0,0.149097,0.798241,0.305619,0,0,0,0.148179,0.184692,1.3754,0.353947,0.705777,0,2.70097,0.941945,0.534538,1.68764,0,0,2.17153,0.178375,1.55604,0.090719
,168.019591836,0.00142433,0,0,1.00731,0.528867,0.253929,0,0,0.186878,0.185483,1.70123,0.296897,0.278043,0,2.16128,0.903433,0.644215,1.78243,0,0.0223305,2.47014,0.210003,1.85106,0.0762269
,168.066031746,0,0,0,1.19444,0.55793,0.0674953,0,0,0.233959,0.0960106,1.58939,0.260581,0.00711841,0,2.05232,1.30267,0.729456,1.26297,0,0.0541407,2.5609,0.0226033,2.24571,0.0670761
,168.112471655,0,0,0,1.02386,0.392927,0,0,0,0.243679,0.0998255,1.57527,0.232386,0,0.121744,2.30175,1.38062,0.496588,1.08154,0.0291338,0.0550469,2.21292,0.0351596,2.06409,0.0598707
,168.158911564,0,0.100159,0,0.556121,0.489467,0.284891,0.0246357,0,0.155837,0.025191,1.47831,0.215426,0,0.2717,2.28917,1.56069,0.261307,1.10735,0.125454,0.0535898,1.67032,0.0946005,1.76033,0.0555223
,168.205351473,0.000346545,0.118836,0,0.89589,0.274565,0.406151,0.067965,0,0.18066,0.0668483,1.49023,0.232629,0.0676487,0.244413,2.01371,1.85102,0.0950662,1.23129,0.239808,0.0544392,1.73932,0.499656,1.45337,0.119385
,168.251791383,3.7746e-07,0,0,1.00611,0.0630163,0.540964,0.120827,0,0.211925,0.216724,1.38638,0.352695,0.342757,0.0724323,1.59926,1.80402,0.021819,1.39154,0.322887,0.045235,1.77666,0.98225,1.19379,0.179544
,168.298231292,0,0,0.11324,1.03711,0,0.624111,0,0,0.215643,0.315323,1.27492,0.528794,0.561452,0.0619809,2.09403,1.40373,0,1.52864,0.264852,0.0400155,1.64698,1.29473,1.17476,0.190557
,168.344671201,0,0.0923576,0.246727,0.798058,0.390455,0,0,0.379415,0.181926,0.43613,1.1367,0.591496,0.467672,0.134086,2.60997,0.860973,0.140291,1.85964,0,0.211682,1.35961,1.48751,1.33222,0.250624
,168.391111111,0,0.314892,0.355797,0.700482,0.596558,0,0,0.876949,0.220833,0.579634,0.892526,0.398028,0.355811,0.138649,2.01064,0.450271,0.396057,1.53234,0,0.433538,0.999279,1.33744,1.92094,0.370987
,168.437551020,0.00654543,0.599076,0.581122,0.621557,0.677682,0,0.0428216,0.75913,0,0.543056,1.17017,0.446943,0.410858,0.229206,1.36426,0.603036,0.885864,1.18018,0.0130693,0.364188,0.517945,0.701549,2.43937,0.385356
,168.483990929,0.0718163,0.715192,0.788622,0.696888,0.486336,0,0,0.221315,0,0.428746,1.29404,0.394359,0.53832,0.264236,1.06539,1.19175,1.66067,0.586705,0.0394762,0.0842425,0.59008,0.101809,2.59584,0.335159
,168.530430839,0.193174,0.62557,1.15047,0.961941,0,0.196414,0,0,0,0.281915,1.71844,0.0357912,0.607483,0.234988,1.21199,1.66117,1.50752,0.21903,0.0442168,0,1.14646,0.0665349,2.17346,0.147844
,168.576870748,0.214502,0.331941,0.844302,1.04715,0,0.295914,0,0,0.0325156,0.334488,1.80111,0,0.78292,0.140003,1.32395,1.47168,1.42499,0.253461,0.04221,0,1.74337,0.078961,2.11378,0.000221027
,168.623310657,0.352074,0.163804,0.562324,0.555667,0,0.367995,0,0.102999,0.25245,0.34105,1.70044,0.000731209,0.979582,0.0970072,1.48051,1.02561,0.730225,0.137698,1.98478,0.0226723,0.852194,0.0802917,2.29568,0.029245
,168.669750566,0.44853,0.358923,0.674873,0,0,0,0,0.148594,0,0.0730376,1.56863,0.011586,0.793683,0.379903,1.30082,0.683113,0.0227834,0.00567799,3.19948,0.570766,0.0262244,0.0401222,1.90072,0.462253
,168.716190476,0.120554,0.383359,0.133573,0.146189,0,0,0,0.239263,0,0,0.768738,1.02187,0.430179,0.66935,0.777399,0.197867,0.0231142,0.000812047,3.24264,0.919035,0.0270439,0,1.49823,0.718348
,168.762630385,0.0795181,0,0.0655847,1.86488,0.311343,7.54443e-05,0.0762302,0.238017,0.0376876,0.36836,0,0.610773,0.253621,0.281352,0.8219,0.700273,0.12812,2.82301e-05,3.45428,0.344003,0.27473,0.202354,0.975084,0.429357
,168.809070294,0.454219,0.98027,0.726928,1.50953,0,0,0,0.514662,0.040489,0,0.432816,0.70966,0.616914,0.396234,0.847813,1.16092,0.0049147,0,3.1305,0.229647,0.333098,0.171514,1.0817,0.515113
,168.855510204,0.452707,0.986663,0.532562,1.57909,0,0,0,0.507703,0.266635,0,0.0805793,0.741563,0.843654,0.280656,0.850498,1.4351,0,0.639161,2.14476,0.203,0.751065,0.0552268,1.20263,0.346848
,168.901950113,0.677666,0.758043,0.434886,1.70809,0,0,0,0.633243,0.727354,0,0.0619544,0.43914,0.796638,0.303069,1.18069,1.50971,0.00418646,1.29205,0.405797,0.319863,1.60725,0.00779727,1.28878,0.112555
,168.948390022,0.819946,0.426579,0.0723855,1.64039,0.0939276,0,0,0.477897,0.786834,0.080058,0.00742979,0.113099,0.780238,0.12134,1.45611,1.4682,0.0392395,1.20131,0.666476,0.211437,2.06985,0.0420015,1.28968,0.028988
,168.994829931,0.808478,0.156384,0,1.11744,0.200615,0,0.0151485,0.273259,1.22603,0.129276,0.0190882,0.0197444,0.623389,0.0444834,1.69618,1.96503,0.0961535,0.677924,0.831027,0.0931827,2.26081,0.0507963,1.11543,0.00506064
,169.041269841,0.650765,0.0582771,0,0.819091,0.0680265,0.275976,0.0283784,0.23134,1.81602,0.129815,0.0233832,0,0.430214,0.0165769,1.53015,2.24619,0.0402095,0.207263,0.763942,0.120675,2.54701,0.12006,1.05465,0.246171
,169.087709750,0.649042,0,0.135134,1.12255,0,1.07725,0,0,1.69213,0,0.0235012,0.172116,0.26918,0,1.13853,2.24425,0.0216825,0.771369,0.618138,0.080656,2.69,0.15099,1.27188,0.303734
,169.134149659,0.630581,0,0.083091,1.29217,0,1.34811,0,0.0147599,1.19535,0,0,0.393769,0.269255,0,0.915268,2.50062,0.0274323,1.40978,0.485989,0.0405511,2.53346,0.110901,1.30241,0.258622
,169.180589569,0.5388,0,0,1.42617,0.0957574,1.24037,0,0,1.95494,0,0.0477007,0.597523,0.211788,0,0.912695,2.49697,0.0642019,1.63385,0.394907,0.0340124,2.32961,0.0465497,1.55194,0.1532
,169.227029478,0.308278,0.0288178,0,0.961446,0.387378,0.767154,0,0,1.77314,0,0.497982,0.343198,0.118636,0.00819719,1.06945,2.57773,0.169462,1.49389,0.352703,0.0363482,1.80255,0.0606662,1.68662,0.087985
,169.273469387,0.271998,0.097278,0,1.12319,0.385893,0.444557,0.00664875,0.293673,1.7829,0.0189369,0.608981,0.0148212,0.200473,0.0276706,1.20528,2.6151,0.170942,1.37551,0.311637,0.243831,1.94793,0.126391,1.32392,0.0519665
,169.319909297,0.237259,0.129464,0,0.631789,0.407136,0.30238,0,0.340482,1.09358,0.190374,0.352175,0.427205,0.0639025,0.104509,1.25558,2.68456,0.179489,1.29342,0.1336,0.369574,2.05169,0.203652,0.765052,0.109496
,169.366349206,0.132732,0.223438,0.494599,0.940581,0.363308,0.560662,0,0.508299,1.39627,0.0195748,0,0,0.0357496,0.115253,1.30739,2.38215,0.16207,1.47588,0,0.31534,2.2933,0.138428,0.603295,0.0396049
,169.412789115,0,0,0,1.24296,0.647222,0.709624,0,0.464288,1.83138,0.047457,0,0,0,0.0606726,1.19651,2.22168,0.25685,1.45088,0,0.228952,2.38164,0.426095,0.694135,0.0463587
,169.459229024,0.0641124,0,0,1.46468,0.664957,0.807272,0,0.258446,2.07717,0.0577536,0,0,0.211857,0.0606801,1.22306,2.20767,0.263907,1.42505,0,0.161009,2.39374,0.518544,0.771392,0.0444302
,169.505668934,0.124627,0,0.32783,1.55031,0.270457,0.939698,0,0,2.03444,0.209699,0,0,0.346223,0.0467916,1.27247,2.44483,0.132083,1.43296,0,0.11637,2.46886,0.577218,0.739924,0.0352933
,169.552108843,0.173417,0,0,1.28057,0,0.725458,0,0,1.64963,0.769006,0.290054,0,0.368648,0.0104587,0.797339,2.72354,0.0399324,1.20475,0,0.109048,2.39341,0.926089,0.772944,0.0537047
,169.598548752,0.234125,0,0,0.879705,0,0.494391,0,0.221121,1.00899,0.715153,0.069105,0.058568,0.335417,0,0.488083,2.9253,0.0370025,0.843156,0.049611,0.155911,2.24061,0.890435,0.66407,0.0582462
,169.644988662,0.453092,0,0.200544,1.33215,0.0407824,0.507865,0,0.244769,0.931407,0.280887,0,0.460579,0.23043,0.0283244,0.422231,2.95451,0.0473575,0.801372,0.194988,0.233733,2.42928,0.477654,0.671269,0.156098
,169.691428571,0.60143,0,0.251791,1.11601,0.0743965,0.69939,0,0.0750502,1.59205,0.0110098,0,0.251964,0.194798,0.0366944,0.511508,2.82836,0.0556457,0.983354,0.326447,0.123007,2.40405,0.190262,0.583613,0.0671788
,169.737868480,0.654723,0,0.040765,1.22508,0.194766,0.862307,0,0,2.04375,0,0,0.425338,0.187704,0.0465986,0.568272,2.66305,0.0882791,1.08008,0.30935,0.077927,2.45667,0.182311,0.435492,0.109142
,169.784308390,0.530213,0,0.00148624,1.26387,0.226355,0.8069,0,0,2.26865,0.318702,0.164756,0.447261,0.365824,0.0198273,0.445741,2.28861,0.0829779,0.687246,0.629852,0.0827686,2.27697,0.116505,1.21684,0.114727
,169.830748299,0.224962,0.0329663,0.0217833,0.926914,0.401247,0.50033,0,0,1.84125,0.176742,0.552749,0.0486472,0.29058,0.0599611,0.364517,1.92968,0.138929,0.407187,0.4001,0.00900756,1.1716,0.224592,1.84855,0.0124686
,169.877188208,0.237802,0.0697489,0.0225225,1.44678,0.661399,0.319179,0,0.0790605,1.29124,0.241342,0.0475345,0,0.192438,0.102438,0.287894,1.54069,0.232003,0.306991,0.262031,0.111586,0.636509,0.647461,1.75989,0
,169.923628117,0.881443,0.0266137,0.781742,1.03103,1.02305,0,0.00602934,0,0.312919,0.896018,0.0540082,0,0.237405,0.191069,0.301434,1.93853,0.402989,0.372635,0.12946,0.0469964,0.154251,0.561933,1.61475,0
,169.970068027,0.634224,0.354633,1.60985,0.806392,1.14112,0,0,0.0635729,0,0.272016,0.315227,0,0.17082,0.314485,0.633656,2.0437,0.447436,0.615135,0.0950424,0.0556341,0,0.189923,1.69743,0
,170.016507936,0.758069,0.614887,1.27336,0.94853,1.10507,0,0.0249133,0.339959,0,0,0.0586363,0,0.204176,0.36597,0.737416,2.05022,0.424027,0.746215,0.147177,0.536274,0,0,1.82262,0.0158507
,170.062947845,0.827194,0.590611,1.05794,1.27317,0.508229,0.0179984,0.121198,0.386811,0,0,0.0193676,0.0807442,0.222794,0.353891,0.680422,2.21351,0.535357,1.09996,0.150835,1.15985,0,0.0256901,1.5249,0.228982
,170.109387755,0.839656,0.3704,0.70102,1.38096,0.454689,0.0988499,0.0915912,0.942023,0.203374,0,0.00452432,0.106636,0.22615,0.275962,0.50614,2.39048,0.52863,1.41222,0.11942,1.53803,0.100252,0.0521194,1.12523,0.347149
,170.155827664,0.893889,0.0281499,0.485757,1.16357,0.36855,0.225007,0.124812,0.704142,0.584394,0,0.0307362,0.0352893,0.240757,0.148565,0.638258,2.36725,0.388187,1.19496,0.106479,1.65131,0.302846,0.0166607,1.4024,0.228742
,170.202267573,0.846652,0,0.814892,0.66336,0.253679,0.474302,0.184737,0.606194,0.995614,0,0.107618,0.0146915,0.228034,0.11855,1.09173,1.9975,0.121365,1.14441,0.10673,1.54229,0.930118,0,1.90604,0.168859
,170.248707482,0.586121,0,0.855914,0.174567,0.455956,0.968282,0.0170981,0.798837,0.815403,0.11262,0.0616274,0.0347865,0.157864,0.229657,1.13595,1.83432,0.416004,1.26877,0.0713302,1.88272,0.927087,0.0274062,1.65319,0.54447
,170.295147392,0.501077,0,1.04844,0.123276,0.629522,0.967966,0,1.6515,0.112129,0.365635,0.0322646,0.412457,0.134958,0.348326,0.994005,1.68318,0.475707,1.18801,0.0667448,2.51437,0.602931,0.0875427,1.26619,1.12044
,170.341587301,0.547811,0,0.427999,0.373945,0.714576,0.866043,0.0129843,2.03475,0,0.337904,0,0.427597,0.147545,0.386484,0.871989,1.67143,0.467902,1.22373,0.0695914,2.54191,0.445437,0.0811714,0.98342,1.22502
,170.388027210,0.485601,0,0.304049,0.494277,0.660602,0.358666,0.175471,2.36472,0.127638,0.153521,0,0.291238,0.13079,0.376614,0.759678,1.84846,0.397424,0.955525,0.106974,2.51666,0.438946,0.038827,0.950004,1.17203
,170.434467120,0.378107,0,0.306468,0.499092,0.412642,0.157331,0.0689976,2.28986,0.467296,0.0763686,0,0.180904,0.101838,0.298734,0.886743,2.06652,0.282139,0.79338,0.0706664,2.23364,0.721586,0.0190768,0.907513,1.18493
,170.480907029,0.38698,0,0.668423,0.48202,0.288911,0,0.132353,2.00832,0.51474,0.100952,0,0.135783,0.104228,0.259858,1.23809,2.17817,0.106499,0.960076,0.0740606,1.81218,0.923709,0.274132,0.768023,1.04261
,170.527346938,0.304003,0,1.50874,0.628732,0,0.296868,0,1.6129,0.408059,0.60794,0,0.334816,0.0818793,0.274142,1.25134,1.6876,0,1.32749,0.0223662,1.42827,1.21865,0.484029,0.932271,0.648807
,170.573786848,0.257901,0,1.12464,0.784216,0.0514872,0.507778,0,1.31397,0.357375,0.0653999,0,0.554532,0.0694622,0.298339,0.837668,1.44613,0.0178271,1.61358,0.0274811,1.56023,1.1426,0.733748,0.797046,0.400878
,170.620226757,0.295473,0,0.638947,0.680118,0.0292258,0.323227,0,1.47917,0.201351,0.0941734,0.0131042,0.579022,0.0795817,0.29793,0.813351,1.44727,0.0138916,1.59146,0.0261332,1.66695,1.13088,0.953871,0.791912,0.302126
,170.666666666,0.458209,0,0.595992,0.618703,0,0.153221,0,1.50978,0.245211,0.713074,0.0267077,0.35133,0.226242,0.266136,0.801313,1.26668,0.0162663,1.67355,0.0107691,1.59547,1.10276,0.941607,0.914337,0.142188
,170.713106575,0.331936,0.0308349,0.407344,0.434054,0.00414034,0.0996045,0.0119667,1.26367,0.594941,0.334861,0,0.174794,0.201518,0.180159,0.670619,0.996644,0.0193593,1.77153,0.00256323,1.51724,0.991627,1.26843,0.89758,0.377171
,170.759546485,0.15168,0.0385828,0.657777,0.21017,0.116955,0.0934783,0.094301,1.35784,0.635286,0.266522,0.00531029,0.203708,0.122745,0.167912,0.953884,0.738603,0.0573137,1.71225,0.0757497,1.487,0.69253,1.26046,1.01723,0.300907
,170.805986394,0.309162,0.0983964,0.979527,0.518952,0.187595,0.107541,0.0261631,1.48191,0.547952,0.0648343,0.00321966,0.315945,0.0952528,0.333158,0.919759,0.793092,0.0698152,1.60864,0.0390252,1.8253,0.293902,0.582117,1.09583,0.498823
,170.852426303,0.392566,0,0.679708,0.866916,0.184325,0.55523,0,2.0079,0.111693,0.483793,0,0.368829,0.105732,0.34331,0.739626,1.00662,0.0638211,1.78014,0.0582535,2.05649,0.404782,0.307953,0.832473,0.589762
,170.898866213,0.342032,0,0.281936,0.84513,0.557815,0.533456,0.0289976,2.03773,0.114477,0.534417,0,0.456009,0.0921217,0.364768,0.772805,1.5292,0.268558,1.67219,0.142121,2.20374,0.429447,0.125815,0.584425,0.578501
,170.945306122,0.338259,0,0,0.762395,0.547523,0.216401,0.30906,1.34936,0.10484,0.509385,0,0.393963,0.105636,0.118198,0.869079,1.35497,0.726434,1.11004,0.568239,1.81864,0.974615,0.86846,0.200875,0.455882
,170.991746031,0.0870444,0,0.322344,0.447108,0.338788,0.113874,0.315153,1.2945,0.577472,0.0542776,0,0.0390475,0.215588,0,0.777901,0.610303,1.13793,0.265548,0.678312,0.691412,3.29849,0.487449,0,0.0100081
,171.038185941,0.387333,0.113283,0.761658,0.389089,0.126746,0,0.251187,0.975932,0.491458,0.0189733,0.48491,0.336539,0.171966,0.0322232,0.853144,0.787681,1.07299,0.187359,0.491039,0.48761,3.66952,0.170353,0.118842,0.0862575
,171.084625850,0.347461,0.292133,1.60979,0.351773,0.648631,0.0132702,0.452139,0.774049,0.222651,0,0.0405335,0,0.320853,0.083097,0.817527,0.769874,1.02304,0.174418,0.833861,0.386081,3.58612,0,0.0250537,0
,171.131065759,0.756365,0.385729,1.1359,0.0400468,0.682135,0.138796,0.507262,0.452106,0.201126,0,0.379779,0.0551602,0.240102,0.121605,0.819476,0.23507,0.874161,0.85738,1.08022,0.538219,3.2225,0,0.291225,0.014138
,171.177505668,0.574224,0.720366,0.743839,0,0.548691,0.694116,0.402377,0.385537,0.291376,0.0687107,0.380179,0.0487189,0.447759,0.239902,0.556201,0.195428,0.18998,1.5393,1.04974,0.697734,2.11774,0.0377453,0.52686,0.0676778
,171.223945578,0.659891,0.657625,0.365715,0.535317,0.106133,0.897901,0.195027,0.321105,0,0.10438,0.435871,0.0919327,0.788075,0.248538,0.666327,0.254705,0.0367477,1.99632,0.545555,0.239805,0.711911,0.0573398,0.811619,0.22341
,171.270385487,0.725692,0.276581,0.27174,0.752809,0,1.0149,0.139097,0.116483,0,0,0.70185,0.206318,1.05793,0.233504,0.679525,0.51764,0.0312551,2.29439,0.0889976,0.0424654,0.166217,0.0576347,0.953067,0.282764
,171.316825396,0.675838,0.00280959,0.0678392,0.446905,0,1.4512,0.171673,0.132086,0,0,1.22401,0.331582,1.11356,0.221609,0.555625,0.860082,0.0356728,2.00394,0.0856274,0.190685,0.57136,0.00354961,1.23553,0.171184
,171.363265306,0.57707,0,0.088111,0.0369805,0.0446538,1.58753,0.194453,0.189742,0,0,1.62632,0.288372,1.07688,0.0836571,0.643902,0.70056,0.262941,1.61726,0.108003,0.356755,0.306616,0.0403859,1.90595,0.11134
,171.409705215,0.528219,0,0,0,0.1279,1.80716,0.110241,0.145225,0.110565,0.265481,0.868385,0.0803746,0.389392,0.0376421,1.08073,0.568847,0.345207,1.9271,0.185893,0.232857,0.193058,0.159455,2.60944,0.0210377
,171.456145124,0.340961,0,0.271274,0.428802,0.43469,1.33076,0.021225,0.255115,0.453952,0.0882938,1.65511,0.12714,0.27991,0.0221133,1.80213,0.296566,0.933842,1.76173,0.0592839,0.280808,0.148384,0.101994,2.97135,0.0330782
,171.502585034,0,0,0.250153,0.96906,0.23992,1.20432,0.0430943,0.297629,0.328551,0.565992,2.04563,0,0.599607,0.0212022,1.65152,0.60476,0.651657,1.7477,0.120368,0.301455,0.124445,0.248051,2.77324,0.0288761
,171.549024943,0,0.00237086,0.13999,1.07093,0.263676,1.31617,0.0460225,0.255714,0.0677261,0.579847,2.09571,0,0.688326,0.0282444,1.31613,1.08584,0.605919,1.8831,0.128546,0.31645,0.0562757,0.264067,2.40642,0.136268
,171.595464852,0.218701,0,0,0.639733,0.161373,1.22497,0.0245604,0.221266,0.0285689,0.611522,2.02927,0,0.573069,0.0800481,0.83729,1.27141,0.647474,1.99503,0.0686003,0.438072,0.00725994,0.145948,2.40304,0.270281
,171.641904761,0.733426,0.00853758,0,0.245799,0.239292,1.0171,0.006344,0.225594,0.152722,0.61268,1.6125,0.0497158,0.65965,0.147883,0.801367,0.8451,0.75502,2.10477,0.0177196,0.478124,0.0346918,0.33431,2.82806,0.161991
,171.688344671,0.79369,0.191607,0.313585,0.329459,0.430707,0.658384,0,0.231992,0.103834,0.636448,0.543389,0.0207585,0.21377,0.138383,1.21736,0.430924,0.782511,2.65756,0,0.53137,0.583178,0.700106,2.03073,0.0654495
,171.734784580,0,0.40129,0.584375,0.538553,0.534952,1.01261,0,0.337181,0.0840728,0.710786,0.52504,0,0,0.187897,1.78241,0.535441,0.72988,2.64974,0,0.550639,0.476684,0.42494,2.12026,0.0672086
,171.781224489,0,0.235279,0.889518,0.578299,0.566808,1.22267,0,0.478126,0.112127,0.238602,1.06094,0,0,0.14119,1.86352,0.50475,0.570296,2.47481,0,0.489765,0.637892,0.28455,2.36751,0.0699916
,171.827664399,0,0,0.67174,0.530803,0.551037,1.28799,0,0.689178,0.156463,0.119668,1.23831,0,0.204292,0.0833898,1.58882,0.469401,0.53327,2.17667,0,0.511245,0.888286,0.381473,2.40387,0.0633745
,171.874104308,0.308977,0.287101,0,0.303061,0.430171,0.910269,0,0.721939,0.167152,0.239126,1.47909,0,0.48512,0.163065,1.07441,0.568157,0.459389,2.04013,0,0.516191,0.943271,0.657829,2.0865,0.0388385
,171.920544217,0.392494,0.389063,0,0.0652672,0.215163,1.20831,0,0.742244,0.347226,0.800709,0.760851,0.152109,0.958373,0.250281,0.635173,0.793997,0.19432,1.60476,0.154154,0.406586,0.937788,0.958883,2.23734,0.107928
,171.966984126,0.519112,0.251723,0,0.224918,0.34603,0.86884,0,0.517381,0.487029,0.509057,0.567121,0.0861187,0.839393,0.231392,0.673183,1.42874,0.214564,2.04635,0.192527,0.338441,0.279572,0.837965,2.07803,0.0350573
,172.013424036,0.511192,0,0.35956,0.603204,0.641115,0.66354,0.000585254,0.35041,0.0490225,0.278605,1.32066,0.185971,0.763174,0.104199,1.05503,1.02404,0.704747,2.07393,0.00163468,0.267803,0.319761,0.355017,2.07797,0.048001
,172.059863945,0.474983,0,0.213948,0.532155,0.763943,0.769866,0,0.157477,0.452856,0,1.82013,0.41769,0.785428,0.103443,1.21213,0.689955,0.929282,1.71656,0.00208203,0.133025,0.246012,0.247965,2.37121,0.107282
,172.106303854,0.382119,0,0,0.766123,0.781404,0.817971,0.0854854,0.0755745,0.264277,0.509457,2.13614,0,0.778047,0.103825,1.09248,0.960453,0.703436,1.4527,0.24079,0.108464,0.257619,0.38273,2.32247,0.000190078
,172.152743764,0.353211,0.0841679,0,0.995612,0.641174,1.02099,0.0603964,0.165253,0.0428602,0.59354,2.00373,0,0.87406,0.102249,0.976722,1.27931,0.369129,1.53758,0.168694,0.196923,0.086995,0.370992,2.6198,0.000212517
,172.199183673,0.646873,0.129666,0,0.604246,0.354353,0.85756,0.0386394,0.210558,0.0698209,0.616711,1.7262,0,1.43462,0.081982,0.958068,1.43551,0.153785,1.5715,0.107924,0.212089,0.0349792,0.239891,3.00199,0.000178954
,172.245623582,0.898825,0.0384022,0.257953,0.193299,0.917744,0.228002,0.0625642,0,0.335095,0.447399,1.22104,0.0191146,1.77129,0.051043,0.883388,1.23521,0.335681,1.39975,0.179686,0.10214,0.0857316,0.300082,2.82005,0.0274048
,172.292063492,0.674951,0.250043,0.855784,0.287575,1.38423,0.107623,0.169223,0,0.451065,0.42553,0.486381,0.0909108,1.71691,0.110501,1.02815,0.404584,0.59184,1.8992,0.43106,0.122031,0.309036,0.312285,2.32856,0.149247
,172.338503401,0.457932,0.636158,0.832145,0.419987,1.41128,0.225292,0.1285,0.142583,0,0,0.105663,0.224163,1.23487,0.218357,1.62339,0.135409,0.890108,2.09906,0.30434,0.212491,0.252048,0.188005,1.87994,0.526766
,172.384943310,0.579603,0.567779,0.716586,0.715756,0.898859,0.345144,0.219137,0.00671182,0,0,0.0965001,0.317268,0.861351,0.201984,1.88026,0.230768,0.837522,2.16756,0.217233,0.221381,0.223665,0.190763,1.78958,0.518194
,172.431383219,0.584801,0.361234,0.438971,1.02568,0.424035,0.666744,0.156889,0,0,0,0.193166,0.568734,0.638125,0.149887,1.92176,0.33069,0.742783,2.20948,0.224085,0.25786,0.0262365,0.197781,2.25632,0.187817
,172.477823129,0.552785,0.0698528,0.163622,1.08634,0.290015,1.07248,0.0991993,0.0149186,0,0,0.445331,0.66542,0.583352,0.196848,1.64955,0.808692,0.462162,2.10603,0.0277888,0.157786,0.00709301,0.233157,2.65801,0.174784
,172.524263038,0.686628,0,0.0559316,0.52813,0.0738859,1.20395,0.0909755,0.128379,0,0.00587675,0.894016,0.34336,1.13711,0.0633028,1.54184,1.2248,0.144912,1.50447,0.0217768,0.028259,0.0645647,0.147574,2.99017,0.100545
,172.570702947,0.626013,0,0,0.135072,0.487759,1.07153,0.293497,0.194474,0,0.223175,0.968518,0.0725926,0.753428,0.0110418,1.87561,0.465235,0.740272,1.74872,0.46332,0.114801,0.106472,0.052541,3.36894,0.0188621
,172.617142857,0.421441,0,0.168754,0.175808,0.666657,1.19592,0.103113,0.199133,0.450658,0,1.27599,0.183107,0.370833,0.00362267,2.08084,0.0566826,1.03564,1.75585,0.288007,0.177701,0.24367,0,3.65759,0.0471964
,172.663582766,0,0,0.108439,0.563983,0.49333,1.17711,0.0678888,0.151908,0.438092,0.41401,1.74003,0,0.126988,0.000620322,2.00028,0.181834,0.680753,1.87507,0.189622,0.115103,0.265593,0.0974683,3.94395,0.000244668
,172.710022675,0,0,0,1.01457,0.704014,1.12628,0.0477723,0.157364,0.135935,0.612336,1.92707,0,0.0428705,0,1.83043,0.33785,0.454732,2.08396,0.133434,0.0839847,0.202752,0.144159,4.13315,0.000239245
,172.756462585,0,0,0,1.04188,0.47299,1.01327,0,0.387697,0.0658457,0.66251,1.79698,0,0.0725548,0,1.67505,0.338519,0.202703,2.21923,0,0.172994,0.174255,0.155972,4.23288,0.000169378
,172.802902494,0.377958,0,0,0.584003,0.0294626,1.06131,0,0.487421,0.151469,0.682584,1.18577,0.0935544,0.199954,0,1.51085,0.188289,0.0466154,2.07382,0.0307314,0.217491,0.163399,0.160697,4.33067,0.0239787
,172.849342403,0.499749,0,0.255852,0.174342,0.293134,0.924731,0,0.403396,0.0990874,0.482206,0.63468,0.146104,0.228719,0,1.33562,0.10421,0.331925,2.01734,0.102346,0.236839,0.613991,0.324715,3.9773,0.0374747
,172.895782312,0.0435069,0.393982,0.746203,0.430387,0.464645,0.991029,0,0.342805,0.0832258,0.224445,1.29918,0,0.0479515,0.121405,1.50161,0.54013,0.486242,2.2476,0,0.403967,0.530932,0.430568,3.00599,4.63264e-05
,172.942222222,0,0.234971,1.06623,0.659347,0.462607,1.13816,0,0.309794,0.109857,0.0843665,1.25511,0,0,0.0771886,1.52438,0.552916,0.435406,2.56372,0,0.329494,0.663404,0.359003,3.07758,8.78274e-05
,172.988662131,0,0,0.944649,0.855211,0.309746,1.19523,0,0.347093,0.146182,0.0333169,1.12273,0,0.0193935,0.00998877,1.42547,0.503309,0.371363,2.89805,0,0.252295,0.842003,0.405764,3.05163,0.000157388
,173.035102040,0.143754,0.401851,0.288037,0.806602,0.233959,1.41446,0,0.348286,0.129353,0.0667394,1.09784,0,1.05168,0.124972,0.710549,0.483693,0.36824,2.73527,0,0.446238,0.726503,0.580505,2.62066,0.000108045
,173.081541950,0.65555,0.226341,0,0.238457,0.207078,1.40867,0,0.224154,0.119696,0.130051,1.12885,0.458105,2.30903,0.0673278,0.359601,0.296647,0.301991,2.44642,0.00337539,0.578984,0.67227,0.800263,1.92771,0.117416
,173.127981859,0.123623,0,0,0.166724,0.8417,1.05559,0,0.41492,0.0781984,0.272119,0.639172,0,2.83795,0,0.214771,0.225661,0.430116,2.21244,0.445504,0.865902,0.439197,0.585251,1.05992,0
,173.174421768,0.0106882,0,0,0.26289,0.390983,0.110818,0.585382,0.899595,0.0933255,0.473385,0.637014,0,2.83055,0,0.247916,0.355823,0.6981,1.81145,0.501144,1.01413,0.535519,0.260048,1.18176,0.0408569
,173.220861678,0.00625953,0,0,1.06081,0.843435,1.3476,0.0801873,0.352724,0.0790886,0.00145571,1.10733,0,2.27145,0,0.664382,0.381301,0.673471,1.55364,0.280414,0.839746,0.474874,0.000799672,1.96561,0.0669607
,173.267301587,0.00208885,0.0517884,0.578265,1.12623,0.634951,1.73146,0.0806097,0.124004,0.00211796,0,1.66678,0,1.39648,0.0147312,0.859774,0.605756,0.647847,1.35789,0.326769,0.920886,0.0525961,0,2.5423,0.0563113
,173.313741496,0.624686,0.00017124,0,1.20394,0.472142,1.72188,0.0454081,0,0,0,1.57608,0.211853,0.688981,4.87091e-05,1.1817,0.760571,0.737424,1.2342,0.196654,0.747986,0.0405541,0.0317976,2.62753,0.16812
,173.360181405,0.768074,0,0,1.06803,0.423437,1.33534,0,0,0,0.110415,1.26893,0.038382,0.741431,0,1.08795,0.539256,2.19597,0.550171,0.0135543,0,0.223204,0.487616,2.2245,0.238657
,173.406621315,0.222178,0,0.756989,0.625954,1.29252,0.23842,0,0,0.183774,0,1.0668,0,0.450058,0,0.343119,0.418622,2.79442,0.506513,0.00934293,0,0.47253,0.984176,1.84811,0.241146
,173.453061224,0.832152,0,1.20941,0.392272,1.28826,0.111541,0.544402,0,0.311684,0,1.02991,0.107622,0.331326,0,0.365237,0.650698,2.71255,0.236965,0.24053,0.0906149,0.888288,0.873175,1.60279,0.248711
,173.499501133,0.517897,0.426766,1.14168,0.539012,1.23304,0.0510848,0.439553,0,0.16502,0.187065,1.04369,0.0529708,0.356567,0.149036,0.344782,1.92492,1.79233,0.108528,0.185815,0.214568,1.68865,0.400288,1.40445,0.390837
,173.545941043,0.60103,0.52993,0.822428,0.954424,0.914691,0.179056,0.136517,0.0667901,0.138527,0,0.849343,0.0222806,0.667829,0.229424,0.24837,2.52518,0.796546,0.0869335,0.0933907,0.309894,1.85969,0.249821,1.32311,0.253443
,173.592380952,0.725228,0.4463,0.315121,1.56118,0.138805,0.566674,0.130312,0.174048,0.182312,0.0401071,0.39481,0.0373908,0.846477,0.237381,0.0951653,2.53158,0.227963,0.238459,0.122745,0.384561,2.3235,0.113798,1.61897,0.0838581
,173.638820861,0.758436,0.0764837,0,1.60149,0.0239042,0.700098,0.0513158,0.327536,0.549143,0.173257,0.00905774,0.0180498,0.692607,0.126175,0.266379,2.39017,0.151424,0.605173,0.0654196,0.449892,2.65715,0.0590753,1.3992,0.0374613
,173.685260770,0.688858,0.0244282,0,1.28358,0,0.731726,0.0373803,0.431455,0.669038,0.227448,0,0,0.330661,0.0283429,0.777246,2.43154,0.0356767,1.00159,0.00800672,0.530713,2.84847,0.0556627,1.03683,0.12757
,173.731700680,0.504323,0,0,1.08367,0,1.01329,0.0951999,0.333918,1.0982,0.334502,0,0.0115129,0.478522,0,0.751675,2.70355,0.0266983,1.34353,0.0203915,0.611588,2.75948,0.0787503,0.962815,0.210897
,173.778140589,0.755584,0,0,1.59823,0,1.25575,0.0137797,0,1.55187,0.0250932,0,0.0786482,0.930295,0.0147024,0.363343,2.97926,0.0252016,1.54575,0.00561004,0.562791,2.23708,0.0137846,0.989379,0.238878
,173.824580498,0.822138,0,0.015636,1.66399,0,1.17205,0.000422459,0,1.98178,0,0.0217484,0.123875,1.03377,0.0245085,0.353458,2.5721,0.0270628,1.68546,0.000171993,0.586006,2.34071,0,1.21481,0.193929
,173.871020408,0.637514,0.00315108,0,1.13845,0.184721,0.761947,0,0,1.95942,0,0.239381,0.35088,0.976242,0.0169958,0.39021,2.21107,0.0939714,1.64058,0,0.564637,2.3957,0,1.47673,0.211034
,173.917460317,0.243675,0.0151732,0,1.21617,0.418337,0.447801,0.0194631,0.277873,2.20165,0.0016859,0.633729,0.0100202,0.889918,0.0152167,0.457938,2.36823,0.182588,1.49776,0.00416892,0.578574,2.63492,0.000396904,1.48663,0.0876468
,173.963900226,0.272588,0.0541164,0,0.936423,0.336777,0.326919,0.0105055,0.301209,2.01761,0.0588364,0.631028,0,0.841362,0.0206062,0.466939,2.48485,0.153466,1.32506,0.00225024,0.462286,2.68969,0.032077,1.58141,0.0737467
,174.010340136,0.462588,0,0.133729,1.25572,0,0.463876,0,0.202335,1.52845,0.187879,0.227374,0.528818,0.608027,0,0.508668,2.42644,0.0352827,1.42251,0,0.58156,2.80778,0.349337,1.06284,0.207508
,174.056780045,0,0,0.90388,1.16644,0.100011,0.748436,0,0.624969,1.17238,0.0221203,0,0,0.21781,0,0.735559,2.28763,0.0746178,1.35421,0,0.942663,2.47776,0.198608,0.893094,0.0901488
,174.103219954,0,0,0,1.46572,0.388846,0.903251,0,0.609457,1.59455,0.0568377,0,0,0.254764,0,0.397611,2.1361,0.170792,1.41966,0.0371561,0.935599,2.14733,0.51032,0.678268,0.107707
,174.149659863,0,0,0.685125,1.28747,0.377284,1.0044,0,0.310533,1.963,0.0350765,0,0,0.0486942,0,0.760292,2.29407,0.168744,1.44652,0.0545813,0.826595,2.0333,0.314936,0.77121,0.121718
,174.196099773,0.443973,0.0339507,0,1.11358,0.256023,0.995091,0,0,2.25921,0.0966335,0,0.635445,0.205997,0.0124813,0.853513,2.40644,0.114076,1.14794,0.00465761,0.676735,2.10087,0.553346,1.07023,0.284672
,174.242539682,0.0989855,0.0339437,0,0.685491,0.372176,0.703476,0,0.00217026,1.84779,0.319767,0.44224,0,0.435465,0.00965525,0.820726,2.59281,0.152173,0.894959,0.149474,0.575179,1.98298,0.439593,1.42194,0.102911
,174.288979591,0.29588,0.108952,0,0.698021,0.444659,0.571412,0,0.0226064,1.48945,0.320736,0.0417701,0.531498,0.526555,0.102905,0.631784,2.60154,0.18536,1.16952,0.0291983,0.571679,1.94454,0.268296,1.40042,0.232082
,174.335419501,0.431063,0,0.252012,0.984206,0.198518,0.702402,0,0.233754,1.59671,0.00364025,0,0.560371,0.341639,0.0152221,0.68208,2.31785,0.102709,1.67486,0,0.621365,2.09242,0.0326842,1.007,0.213775
,174.381859410,0.623264,0,0.144222,0.90952,0.18966,0.918021,0,0.147925,1.96461,0,0,0.401414,0.38343,0.0454707,0.869776,1.97484,0.0981729,1.62427,0,0.472214,2.13858,0.0540092,0.866832,0.184865
,174.428299319,0.677265,0,0,1.03393,0.214336,0.92689,0,0,2.19112,0,0,0.469033,0.620827,0.034179,0.893971,1.95883,0.111376,1.54595,0,0.375638,2.11825,0.0717297,0.693044,0.27789
,174.474739229,0.431981,0,0.0279357,1.22342,0.077014,0.647874,0,0,2.16205,0.491394,0,0.319001,2.10402,0.0246147,0.111443,1.25592,0.695275,0.759355,0,0.536791,2.03593,0.178374,0.0018358,0.326864
,174.521179138,0.0122565,0,0.0849442,1.60518,0.386362,0.512545,0,0.00862955,1.96716,0,0,0.000752978,2.96171,0,0.087754,0.952979,0.823057,0.191787,0.0218991,0.406787,1.5712,0.0290451,0,0.329152
,174.567619047,0.141566,0,0,0.598903,0.0789179,0,0,0.236158,1.42189,0.272243,0,0.00469702,3.20168,0,0.0492509,0.812023,0.995845,0,0,0.413376,1.03502,0.149881,0.0831154,0.464744
,174.614058956,0.899733,0.213893,1.01748,0.679083,1.07468,0,0.148939,0,0.568287,0.376852,0.0657755,0.0505496,2.90418,0.0608416,0.407205,0.976888,1.05401,0,0.241147,0.612306,0.368201,0.207019,0.478249,0.497131
,174.660498866,0.73983,0.467993,1.29546,0.640351,0.904511,0,0.099431,0.0157833,0.292526,0.126839,0.0528967,0.130746,1.69779,0.217851,0.614501,1.20633,0.875544,0.00819028,0.277723,1.39125,0.169963,0.0298611,1.57977,0.472096
,174.706938775,0.77497,0.529592,1.03765,0.86197,0.546837,0,0.0771317,0.400492,0.495775,0,0.0723575,0.120035,0.208728,0.279761,0.922895,1.34329,0.853571,0.186361,0.21593,1.70435,0.279186,0,1.901,0.354925
,174.753378684,0.827618,0.341663,1.0478,1.2614,0.357021,0.0308813,0.10239,0.49267,0.664506,0,0.0588548,0.179054,0.222908,0.196016,1.46282,1.08802,0.751447,0.238758,0.263199,1.23577,0.369457,0,1.79468,0.517929
,174.799818594,0.845324,0.0350052,0.739521,1.32698,0.334383,0.0934977,0.114845,0.571883,0.793846,0,0.0702232,0.163015,0.255089,0.00995719,1.34913,0.853739,0.778015,0.338543,0.370768,1.0619,0.461135,0,1.62729,0.63745
,174.846258503,0.870938,0,0.761342,1.04547,0.2232,0.0956798,0.178155,0.47841,1.05666,0,0.160086,0.0127466,0.379688,0,1.08287,0.663373,0.894327,0.375238,0.43489,0.854217,0.538478,0.0015717,1.62069,0.710306
,174.892698412,0.860561,0,1.03366,0.536982,0.107646,0.342524,0.265639,0.616879,0.894191,0,0.214648,0.00361035,0.370247,0,1.03819,0.850294,0.785386,0.472955,0.472653,0.87735,0.502614,0.00377009,1.83188,0.756662
,174.939138321,0.596404,0.0466105,1.00443,0.663922,0.124222,1.02699,0,1.1855,0.427242,0.292771,0.078221,0.18389,0.18658,0.0440237,0.981294,1.21616,1.01219,0.757703,0.074143,1.5942,0.191787,0.0728931,1.85208,0.896628
,174.985578231,0.482196,0,0.724586,0.901798,0.330089,1.02178,0,1.9986,0,0.383851,0.0216475,0.455483,0.129873,0.00497306,0.754291,1.60603,1.1131,0.382336,0.0431885,2.22353,0.00173785,0.0957394,1.14623,1.08671
,175.032018140,0.496752,0,0.219606,1.08318,0.368019,0.607414,0.0165385,2.10327,0,0.340121,0,0.394343,0.133793,0.0413421,0.734021,1.76678,1.03298,0.227285,0.0400095,2.28225,0.00154647,0.0853815,0.852078,1.17756
,175.078458049,0.348081,0,0.332569,0.977454,0.275468,0.117806,0.132757,2.17675,0.407559,0.233333,0,0.140963,0.163141,0.0492068,0.805325,1.7594,0.743417,0.024655,0.0463792,2.28552,0.103962,0.0588058,0.819774,1.13024
,175.124897959,0.499223,0.00623334,0.574597,0.834539,0.237073,0.0144096,0.0444593,2.17915,0.506207,0.134792,0,0.114366,0.40481,0.0143561,1.0316,2.18262,0.576077,0.00539185,0.0182773,1.93088,0.166291,0.11363,0.987937,0.828922
,175.171337868,0.474583,0.069358,0.681795,0.349032,0.207919,0.02448,0.0425709,2.06501,0.648513,0.150601,0,0.0820041,0.132694,0.0591032,1.15124,2.23402,0.382018,0.235096,0.0129103,1.80536,0.863115,0.65846,0.794924,0.556977
,175.217777777,0.411132,0,1.25668,0.459303,0.153419,0.272611,0,1.64696,0.160896,0.0474849,0,0.358921,0.110733,0.320171,1.0765,2.14076,0.0762181,0.711812,0,1.91358,0.939691,0.426346,0.999185,1.02402
,175.264217687,0.345912,0,0.708106,0.621757,0.208094,0.309596,0,1.62102,0.169794,0.0746705,0,0.472147,0.0931668,0.541555,0.973198,1.9197,0.0804566,1.0929,0,1.9208,0.99764,0.670433,1.0103,1.06293
,175.310657596,0.430042,0,0.795899,0.654346,0.161298,0.185083,0,1.63411,0.174029,0.0830818,0.159576,0.445126,0.115826,0.629961,1.08033,1.71284,0.0752767,1.3579,0,1.88027,0.994862,0.745954,0.838703,1.01691
,175.357097505,0.407447,0.114217,0.706867,0.483876,0,0.185884,0,1.70548,0.237429,0.793456,0,0.274228,0.13644,0.659605,0.978933,1.20116,0.0904671,1.52919,0,1.87614,0.966931,0.808417,0.806602,0.834142
,175.403537414,0.109227,0.148188,0.515632,0.0186181,0.152739,0.0867039,0.114662,1.56528,0.707293,0.266917,0.00975018,0.153305,0.0294188,0.55038,0.710946,0.894311,0.380248,1.5287,0.0542438,1.78823,0.80039,1.06961,1.10134,0.541602
,175.449977324,0.0303215,0.2158,0.60587,0.0568047,0.211103,0.0629163,0.100057,1.84244,0.678173,0.206833,0.0209666,0.17969,0.0081667,0.373421,0.692773,1.39901,0.196961,1.48618,0.116424,1.64219,0.738265,0.937941,1.35668,0.549676
,175.496417233,0.349699,0.170873,1.01415,0.292283,0.101688,0.266263,0.0283674,2.07774,0.603625,0.0727885,0.0171312,0.280987,0.0941867,0.429996,0.691572,1.64108,0.0491213,1.27136,0.03007,2.02257,0.635213,0.332328,1.62582,0.613707
,175.542857142,0.34131,0,0.85654,0.604207,0.39401,0.619263,0,2.21133,0.105032,0.447844,0,0.402536,0.0919273,0.415402,0.767416,1.50783,0.210532,1.46857,0.0324675,2.1926,0.519225,0.105434,1.15477,0.887349
,175.589297052,0.234686,0,0.700024,0.645363,0.726225,0.519055,0.182914,1.7579,0.00961052,0.543819,0,0.647192,0.0632096,0.439928,0.995769,1.66799,0.322374,1.44044,0.478235,2.05987,0.00284052,0.128029,0.857271,0.923248
,175.635736961,0.707476,0,0.318112,0.697772,0.302136,0.441724,0.390416,1.21169,0.184774,0.372356,0,0.342206,1.01167,0.313031,0.929933,1.36781,0.19821,1.35105,0.830855,1.39093,0.590879,0.161625,0.464243,0.611198
,175.682176870,1.15001,0,0.177807,0.722558,0,0.563634,0.310017,1.12717,0.407781,0.180876,0,0.0710616,1.54078,0.750193,0.267388,0.718699,0,0.764687,0.827929,0.690155,1.0276,0.0425827,0.0402397,0.666665
,175.728616780,0.997183,0,0.339657,0.739934,0.492174,0.389723,0.158998,1.50458,0,0,0,0,1.59153,1.02966,0.380455,0.815632,0.173091,0.498506,0.476269,0.676961,0.981285,0,0.0306434,0.773083
,175.775056689,0.935363,0,1.2524,0.839461,0.798823,0.220981,0.0107605,0.662706,0,0,0.0444142,0,1.3685,1.24837,0.378218,0.730215,0.281025,0.673866,0.0624808,0.972161,0.917627,0,0.0767555,0.870675
,175.821496598,1.17595,0.474074,0.69281,0.793306,0.596664,0.470078,0.391823,0.446171,0,0.224737,0.166536,0.0635004,1.01273,1.02111,0.209226,0.541312,0.215136,1.28347,0.475834,0.452435,0.896632,0.123701,0.167918,0.928216
,175.867936507,0.932797,0.553466,0.378063,0.565186,0.296934,0.534304,0.651487,0.359182,0.0134306,0.300163,0.231104,0.106224,0.750007,0.793314,0.475865,0.412319,0.118833,1.76796,0.663032,0.16027,0.772207,0.165461,0.213125,0.930025
,175.914376417,0.81148,0.406641,0.0831378,0.968885,0.0911727,0.601541,0.281201,0.0546986,0,0.109052,0.588718,0.269286,0.352496,0.586192,1.31305,0.416642,0.170707,2.18492,0.416135,0.0120403,0.816506,0.0599063,0.433598,0.92785
,175.960816326,0.681249,0.192024,0,1.26028,0.162501,0.601033,0.157488,0.0321345,0,0,1.31867,0.379645,0.346128,0.160129,2.08501,0.449178,0.276072,1.97326,0.562214,0.0070735,0.88511,0,0.873755,0.827044
,176.007256235,0.63337,0.156291,0,0.849479,0.185634,0.860631,0.126602,0.105754,0,0,1.61258,0.266846,0.440513,0.147617,2.19918,0.367706,0.285244,1.39554,0.650271,0.0232786,0.823714,0,1.2585,0.758273
,176.053696145,0.65347,0,0.0177327,0.454805,0.264913,1.4199,0.191348,0.180943,0,0,1.52427,0.229686,0.53962,0,1.80994,0.39079,0.366079,1.35726,0.433019,0.0398295,0.559615,0,1.49841,0.835947
,176.100136054,0.678809,0,0.239977,0.63512,0.504276,1.19453,0.0404229,0.189789,0,0.154919,1.4515,0.15288,0.826134,0,1.18705,0.652128,0.853078,1.80314,0.140522,0.14223,0.014839,0.0364718,1.89365,0.698738
,176.146575963,0.749855,0,0.314982,1.07146,0.286707,1.2057,0.0484888,0.0809108,0.00291474,0.466076,1.82348,0.126137,0.844903,0,1.14968,0.668158,0.581315,2.14857,0.176183,0.137029,0.0744173,0.161995,2.34113,0.303415
,176.193015873,0.432505,0,0,1.26473,0.368712,1.14578,0.0765345,0.0927629,0.245398,0.570051,2.01913,0,0.744616,0.0367927,1.09531,0.448915,0.533776,2.16319,0.269856,0.166678,0.135545,0.306588,2.43211,0.0658177
,176.239455782,0.251328,0.0184286,0,1.28223,0.548419,1.01723,0.0437776,0.293629,0.0820211,0.58288,1.92996,0,0.722994,0.04925,1.07041,0.697971,0.346993,2.15155,0.169514,0.362119,0.0830834,0.20708,2.04411,0.13616
,176.285895691,0.413521,0.0613694,0,0.97995,0.300349,0.981667,0,0.451428,0.127613,0.614644,1.02228,0.15929,0.730495,0.0799031,1.18068,0.530254,0.103994,2.04993,0.0217905,0.738826,0.180936,0.144703,1.98364,0.252662
,176.332335600,0.49941,0.168733,0,0.67031,0.0144994,0.987843,0,0.609179,0.37413,0.526368,0.652576,0.240077,0.905607,0.178895,0.980923,0.367128,0.0050203,1.85305,0.0173435,0.879162,0.094851,0.12392,2.27972,0.214048
,176.378775510,0.51353,0,0.560079,0.718892,0.275402,0.827942,0,0.482025,0.0746636,0.270425,1.58977,0.151132,0.647122,0.0361648,0.859676,0.730477,0.176616,2.20574,0.0766298,0.670733,0.436697,0.420417,1.76,0.0999943
,176.425215419,0,0,0.995666,0.726236,0.360799,1.01395,0,0.484472,0.0970885,0.17604,1.5213,0,0.440539,0.0383023,1.13091,0.526784,0.305399,2.53653,0,0.648233,0.581075,0.306169,1.88475,0.0576712
,176.471655328,0,0,0.0028039,1.0814,0.591486,1.05009,0,0.68202,0.113697,0.210944,1.515,0,0.542474,0.0281973,0.964966,0.402322,0.264218,2.48123,0,0.586508,0.678095,0.70618,2.10003,0.0574515
,176.518095238,0,0,0,1.12003,0.575901,1.06851,0,0.810519,0.131028,0.0781117,1.56827,0,0.523917,0.0180948,0.928593,0.478345,0.282157,2.35604,0,0.561635,0.757249,0.701329,2.20632,0.0560727
,176.564535147,0.155713,0,0.644524,0.785053,0.449718,1.05308,0,0.858134,0.127895,0.0477526,1.58526,0,0.638571,0.0222014,0.535755,1.16357,0.244952,1.86784,0,0.954641,0.718317,0.428749,2.17567,0.0338777
,176.610975056,0.80629,0.0907492,0,0.31717,0.360912,0.745376,0,0.441768,0.0891162,0.180347,1.06586,0.0538629,0.946712,0.0606845,0,1.14637,0.124963,2.13381,0.00569131,1.16981,0.500517,0.745777,2.11468,0.024662
,176.657414965,0.942806,0.0810759,0.13238,0.316467,0.660787,0.452718,0,0.336737,0.0938334,0.224585,0.969033,0.000759648,1.00703,0.13058,0.319381,0.633615,0.387314,2.19811,0,1.09718,0.537595,0.483196,2.01487,0.000544301
,176.703854875,0.73338,0.136504,0.321624,0.387032,0.683742,0.58542,0.0702414,0.237434,0.0812808,0.180775,1.75435,0.00574873,0.841238,0.195152,1.19977,0.296475,0.670202,1.92728,0.196193,0.776184,0.492032,0.0506683,1.994,0.00258936
,176.750294784,0.332539,0.0676447,0.0609444,0.354167,0.71287,0.803973,0.11518,0.0954665,0.535113,0.31228,2.10279,0,0.756854,0.177382,1.43396,0.114188,0.635931,1.44995,0.321713,0.544346,0.263151,0.1352,2.35318,0.00624736
,176.796734693,0.139836,0,0.0293819,0.785533,0.765696,0.909636,0.148606,0.1987,0.163731,0.622711,2.1843,0,0.870353,0.128204,1.37349,0.352913,0.517588,1.10075,0.415076,0.613602,0.104129,0.257188,2.25142,0.000685216
,176.843174603,0.205925,0,0,1.0365,0.508767,0.928616,0.0864806,0.328719,0.0626321,0.642959,2.11714,0,1.01062,0.0725934,1.04639,0.850733,0.335773,1.05478,0.241551,0.757199,0.023642,0.367234,2.14402,0.000518702
,176.889614512,0.487494,0,0,0.648762,0.435903,0.597284,0.0283706,0.388098,0.143194,0.597349,1.8957,0,1.12148,0.0174988,0.768392,1.06982,0.257937,1.52707,0.100035,0.831867,0.10821,0.367368,2.05957,0.000253988
,176.936054421,0.560816,0,0.595921,0.253342,1.12767,0.22154,0.326171,0.0268781,0.330843,0.313725,1.37723,0.175251,0.965992,0.0371808,1.08823,0.666602,0.447256,1.87658,0.445396,0.599559,0.0997586,0.291877,2.27096,0.0451136
,176.982494331,0.571126,0.316869,0.934563,0.46225,1.14714,0.303862,0.247916,0,0.122508,0.215709,0.575762,0.185725,0.704278,0.132693,1.53655,0.509835,0.529337,2.18378,0.728429,0.198649,0.0563859,0.174153,2.1176,0.0477678
,177.028934240,0.576931,0.520207,0.721145,0.642264,0.841566,0.376395,0.292247,0.150471,0,0,0.677011,0.0145585,0.423889,0.191966,1.48297,0.605791,0.518257,2.13798,0.766058,0.289758,0.0296586,0.182201,1.96494,0.00384503
,177.075374149,0.685094,0.412379,0.546347,0.989961,0.311028,0.455295,0.354982,0.022098,0,0,0.719909,0.106319,0.326634,0.164078,1.57573,0.562981,0.511592,2.27657,0.572834,0.287081,0.0299585,0.199508,1.81245,0.0357764
,177.121814058,0.674646,0.287307,0.300824,1.24799,0.161144,0.65491,0.276038,0.0182066,0,0,0.819034,0.271963,0.413085,0.133357,1.43388,0.6162,0.396334,2.37252,0.391682,0.26747,0.0282333,0.222634,1.75027,0.0783195
,177.168253968,0.689087,0.298726,0.131071,0.851941,0.132298,1.09098,0.134626,0.111741,0,0,1.06099,0.29591,1.05125,0.248099,1.20823,0.601523,0.354713,1.99724,0.0288363,0.581898,0,0.226784,1.97354,0.0763259
,177.214693877,0.598482,0.201915,0.0685707,0.222359,0.0744678,1.5033,0.121213,0.194833,0,0,1.02641,0.197145,0.753108,0.22238,1.27381,0.29285,0.331806,1.92718,0.0259635,0.783954,0.13352,0.122769,3.09828,0.0508093
,177.261133786,0.451577,0,0,0.177856,0.451603,1.23186,0.232171,0.408632,0.0287808,0.249462,1.35571,0.0784768,0.334249,0,1.76927,0.240729,0.919361,2.11032,0.490863,0.175598,0.264923,0.107722,3.22753,0.0201142
,177.307573696,0.354891,0,0.464006,0.229481,0.407481,1.1896,0.0772539,0.198282,0.509209,0.150201,1.75067,0.107851,0.0955851,0,2.30523,0.0739872,0.745019,2.34816,0.21578,0.149368,0.408595,0.061534,3.56359,0.0276429
,177.354013605,0.0635809,0,0.384627,0.524365,0.362466,1.32936,0.0452606,0.228274,0.358714,0.582,1.9816,0,0.0171247,0,2.34593,0.169061,0.399771,2.37099,0.126419,0.123487,0.372839,0.137017,3.81905,0
,177.400453514,0.00119302,0,0.143804,0.583898,0.419288,1.40642,0.00782151,0.306654,0.163937,0.583234,1.93265,0,0.000321323,0,2.08748,0.386361,0.184904,2.34479,0.0218464,0.137403,0.28292,0.137308,4.02796,0
,177.446893424,0.199442,0,0.0179247,0.319781,0.321236,1.14297,0,0.36489,0.129513,0.577699,1.68331,0,0.0537171,0,1.80595,0.432825,0.137887,2.14491,0.0475859,0.162925,0.233807,0.136005,4.21772,0
,177.493333333,0.606621,0,0,0.171641,0.19632,1.00501,0,0.237575,0.262072,0.586325,0.600264,0.0477067,0.163385,0,1.59127,0.145895,0.100817,1.95444,0.107299,0.105031,0.162871,0.138036,4.26626,0.0122677
,177.539773242,0.638368,0.174807,0.617533,0.42182,0,0.956433,0,0.11042,0.0651958,1.00887,0.515712,0.039451,0.171936,0.227237,1.67933,0.301209,0.0612344,2.54426,0.071406,0.122062,0.465468,0.510624,3.13092,0.0361938
,177.586213151,0.508043,0,0.437159,0.632248,0.0568421,1.01006,0,0,0.0819079,0.637878,1.08899,0.198552,0.5244,0.263623,1.6473,0.632186,0.122522,2.5586,0.0973154,0.0278249,0.505332,0.614321,2.59052,0.0965617
,177.632653061,0.55218,0.182606,0.268206,0.481966,0.191546,1.26507,0,0.000416341,0.0791081,0.308174,1.21998,0.400958,1.15877,0.0778544,1.35045,0.67683,0.134783,2.75908,0.0700519,0.0241776,0.499293,0.799087,2.22254,0.149146
,177.679092970,0.741699,0.209741,0,0.536547,0.420904,1.29801,0,0.151253,0.0772049,0.263481,1.21294,0.0319956,1.38444,0.0665748,1.25741,0.757157,0.145735,2.54181,0.124139,0.0935507,0.495984,1.12181,1.8341,0.0284895
,177.725532879,0.0381359,0,0,0.588838,0.6297,1.44836,0,0.470773,0.0904433,0.287439,1.19329,0,0.997405,0,1.41096,0.597818,0.224935,1.92282,0.303932,0.231382,0.537007,1.21419,1.84951,5.33788e-05
,177.771972789,0.124218,0,0,0.439902,0.121114,0.240293,0,0,0.089304,0.426341,1.15718,0,1.01188,0,1.75593,0.657242,0.228774,1.56339,0.302357,0.0116805,0.501572,1.27381,1.96957,0.000104951
,177.818412698,0.164569,0,0,0.771109,0.128951,0.0722959,0,0,0.105548,0.0481187,1.12591,0.0570615,0.850143,0,1.73727,1.96953,0.25922,1.08886,0.149475,0,0.592806,0.885322,1.62143,0.0405801
,177.864852607,0.053666,0,0.045729,0.662311,0.289477,0.0142132,0.0692487,0,0.0900143,0.558631,0.93432,0,0.459748,0,1.07516,2.9466,0.527249,0.450097,0.19342,0.629673,0.426395,0.669134,1.68666,0.000720496
,177.911292517,0,0,0,0.570778,0.334672,0.139105,0.763151,0.718878,0.0261902,0.00703949,1.48702,0,0.304916,0,0.166004,3.15045,0.576068,0.48986,0.310697,1.19551,0.147096,0.137199,2.10158,0.000668155
,177.957732426,0,0,0,0.696415,1.13317,1.03058,0.115016,0.379907,0,0,1.49503,0,0.436837,0.0497604,0.162534,3.0233,0.459892,0.717413,0.321253,0.969885,0,0.00942037,2.4241,0.00047619
,178.004172335,0,0,0,1.76529,0.551123,1.08774,0.0946521,0.330584,0,0,1.42463,0,0.505996,0,0.198617,2.42829,0.34626,1.10477,1.53839,0.305593,0,0.0658421,2.28209,7.21727e-05
,178.050612244,0,0,0,0.614386,0.101517,0.334316,0.0285158,0.717714,0.00434696,0.0785838,1.43659,0,0.0704323,0.00141286,0.0996621,1.1211,0.187737,1.03524,2.48957,0.321146,0.0244145,0.252271,1.81891,1.69159e-05
,178.097052154,0.167514,0,0.373419,0.671182,1.1092,0.356144,0.381433,0,0.0118072,0.099372,1.03803,0,0.168184,0,0.468714,0.26353,0.424085,1.07156,2.65321,0.00293773,0.0663144,0.234188,1.54413,1.46475e-05
,178.143492063,0.746214,0.223477,1.38867,0.469069,0.741257,0.0203992,0.476647,0,0.0958172,0,0.983301,0.14417,0.434503,0.173951,0.481559,0.822993,0.293321,0.719784,2.42871,0.00141794,0.538153,0.201892,1.17681,0.0369861
,178.189931972,0.762707,0.567092,0.958251,0.66231,0.389434,0,0.326492,0.123492,0.314916,0.125392,0.810633,0.0711525,0.507482,0.365225,0.446072,1.23857,0.154121,0.591013,1.95298,0.0588914,0.925002,0.216861,1.32693,0.0183068
,178.236371882,0.789999,0.557432,0.458364,1.20387,0,0,0.273582,0.357403,0.300019,0,0.72792,0.0679939,0.741878,0.427243,0.356616,1.57492,0.0209547,0.602663,1.42028,0.357624,1.32682,0.153874,1.49502,0.0175157
,178.282811791,0.86071,0.439115,0.0700355,1.53158,0,0,0.120738,0.414027,0.300918,0.00232402,0.465091,0.0252632,0.937353,0.430162,0.264049,1.91426,0.0162208,0.472977,1.35075,0.582282,1.45812,0.0396298,1.71534,0.00656193
,178.329251700,0.875043,0.186486,0,1.07696,0.0222682,0.103119,0.0105666,0.401466,0.754896,0.0868586,0.0658738,0,1.00825,0.298018,0.244452,1.99157,0.0409362,0.464557,1.09047,0.607042,1.51984,0.0239798,2.0358,8.45453e-05
,178.375691609,0.770557,0.108511,0,0.700199,0.00991883,0.519299,0.000689448,0.348109,0.864946,0.399109,0.0848886,0,0.702848,0.283942,0.207494,2.08452,0.0209256,0.710121,0.343488,0.616352,1.52303,0.157258,2.30982,0.00324315
,178.422131519,0.555089,0,0,0.790899,0,1.22719,0.0763214,0.366974,0.984247,0.411389,0.0878766,0.0090251,0.448929,0.223385,0.125573,2.48091,0.0280542,1.07579,0.136809,0.627177,1.79012,0.227599,2.40816,0.00237816
,178.468571428,0.719039,0,0.247562,1.38081,0,1.2388,0,0,1.99269,0,0.0473509,0.290425,0.459219,0.175828,0.132704,2.6527,0.0305691,1.58889,0.133641,0.532804,2.37465,0,1.74971,0.07455
,178.515011337,0.7637,0.0223065,0.056732,1.46643,0,1.06665,0,0,2.25306,0,0.0220541,0.440627,0.505792,0.195753,0.0416872,2.22067,0.0342142,1.97012,0,0.571336,2.55539,0,1.44407,0.113047
,178.561451247,0.716809,0.0330919,0,0.89343,0.336715,0.700728,0,0,1.8942,0,0.0279926,0.260081,0.620795,0.168217,0,2.29487,0.152078,1.88594,0,0.556969,2.45895,0,1.42706,0.0667328
,178.607891156,0.364097,0.023128,0,1.05614,0.388158,0.377769,0.0157272,0.276064,1.97897,0.00996397,0.539631,0,0.708366,0.083289,0,2.47596,0.171584,1.71527,0.0033687,0.691485,2.52085,0.00301525,1.37834,5.24907e-05
,178.654331065,0.499642,0.0235978,0,0.942319,0.299424,0.391725,0.0114369,0.291315,1.70438,0.0572338,0.313303,0,0.497042,0.0442184,0,2.67807,0.135952,1.40485,0.00244973,0.62543,2.49953,0.199903,1.28658,0.0182243
,178.700770975,0.476857,0,0.471119,0.950107,0.128453,0.564639,0,0.437778,1.07683,0.0475042,0.0189558,0.458767,0.371638,0.0298284,0.227685,2.62327,0.0740004,1.52578,0,0.613114,2.57718,0.427175,1.00669,0.173134
,178.747210884,0,0,0,1.26841,0.365045,0.823922,0,0.711825,1.11178,0.0776547,0,0,0.526727,0.0399108,0.16079,2.69902,0.149421,1.47039,0.00731597,0.638447,2.45708,0.725312,0.559628,0.0553598
,178.793650793,0.00646847,0,0,1.29579,0.511663,0.966953,0,0.480409,1.61169,0.0869248,0,0,0.608851,0.0660923,0.179512,2.5454,0.208024,1.36879,0.0178012,0.544743,2.49136,0.834622,0.552562,0.0510836
,178.840090702,0.172803,0,0.313447,0.965469,0.395283,1.05549,0,0,1.97193,0.0899343,0.0234083,0,0.641214,0.0484436,0.275287,2.52143,0.174046,1.29087,0.0208801,0.29167,2.55009,0.891565,0.900923,0.0467018
,178.886530612,0.312652,0,0,0.97479,0.0654498,0.879155,0,0,1.76992,0.677304,0.361047,0.0261767,0.588424,0.0402133,0.202023,2.70648,0.0624073,1.22996,0.0105261,0.239881,2.44497,0.973228,0.936803,0.0514995
,178.932970521,0.113426,0.0116751,0,0.646361,0.188881,0.648333,0,0.0287896,1.22197,0.621602,0.410508,0.0146176,0.483888,0.0124069,0.386491,2.68973,0.101381,1.19688,0,0.364684,2.13861,0.949815,1.10144,0.0484178
,178.979410430,0.324123,0,0.262675,1.22864,0.0777161,0.602787,0,0.469245,0.74554,0.62279,0.0136217,0.670465,0.322828,0,0.634211,2.4461,0.0561705,1.31541,0,0.731387,2.46768,0.438708,1.19523,0.223486
,179.025850340,0.478609,0,0.381776,0.927572,0.342948,0.767428,0,0.167885,1.57843,0.00462312,0,0.507915,0.653599,0,0.651775,2.39073,0.133597,1.42339,0.00627276,0.269465,2.56394,0.0415089,0.857519,0.204007
,179.072290249,0.581471,0,0.112798,0.920167,0.465743,0.921995,0,0,2.22256,0,0,0.463636,0.872462,0,0.601443,2.30474,0.168426,1.12826,0.00901726,0.0469923,2.69841,0,0.711189,0.201401
,179.118730158,0.539469,0,0,1.07085,0.452821,0.830021,0,0,2.4365,0.245801,0,0.492777,0.848093,0,0.275222,2.52429,0.167561,0.321084,0.649421,0.0234221,2.56352,0.223284,0.280866,1.07794
,179.165170068,0.285706,0.00349761,0,0.880957,0.513289,0.386578,0,0,1.99734,0.179488,0.386815,0.142775,0.0769511,0.000994893,0.116857,2.21574,0.197196,0.152871,0.816197,0.019694,2.2693,0.220425,0.0948009,2.74158
,179.211609977,0.447555,0.0928646,0.0159655,1.50032,0.427999,0.387743,0,0,2.01158,0.136583,0.00230935,0.618458,0.120543,0.0264153,0.090275,1.94213,0.151706,0.16849,0.98777,0.0244532,1.93921,0.201189,0.0382302,3.01432
,179.258049886,0.2801,0,0.168331,1.50405,1.12358,0,0.0291669,0,0.81888,0.712283,0.139177,0.019264,0.226667,0,0.235503,1.96707,0.38903,0.0342136,1.11404,0.0162277,1.1398,0.444031,0.917524,2.26216
,179.304489795,0.780399,0.305413,1.10929,0.718377,0.733848,0,0.169354,0,0.0782449,0.617563,0.345387,0.00912749,0.21019,0.0868746,0.625734,2.02324,0.25409,0.216279,1.31845,0.0141265,0.456703,0.368512,1.66245,1.44797
,179.350929705,0.763893,0.568572,1.1985,0.86725,0.543355,0,0.244905,0,0.20964,0.413351,0.119065,0.0938727,0.205744,0.16173,0.83541,2.042,0.188133,0.391381,1.27142,0.347163,0.181703,0.200676,1.98669,0.424537
,179.397369614,0.813404,0.446714,1.07553,1.41738,0,0.00352378,0.303455,0.0303968,0.320539,0.147461,0.106518,0.197447,0.21908,0.232102,0.857925,1.80507,0,0.685977,0.669069,0.535586,0.323188,0.083744,1.94022,0.0898543
,179.443809523,0.844917,0.308882,0.754137,1.83802,0,0.0451918,0.137795,0.0767214,0.514174,0,0.0851831,0.3319,0.227567,0.25444,0.894533,1.56568,0.00879314,0.72879,0.225087,0.534105,0.434716,0.00383357,1.6763,0.221062
,179.490249433,0.933651,0,0.527131,1.54114,0.0781656,0.0316168,0.188323,0.239226,0.647344,0,0.0834361,0.224298,0.251466,0.127389,0.886171,1.78381,0.0995756,0.602515,0.139368,0.612544,0.43415,0.00344263,1.70427,0.40582
,179.536689342,0.927722,0,0.597202,0.714565,0.0451324,0,0.586615,0.862565,0.0421332,0,0.220272,0.031432,0.24987,0.028046,0.82375,2.27818,0.0529943,0.444264,0.340582,0.981158,0.0133922,0.00078911,1.88513,0.633011
,179.583129251,0.685324,0,0.775062,0.437929,0.0562177,0.600368,0.263734,1.94544,0.017784,0,0.105603,0,0.184583,0.0402826,0.779683,2.32274,0.0478059,0.718956,0.36379,1.76567,0.0122688,0.000729224,1.97008,1.03964
,179.629569160,0.559912,0,0.952358,0.520019,0.242278,0.870909,0,2.32,0,0.103932,0.0932755,0.525507,0.150805,0.154659,0.920882,1.99311,0.407792,0.868037,0.183267,2.27369,0.00937675,0.0256517,1.54413,0.852821
,179.676009070,0.426389,0,0.581035,0.598891,0.60439,0.634978,0,2.47409,0.0160266,0.208224,0.080213,0.68488,0.114842,0.241428,0.85416,1.89347,0.507902,0.828293,0.209715,2.37122,0.0301115,0.0502051,1.60109,0.890345
,179.722448979,0.308123,0,0.317661,0.576163,0.640044,0.142114,0.182594,2.25611,0,0,0.0602353,0.673903,0.139102,0.223704,0.845362,1.73843,0.54064,0.778802,0.244973,2.22535,0.00704627,0.000808884,1.55674,0.881109
,179.768888888,0.237069,0,0.236226,0.446411,0.499584,0.0790007,0.093534,2.09852,0.468052,0,0.0480277,0.536874,0.1707,0.156665,0.976881,1.30765,0.471793,0.92624,0.27088,2.05318,0.114543,0.00038734,1.69646,0.753349
,179.815328798,0.485617,0,0.625973,0.44668,0.376143,0,0.0310442,2.18678,0.503513,0,0.0334755,0.387314,0.285813,0.0911057,1.29689,1.63217,0.475948,0.849648,0.227683,1.81695,0.206473,0,1.47776,0.74892
,179.861768707,0.633297,0,1.19813,0.255219,0.225866,0,0.00640959,1.97952,0.615968,0.0360322,0.0175047,0.28338,0.226693,0.11941,1.25261,1.52749,0.247891,1.13998,0.00137291,1.87103,0.692583,0.323517,1.04896,0.798443
,179.908208616,0.654723,0.100945,1.0646,0.577305,0.29407,0.473988,0,1.66604,0.143856,0.0576307,0,0.00259443,0.176341,0.319511,1.01966,1.40682,0.231266,1.5929,0,1.84537,0.807959,0.51744,0.842111,0.323605
,179.954648526,0.26129,0.418218,0.624949,0.747721,0.415693,0.47947,0,1.74019,0.131401,0.0737128,0,0,0.211445,0.513969,0.79874,1.07565,0.44014,1.64348,0,1.81096,0.738007,0.661833,0.90021,0.0435382
,180.001088435,0.490443,0.438,0.0734273,0.799133,0.447778,0.310417,0,1.77112,0.129084,0.102211,0,0,0.396883,0.57649,0.718905,0.652445,0.524235,1.58984,0,1.69926,0.724994,0.917704,0.927262,0.0423548
,180.047528344,0.634214,0.120283,0.0920066,0.760465,0.372544,0.084583,0,1.65098,0.16038,0.127592,0.504394,0.271684,0.418934,0.445593,0.612595,0.751332,0.488113,1.4599,0,1.91477,0.900768,1.14559,0.988955,0.0765146
,180.093968253,0.385751,0.0137664,0.394227,0.289675,0.197391,0.145782,0.0215501,1.30195,0.560427,0.360502,0,0,0.271094,0.226594,0.828057,1.39766,0.244211,1.24031,0.0834461,1.88882,0.724611,1.10799,1.10953,0.00442399
,180.140408163,0.455695,0,0.88895,0.106764,0.334492,0,0.102227,1.29852,0.448877,0.176584,0,0.113146,0.199767,0.184623,1.02133,1.8164,0.145017,0.982271,0.13966,1.75575,0.101965,0.670128,1.47646,0.11891
,180.186848072,0.518093,0,1.35653,0.376261,0.401773,0.336418,0,2.03111,0.0405817,0.0391852,0,0.426494,0.139541,0.24695,1.03947,0.759022,0.16973,1.37523,0.0230878,2.0248,0.231939,0.351826,1.71113,0.458169
,180.233287981,0.437773,0,1.03538,0.494693,0.522036,0.557891,0,2.30653,0.0483616,0.517521,0.00661798,0.422701,0.117908,0.327915,0.986858,0.393075,0.27967,1.60422,0.0200889,2.00911,0.213802,0.22164,1.51845,0.44047
,180.279727891,0.453284,0,0.43317,0.606929,0.461532,0.515369,0.000937887,2.2029,0.0110658,0.436707,0.097886,0.502189,0.122086,0.304552,0.981119,0.725079,0.357072,1.57502,0.0202636,1.92991,0.153049,0.456432,1.1916,0.710688
,180.326167800,0.344671,0,0.415184,0.443512,0.247947,0.184465,0.13644,2.15237,0.400907,0.236147,0.112134,0.460508,0.0928324,0.217214,1.06988,0.550029,0.273947,1.07131,0.0292249,2.4269,0.486009,0.342283,0.663987,0.809527
,180.372607709,0.292135,0.0161503,0.499903,0.335721,0.0375724,0.0953882,0.00261733,1.95625,0.58322,0.105756,0.127048,0.338063,0.0786826,0.225752,1.13237,0.490576,0.0737638,0.723762,0.000560621,2.80155,0.615753,0.217436,0.54533,0.297867
,180.419047619,0.0193167,0,0.86806,0.723752,0.583705,0,0.0756975,1.91433,0.161582,0,0,0,0.0156317,0.204923,1.18474,0.724367,0.2171,0.693825,0.0766314,3.01777,0.628974,0.213588,0.334761,0
,180.465487528,0.855562,0.411858,1.09891,0.314637,0.80562,0,0.180041,0.840884,0.0797169,0,0,0.0738679,0.3071,0.247547,1.13641,0.642387,0.289744,0.658813,0.469993,2.66959,0.460399,0.218564,0.264173,0.0189329
,180.511927437,0.581632,0.723008,0.913382,0.2069,0.938713,0.367197,0.387353,0.632341,0.0267506,0.223047,0.0518513,0.114759,0.947426,0.207863,0.929283,0.255861,0.325023,1.34705,0.963257,2.34581,0.16437,0.304904,0.386531,0.0294135
,180.558367346,0.606984,0.602284,0.664903,0.638927,0.646827,0.751614,0.223872,0.343661,0,0.0214905,0.00305863,0.146929,1.13525,0.251633,1.15755,0.205997,0.223959,2.14004,0.703048,1.61278,0.0137722,0.244763,0.590463,0.0831846
,180.604807256,0.699276,0.301134,0.573094,1.02651,0.123279,1.05885,0.218026,0.0573259,0,0,0.171566,0.368379,1.16479,0.263452,1.57319,0.330958,0.116696,2.34071,0.544931,0.406157,0.0102287,0.156351,1.10973,0.0944182
,180.651247165,0.598817,0,0.316458,0.86555,0,1.09077,0.288477,0,0,0,0.75284,0.531,1.22666,0.128625,1.63007,0.606373,0,2.03162,0.930577,0.212859,0.000181637,0.052037,1.386,0.136099
,180.697687074,0.545703,0,0.164594,0.327858,0.0147986,1.10763,0.407217,0.0448745,0,0,1.15624,0.534077,1.27679,0.0183514,1.32749,0.757388,0.00303811,1.48507,1.08505,0.507692,0.00148793,0.142855,1.95964,0.13692
,180.744126984,0.649982,0,0.0189773,0.0775081,0,1.62233,0.388723,0.236694,0,0.103544,1.19034,0.279512,1.23767,0.0158922,1.17879,0.478523,0.0800349,1.8431,1.0069,0.764013,0.00319752,0.310538,2.42098,0.0718418
,180.790566893,0.688197,0,0.0602584,1.09549,0.0649786,1.38518,0.0721948,0.557839,0,0.1106,1.0803,0.0520454,0.733734,0.0444307,1.4503,0.573987,0.359018,2.61706,0.205639,0.882516,0.00850458,0.169304,2.10204,0.0330979
,180.837006802,0.249101,0,0.193371,1.22083,0,1.21304,0.0272888,0.581243,0.467867,0.469706,1.92857,0,0.539407,0.0439452,1.61142,0.443177,0.2997,2.20942,0.0767159,0.861021,0.149851,0.188576,2.25177,0.0320314
,180.883446712,0.0938521,0,0.139031,1.503,0,0.976274,0.00918284,0.376618,0.253018,0.533316,2.14023,0,0.44606,0.0423475,1.80157,0.757862,0.309673,1.82337,0.030252,0.729212,0.105461,0.202529,1.95997,0.0181906
,180.929886621,0.211438,0,0,1.18982,0.203124,0.970348,0.0194363,0.236571,0.104781,0.558148,2.18327,0,0.692953,0.0667872,1.66959,0.886763,0.275008,1.36435,0.0743522,0.760969,0.0563128,0.185657,2.19393,0.000343739
,180.976326530,0.51234,0,0,0.606186,0.0880428,1.15826,0.0358729,0.0410406,0.125426,0.641834,1.58599,0,0.844759,0.0642837,1.36933,1.01365,0.114717,1.16176,0.12516,0.81049,0.0417113,0.314362,2.95481,0.000291737
,181.022766439,0.599097,0.039941,0.279246,0.329596,0,1.19928,0,0.111503,0.5195,0.593188,0.980153,0,0.465726,0.133324,1.05889,0.606942,0,1.78183,0.00198426,1.0389,0.614142,0.564268,2.88417,0.0381361
,181.069206349,0.547905,0,0.357599,0.524094,0.446895,1.1107,0,0.092153,0.0964576,0.583197,0.766518,0.200883,0.280903,0.0621288,1.23375,0.660532,0.310385,2.54095,0,0.585831,0.607921,0.583647,2.39529,0.0924891
,181.115646258,0,0.244224,0.973657,0.563535,0.648772,1.2452,0,0.337781,0.0988374,0.22988,1.01772,0,0.20571,0.125304,1.35432,0.549165,0.465444,2.47156,0,0.409391,0.624696,0.356896,2.47905,0.0543985
,181.162086167,0,0,0.773522,0.623411,0.747148,1.22575,0,0.550407,0.135592,0.111848,1.29463,0,0.239355,0.0510188,1.24261,0.510955,0.471537,2.24128,0,0.579815,0.81772,0.501495,2.48522,0.0514977
,181.208526077,0,0,0.631593,0.515427,0.75829,1.18056,0,0.705725,0.151354,0.042212,1.35174,0,0.259837,0.0366799,1.19998,0.465754,0.511244,1.98799,0,0.876488,0.892899,0.523484,2.41643,0.0440865
,181.254965986,0.537,0.520191,0,0.179457,0.631471,1.12214,0,0.64639,0.102878,0.156388,0.971664,0.368831,0.527851,0.15457,1.30865,0.357067,0.288871,1.75263,0,1.15415,0.621667,0.573996,2.14215,0.107329
,181.301405895,0.634531,0.259462,0,0.310954,0.536964,0.877665,0,0.439681,0.0541629,0.243682,1.07327,0.11352,0.409045,0.10213,1.32015,0.524201,0.18592,2.09202,0,1.14366,0.363699,0.632947,1.87579,0.0649959
,181.347845804,0.59798,0,0.227693,0.512579,0.707943,0.756238,0.0277563,0.294279,0.0322821,0.0888236,1.56292,0,0.516455,0.0589689,1.26015,0.629804,0.479403,2.21097,0.0775268,0.661435,0.234883,0.426173,1.89963,0.0802322
,181.394285714,0.380733,0,0.151515,0.488565,0.699382,0.857233,0.0471543,0.183545,0.511178,0,1.90165,0.141477,0.534673,0.12838,1.44716,0.164849,0.572741,1.96205,0.131708,0.352079,0.157849,0.149658,2.46675,0.118981
,181.440725623,0,0,0,0.802406,0.713141,0.83991,0.0902933,0.208624,0.448714,0.417033,1.9246,0,0.413199,0.155275,1.48654,0.258705,0.372659,1.95165,0.2522,0.254335,0.133906,0.275291,2.62245,0.0719591
,181.487165532,0.0523985,0,0,1.21998,0.562895,0.981777,0.0804773,0.237513,0.176117,0.581954,1.89957,0,0.472665,0.161554,1.37628,0.480976,0.218704,2.13147,0.224783,0.236653,0.0633084,0.341572,2.65854,0.0454294
,181.533605442,0.34298,0.0128816,0,1.19959,0.147401,0.872314,0.0250176,0.287434,0.0926707,0.597047,1.82771,0,1.02298,0.0812524,1.24695,0.47701,0.08242,2.1892,0.0698773,0.336556,0.0288448,0.242403,2.83495,0.0204166
,181.580045351,1.06746,0,0,0.433136,0.677939,0.351244,0.0794612,0.173955,0.226577,0.465987,1.23056,0,1.48682,0.0670403,1.30297,0.660034,0.277822,1.87138,0.221945,0.438432,0.0642637,0.231827,2.96229,0.0254463
,181.626485260,1.31083,0,0.738279,0.248879,0.814453,0.422309,0.723356,0.0238298,0.146859,0.16517,0.555464,0.109159,1.03344,0.029063,1.0102,0.705177,0.443041,2.48129,0.907236,0.212482,0.136391,0.193903,2.72335,0.0279784
,181.672925170,1.27983,0.4923,0.657551,0.292717,0.604571,0.48131,0.426499,0.0286414,0,0.0152091,0.675804,0.113527,0.829358,0.171005,1.02433,0.499317,0.378612,2.4427,1.01591,0.0430415,0.151249,0.222562,2.20276,0.0290979
,181.719365079,1.01079,0.590366,0.301838,0.414469,0.20885,0.584985,0.286067,0.209914,0,0,1.05321,0.0864272,0.441513,0.203067,1.25758,0.481636,0.21064,2.38511,0.752043,0.109847,0.160825,0.259017,2.0235,0.0726449
,181.765804988,0.840233,0.529329,0.0902814,0.919498,0.194057,0.737336,0.264926,0.04038,0,0,1.25828,0.125946,0.359055,0.185709,1.43775,0.445458,0.274048,2.39819,0.43772,0.0779476,0.0662807,0.272881,2.10276,0.0804691
,181.812244897,0.734539,0.326736,0.0119194,1.04359,0.292754,0.717636,0.172166,0.0809271,0,0,1.61034,0.159996,0.421149,0.155854,1.53077,0.366306,0.374962,2.41482,0.104927,0.114826,0.00453164,0.184837,2.5803,0.049504
,181.858684807,0.665796,0.330119,0,0.604196,0.263195,0.817074,0.121014,0.203266,0,0,1.68814,0.116626,0.898207,0.250101,1.78728,0.323292,0.237182,2.14212,0.0288931,0.209261,0.0163767,0,3.05527,0.0354718
,181.905124716,0.571304,0.103248,0,0.0954982,0.248893,1.11784,0.128191,0.356894,0,0,1.24277,0,0.71355,0.0717837,1.99507,0.116988,0.346624,1.93096,0.027458,0.237091,0.250223,0,3.29757,0.0352403
,181.951564625,0.552263,0.0612326,0.379598,0.121996,0.493116,1.03021,0.0733418,0.477248,0.447661,0,1.03481,0.103945,0.461913,0.0689559,2.09888,0.039333,0.843365,1.80508,0.204853,0.385387,0.296872,0,3.36896,0.0336681
,181.998004535,0.363238,0,0.432454,0.724313,0.348923,1.19685,0.0513357,0.246921,0.462161,0.116668,1.69803,0.169359,0.281409,0.000896742,2.12661,0.233527,0.611938,1.88099,0.143387,0.231622,0.293873,0.0274666,3.63482,0.0439772
,182.044444444,0.0582584,0,0.0642742,1.29715,0.43211,1.00649,0.0810265,0.0374822,0.190204,0.578065,1.79139,0,0.135167,0,2.04906,0.418216,0.278673,1.98716,0.226317,0.0859504,0.206933,0.136091,3.72145,0.000559014
,182.090884353,0.0627954,0,0,1.3068,0.603448,0.924922,0.0362416,0,0.071172,0.574213,1.79135,0,0.110608,0,1.93271,0.518781,0.240727,2.05495,0.101227,0.0046722,0.165223,0.135184,3.85551,0.00043519
,182.137324263,0.390691,0.0104305,0,0.846863,0.319144,0.941784,0.000645582,0,0.0838225,0.623276,1.72577,0,0.209289,0.00296695,1.80801,0.426744,0.142805,1.97301,0.00180319,0.0147602,0.174838,0.146735,4.09356,0.000257101
,182.183764172,0.661147,0.0277472,0,0.262444,0.0948996,1.12682,0,0.107084,0.351932,0.518213,1.18915,0.0494723,0.283596,0.00789267,1.49381,0.141531,0.0785588,2.10076,0.018839,0.121603,0.312849,0.122,4.16462,0.012707
,182.230204081,0.788226,0.206251,0.394756,0.323718,0.460218,0.922598,0.0579834,0.0585787,0.0334321,0.538503,0.955359,0,0.467693,0.0602738,1.57571,0.438154,0.357729,2.06578,0.151216,0.263265,0.331626,0.728713,3.13515,0.0226601
,182.276643990,0.143367,0.528968,0.484427,0.35449,0.690021,1.21094,0.0346114,0.141519,0.00952251,0.275171,1.146,0,0.654661,0.186391,1.63543,0.48123,0.878395,1.85894,0.055505,0.279542,0.11623,1.04371,2.83534,0
,182.323083900,0.0901819,0.648463,0.288935,0.124465,0.854823,1.30066,0.0379941,0.228543,0,0.199282,1.08891,0,1.07786,0.18869,1.7549,0.181221,1.12154,1.30741,0.106122,0.207498,0.0286431,1.24509,2.29113,3.51797e-06
,182.369523809,0,0.394113,0.901106,0,0.897094,1.19908,0.0020243,0.411238,0,0.115684,1.10611,0,1.36512,0.130182,1.7792,0.0236827,1.27392,1.13108,0.0056541,0.238864,0.0211447,1.04213,1.93952,3.77236e-05
,182.415963718,0,0.610904,0.398126,0,1.10649,0.957797,0,0.436503,0.0333833,0.132179,0.80077,0,1.53571,0.577,1.74983,0.0169972,0.784149,1.51631,0.385369,0.243549,0.187496,1.20638,1.99526,0.15824
,182.462403628,0,0.765097,0.509178,0,0.334625,0,0,0,0.378198,0.100623,0.554423,0,2.13259,0.722637,1.0598,0.00349689,0.5597,1.53515,0.898719,0.038519,0.74618,1.03907,0.852122,0.0942824
,182.508843537,0.00685953,0.651282,0.693297,0,0.0890209,0.753233,0,0,0.971041,0.275118,0.701658,0.420725,1.69423,0.615138,1.28297,0.762529,0.148898,0.785414,0.756693,0.251055,1.4228,0.152302,1.44279,0.587104
,182.555283446,0,0.0261911,0.140597,0,0.588467,1.24861,0.0317339,0,1.20343,0.264822,0.912874,0.449175,1.04334,0.256142,0.764592,1.98619,0.203752,0.512802,0.267785,0.295031,1.40531,0.213466,1.77858,0.657345
,182.601723356,0,0.0917503,0.353053,0.247758,0.780892,1.55899,0.0958448,0,0.909278,0.113413,0.898643,0.0726531,0.591917,0.260482,0.400385,2.9377,0.270378,0.639158,0.0824198,0.342188,0.731454,0.0623018,2.3635,0.366626
,182.648163265,0,0.188394,0.618652,0.383121,0.87005,1.31279,0.0795133,0,0,0,1.03243,0,0.11374,0.23658,0.269939,3.78945,0.301249,0.550632,0.0747622,0.334171,0.00307802,0,2.5804,0.0468108
,182.694603174,0,0.51632,1.06341,0.26811,0.888896,1.21802,0,0,0,0,0.881125,0,0.015154,0.188546,0.321145,3.54084,1.1742,0.514495,0,0.236473,0.156074,0,2.77153,0.0659164
,182.741043083,0.192497,0.642213,1.54879,0.0909215,0.760027,0.405305,0,0,0,0,1.1917,0,0.0577247,0.210448,0.700906,1.69987,2.61236,0.23875,0,0.372592,0.307881,0,2.83934,0.214712
,182.787482993,0.256985,0.121495,1.13871,0.325527,0.0824608,0.407054,0.0208528,0,1.26611,0.425238,0.655278,0.232591,0.0692155,0.0348263,0.417732,1.31793,2.3081,0.439003,0.0084897,0.476404,0.954352,0.100112,2.74506,0.199665
,182.833922902,0.507574,0.165973,0.897793,0.498916,0.249593,0.67087,0,0.0190282,1.32563,0.257592,0.185537,0.3566,0.317598,0.054331,0.27113,1.70615,1.61515,0.361722,0,0.64068,1.51893,0.0606437,2.14532,0.118999
,182.880362811,0.948761,0.352457,0.998942,0.991369,0.307261,0.45301,0,0.0999356,1.23476,0.238358,0,0.19061,0.707939,0.138314,0.301676,2.24783,0.506104,0.16951,0,0.691004,1.93376,0.0561154,1.10312,0.0488546
,182.926802721,1.0589,0.527286,1.04492,1.0545,0,0.250257,0,0.122898,1.17386,0.22789,0,0,0.767977,0.200563,0.392258,2.47556,0.139442,0.0936423,0,0.680908,2.26735,0.053651,0.650821,0.0746153
,182.973242630,0.985216,0.272239,0.740631,1.06479,0.0140516,0.109154,0,0.078193,1.22199,0.142486,0.0677934,0,0.706969,0.109246,0.33208,2.27003,0.311295,0.0408439,0,0.559758,2.65012,0.0335448,0.778297,0.0687133
,183.019682539,0.597402,0.0860119,0,1.16226,0.0294117,0,0,0.0533038,1.43305,0.0550072,0,0.625364,0.939042,0.033335,0.0310339,2.39189,0.160261,0,0,0.343019,2.92523,0.0130635,0.973407,0.438687
,183.066122448,0.463352,0.025124,0,0.845925,0.0226194,0,0,0.418044,1.35532,0.0351013,0,0.5194,1.10344,0.0207106,0.0248962,2.70827,0.00464371,0,0,0.470452,3.13612,0.00826373,0.915457,0.525608
,183.112562358,0.679688,0.0847238,0,0.572998,0,0,0,0.346619,1.53855,0.148131,0,0.32865,1.2974,0.0525388,0,2.88523,0,0.10202,0,0.428094,3.02257,0.0348738,0.838095,0.398138
,183.159002267,0.426558,0,0,0.529395,0.0100227,0.069658,0,0.0740836,1.73811,0.150057,0,0.318286,1.26467,0.0391494,0.250453,2.72683,0.228022,0.564141,0,0.256443,2.83721,0.14445,1.00324,0.335724
,183.205442176,0.254413,0,0,0.419619,0.296967,0.213598,0,0.0356697,1.92274,0.245619,0,0.193483,1.10022,0.03824,0.524478,1.97318,0.622235,1.00088,0,0.256461,2.60711,0.109172,1.80803,0.139426
,183.251882086,0.183175,0.0971522,0.0041979,0.144466,0.552692,0.27892,0.00925582,0.0310452,2.03003,0.352739,0,0,0.985813,0.110691,0.746164,1.44711,0.625056,1.22496,0.0270096,0.261775,2.38859,0.0830437,2.20165,0.00545132
,183.298321995,0.530848,0.35791,0,0,0.444751,0.135178,0,0.0171676,2.09474,0.332281,0,0,1.05304,0.241313,0.610312,1.51187,0.438411,1.2116,0.0288914,0.209267,2.30468,0.0782273,2.16361,0.00995885
,183.344761904,0.455763,0.569104,0.225082,0,0.750923,0.112676,0,0.0077563,1.96499,0.268602,0.045689,0,0.753764,0.161881,0.520685,1.80313,0.280607,1.25651,0.00208871,0.170694,2.04161,0.217513,2.48284,0.00699513
,183.391201814,0.126071,0.169989,0.969549,0.0380125,0.589832,0.305464,0,0,1.9497,0.409873,0,0,0.0544987,0.0483533,0.696082,1.93563,0.218182,1.74875,0,0.175189,2.04276,0.251495,2.28021,0.00298541
,183.437641723,0.0448447,0.307883,1.19028,0.426568,0.28486,0.207482,0,0,2.10663,0.677286,0,0,0.0120783,0.247217,0.695949,1.89583,0.103083,1.74876,0,0.354728,2.37563,0.201224,2.15892,0.00417138
,183.484081632,0.330351,0.467727,1.1299,0.810259,0.0710421,0,0,0,2.04848,0.505307,0.32073,0.11715,0.0889756,0.175398,0.568235,2.34135,0.0251272,1.31388,0,0.563275,2.28647,0.259595,2.00607,0.0347191
,183.530521541,0.604463,0.174199,0.673638,1.12133,0,0,0,0,2.21267,0.386376,0.40585,0.329425,0.162804,0.0836326,0.385216,2.6594,0.00467974,0.980454,0,0.699501,2.23004,0.37517,2.14771,0.0873681
,183.576961451,0.783071,0.0482721,0.426162,0.870749,0,0.042851,0.0400152,0,2.34551,0.26318,0.278472,0.429446,0.21091,0.0550305,0.251246,2.64082,0.0101716,0.668542,0.0085711,0.750012,2.326,0.334778,2.2119,0.110331
,183.623401360,0.880135,0.0237187,0.25888,0.288222,0,0.0293548,0.017566,0,2.39719,0.437764,0.0356204,0.29236,0.237052,0.0625414,0.081216,2.49398,0.0129474,0.631878,0.00376257,0.712876,2.67531,0.23441,2.17526,0.074934
,183.669841269,0.660192,0,0.536061,0,0.0162568,0,0,0,2.19393,0.398724,0.0386396,0.142853,0.177814,0.0580002,0.163393,2.17959,0.016925,0.815794,0,0.612852,2.95753,0.095015,1.99036,0.0366161
,183.716281179,0.0631786,0.662686,0.907609,0.493894,0.139714,0,0,0,2.24244,0,0,0,0.0170163,0.251543,0.633505,2.14934,0.238495,1.06104,0,0.504786,2.873,0,1.83194,5.24271e-05
,183.762721088,0.134575,0,0,0.794537,0.207676,0,0,0,2.28961,0,0.522671,0.4114,0.0362459,0.0484566,0.639122,2.17848,0.348336,0.948248,0.0125665,0.463933,3.08853,0,2.0757,0.105518
,183.809160997,0.276686,0,0,1.12619,0.222906,0.0171036,0,0,2.30029,0,0.0258438,0.686659,0.0745215,0.142282,0.613572,2.2331,0.372835,0.645746,0.0611598,0.392632,3.20988,0,1.85257,0.176046
,183.855600907,0.246711,0.106061,0,0.714916,0.289274,0.332174,0,0,2.19751,0,0.0549542,0,0.382729,0.328184,0.841594,1.54307,0.979844,0.199619,0.0895219,0.154807,3.20858,0,1.62691,0.139081
,183.902040816,0.361547,0.161576,0,0.534483,0.30337,0,0,0,1.96441,0,0.0610675,0,0.548766,0.294839,0.739516,1.20522,1.56704,0,0.0961285,0.136308,2.79106,0,1.85706,0.152947
,183.948480725,0.274377,0,0.193527,1.30136,0.89723,0,0,0,1.93085,0,0.0312581,0,0.351528,0.17546,0.501445,1.66009,1.4746,0,0.100052,0.205022,2.32454,0,1.73375,0.142577
,183.994920634,0.793318,0.462284,0.588505,0.807166,0.626716,0,0.0464614,0,2.01174,0,0.328349,0,0.21419,0.182331,0.177726,2.63145,0.667488,0,0.23253,0.865831,1.62618,0,1.3467,0.12338
,184.041360544,0.744576,0.68464,0.43168,0.719277,0.341169,0,0.120877,0.224322,1.82887,0,0.0746672,0.10917,0.200542,0.215366,0.130365,2.90743,0.313625,0,0.43762,1.33231,1.1997,0,0.982172,0.441566
,184.087800453,0.886424,0.566023,0.0597897,1.18281,0.299304,0,0.130252,1.29924,0.88246,0,0.0107865,0.15992,0.238747,0.162839,0.0180563,2.84353,0.50062,0,0.431629,1.94177,0.536435,0,0.831344,0.424847
,184.134240362,0.908868,0.307627,0,1.32407,0.376359,0,0.145829,1.87727,0.0260953,0,0.00738993,0.221297,0.264743,0.102017,0.260325,2.13866,0.607044,0,0.104369,2.74111,0.0753075,0,0.928789,0.30283
,184.180680272,1.05329,0.156618,0,0.976475,0.396441,0,0.151737,2.09889,0,0,0.0199283,0.100443,0.311292,0.0672792,0.855794,1.74764,0.839272,0,0.117484,3.22142,0.0594495,0,1.15208,0.179688
,184.227120181,1.01408,0.0370502,0,0.339278,0.183758,0,0.044735,2.1344,0.037135,0.0940549,0.0232305,0.0305433,0.28962,0.0308191,0.939938,1.98158,0.5924,0.0513911,0.0983133,3.41319,0.0446614,0.0221429,1.21699,0.444312
,184.273560090,0,0,0.48886,0.638156,0.137907,0,0,2.46478,0.0820543,0,0.0089081,0,0,0.012439,0.896716,2.39249,0.574504,0.452985,0.0750398,3.70452,0.0503526,0,1.2722,0.499522
,184.320000000,0,0.025255,0.555624,0.956673,0.1405,0,0,2.42584,0.0467234,0,0.00477153,0,0,0.00718378,0.763351,2.5183,0.36088,0.932217,0.0304378,3.51436,0.0312457,0,1.43306,0.415042
,184.366439909,0.233645,0.0324335,0.425051,1.04813,0.160008,0,0,2.46835,0,0,0.0185986,0,0.189074,0.0651379,0.626962,2.37605,0.294518,0.987092,0.007075,3.3741,0.001937,0,1.77149,0.288039
,184.412879818,0.34263,0,0.0936163,1.22406,0.185398,0,0,2.74064,0,0,0.0327535,0,0.277268,7.57272e-05,0.80777,1.74351,0.338315,0.801586,0.0071085,3.35991,0,0,2.11059,0.22856
,184.459319727,0.354527,0,0,0.640129,0.170749,0,0,2.85901,0,0,0.0624589,0,0.286895,0.00278504,1.07011,1.53532,0.311744,0.739295,0.00683546,3.41774,0,0,2.14752,0.377193
,184.505759637,0.358791,0.0174823,0.405483,0.459003,0.0837518,0,0,2.81457,0,0,0.0769425,0.11527,0.290346,0.0165121,1.3291,1.25697,0.167344,0.61762,0.0111856,3.37945,0,0,2.42957,0.385956
,184.552199546,0.928252,0.0697069,1.22547,0.355704,0.0527042,0,0,2.54157,0,0,0.0791693,0.269094,0.250012,0.0489692,1.43164,1.39553,0.0391136,0.547162,0.008265,3.18932,0,0,2.89342,0.131473
,184.598639455,1.07755,0.428737,0.983234,0.611582,0,0,0,2.41289,0.0505062,0.308704,0.0383386,0.0460428,0.290225,0.153591,0.960807,2.22763,0.0107075,0.507501,0.00122436,2.93484,0.283666,0.159913,2.56236,0.0118146
,184.645079365,1.10354,0.692704,0.762776,0.954523,0,0,0,2.12629,0.0768959,0.0985146,0.020195,0.0500025,0.297224,0.228249,0.631178,2.73534,0.00578865,0.30413,0,2.95684,0.431882,0.431363,2.31121,0.012816
,184.691519274,1.10003,0.715943,0.495567,1.16942,0,0,0,1.98815,0.0975931,0.125728,0.0247229,0.225613,0.296278,0.230716,0.514147,2.85057,0,0.0839807,0,3.07932,0.548127,0.597186,2.17584,0.0655185
,184.737959183,1.09645,0.563487,0.402263,0.893984,0.170517,0.0467873,0.050007,2.18136,0.111511,0.0793288,0.0855038,0.227511,0.295313,0.176433,0.409639,2.88025,0.233025,0.194463,0.0107113,3.25396,0.562163,0.712258,1.96661,0.135825
,184.784399092,1.09142,0.448631,0.372809,0.215347,0.249867,0.0433978,0.109349,2.41796,0.137383,0.247928,0.226646,0.0621178,0.293959,0.166779,0.206775,3.00573,0.300936,0.368707,0.0234222,3.50839,0.143385,0.824478,1.3914,0.276813
,184.830839002,0.958887,0.119103,0.226612,0.372156,0,0,0.0226985,2.08464,0.131846,0.193701,0.290028,0.0166053,0.258263,0.0338787,0.123229,3.41022,0.00657785,0.618373,0.00692181,3.30483,0.146706,0.676464,1.18835,0.378065
,184.877278911,0,0,0,0.83899,0.057412,0.107213,0.0490959,2.24021,0.252325,0.0572785,0,0.00237962,0,0,0.112086,3.23048,0.119495,0.978163,0.0314196,3.16428,0.507726,0.514278,1.20194,0.423634
,184.923718820,0.0232474,0,0,0.888834,0.109341,0.141542,0.0291862,1.99739,0.229682,0.0231817,0.0445295,0.00394211,0.0188126,0.0261119,0.399921,2.85446,0.214243,0.830073,0.0211602,2.78159,0.616788,0.208138,1.78362,0.566822
,184.970158730,0.186202,0,0.0613021,0.843207,0.191445,0.063322,0,1.8677,0.200922,0,0.104368,0,0.150681,0,0.595468,2.68856,0.351908,0.351668,0.00458765,2.83253,0.501614,0,2.66977,0.422624
,185.016598639,0.21567,0,0.409284,0.583697,0.238732,0,0,1.90311,0.0549893,0,0.128946,0,0.174528,0,0.587616,3.00346,0.425524,0.112653,0,2.88095,0.0469,0.0133003,2.98333,0.307713
,185.063038548,0.183904,0,0.738308,0.0868475,0.13445,0,0,1.90982,0.0275701,0,0.139114,0,0.148822,0,0.826989,2.68201,0.244148,0.00770975,0,2.60385,0.0446521,0,3.44379,0
,185.109478458,0.169892,0.328319,0.660664,0.0506018,0,0.042418,0,1.68904,0.00365732,0,0.139163,0,0.186973,0.310098,0.740019,1.71171,0.0137613,0.125594,0,2.20712,0.13713,0.00018535,3.63191,0
,185.155918367,0.0398351,0.385178,1.20904,0.484718,0.530116,0.0122286,0,1.15312,0.212899,0,0.117891,0.442284,0.541944,0.326201,0.792289,1.05525,0.183549,0.0665842,0.613928,1.31776,0.218159,0,3.47802,0.113361
,185.202358276,0.380909,0.0956559,1.25289,0.533974,0.816359,0.0408363,0,0.116603,0.769211,0,0.922058,0.0111818,0.658249,0.0652753,0.6933,1.38407,0.282659,0.0661362,0.967878,0.580876,0.295949,0,3.06196,0.00286598
,185.248798185,0.702283,0.248087,1.19411,0.789142,0.589978,0.435634,0.157761,0,0.513837,0,1.08233,0.0717821,0.701171,0.162044,0.670301,2.0165,0.204276,0.16173,1.28224,0.477717,0.241995,0,2.60425,0.0552369
,185.295238095,1.08705,0.386822,1.01713,1.17451,0,0.6016,0.244089,0.00655822,0.0185571,0.195946,1.14626,0.321818,0.690953,0.415054,0.50651,2.30756,0.0654492,0.224091,1.47079,0.600098,0.00421537,0.0461307,2.24826,0.165795
,185.341678004,1.01435,0.248121,0.607523,0.560387,0,0,1.58183,0.176441,0.138376,0.343132,1.17049,0.352087,0.273201,1.02996,0.47072,1.87521,0.0968265,0,1.92653,0.927845,0.0314328,0.0807818,1.96341,0.184008
,185.388117913,0.716817,0.706143,0.126516,0,0,0.0234793,2.22908,0.297219,0.208942,0.334881,0.292537,0.754067,0.193065,1.3956,0.141712,1.12624,0.341215,0.00491385,2.1304,1.00231,0.0474625,0.0788393,1.71154,0.286462
,185.434557823,1.38742,0.352874,0.282838,0,0,0,2.71022,0.129682,0,0,0.0585442,0.221395,0.643842,1.22148,0.270315,0.586458,1.02813,0,2.0254,0.278152,0.0807661,0,1.64285,0.140029
,185.480997732,0.7622,0,0.296814,0.350668,0,0,2.91644,0.0348313,0,0,0.0592845,0.306279,0.616798,0.779922,0.332466,0.55573,1.25402,0,1.62708,0.047073,0.0490354,0,1.64376,0.221725
,185.527437641,0.177726,0,0.0192114,0.802159,0,0.0189148,2.64792,0.114077,0.00254627,0,0.0691357,0.241354,0.143822,0.386901,0.0215189,0.905363,1.18696,0.00707765,1.56294,0.130776,0.0456602,0,1.76068,0.188675
,185.573877551,0.0858967,0.102345,0.0109671,0.660346,0,0.0192553,2.67492,0.167647,0,0,0.0841208,0.0146775,0.0695105,0.611762,0.0122844,1.25711,0.708765,0.00720503,1.80226,0.273157,0,0,1.79424,0.10092
,185.620317460,0.132097,0.13074,0,0.676541,0,0,2.66693,0.163587,0,0,0.0902497,0,0.106898,1.10573,0,1.44183,0.270195,0,2.2344,0.239564,0,0,1.79127,0.115573
,185.666757369,0.0744788,0.171747,0,0.52203,0.00636167,0.00533559,2.5388,0.0780265,0,0,0.117533,0,0.0602708,1.32581,0.0200488,1.09277,0.0510147,0.0809949,2.09328,0.0348161,0.000806848,0,1.69869,0.0408192
,185.713197278,0.126997,0.00248995,0.0970831,0.329991,0.131169,0.00869272,2.40379,0,0,0.281183,0.202397,0,0.10277,1.28231,0.108744,0.67715,0.0631426,0.754255,1.76633,0.00157172,0.00858505,0.498599,1.4172,0.00526114
,185.759637188,0.813467,0.685068,0.495225,0.0389625,0,0,1.8034,0,0.00349124,0.208111,0.297348,0.803127,0.357505,1.50283,0.149556,0.155694,0.0263763,1.62907,1.42244,0.0018174,0.0289866,0.535737,1.57967,0.205847
,185.806077097,1.12683,0.818097,0.566687,0.298999,0,0,1.78864,0,0.0167694,0.181036,0.101736,0.725089,0.403984,1.35431,0.171137,0.823752,0.0293811,2.00244,1.61522,0.00156992,0.099474,0.520526,1.56992,0.185846
,185.852517006,1.26384,0.701591,0.452965,0.607767,0,0,1.59003,0,0.0547489,0.0365396,0,0.647057,0.400627,0.800803,0.136793,1.95336,0.0290587,2.15975,1.83889,0.000328317,0.307494,0.59545,1.64137,0.165845
,185.898956916,1.34135,0.435449,0.153043,0.520135,0,0.0738125,1.37951,0,0.0311419,0.0546854,0.193442,0.616227,0.562632,0.606464,0.0462184,2.00298,0.0822787,1.16433,1.28378,0,0.174907,0.602193,1.93061,0.243084
,185.945396825,1.57549,0.088554,0,0.279912,0,0,1.68941,0.141342,0.0446682,0.224372,0.388616,0.518714,0.669596,0.333395,0,1.81044,0.0132474,0.588701,1.11837,0.0311125,0.124677,0.700028,1.69707,0.29453
,185.991836734,1.21192,0,0,0,0,0,2.07206,0,0,0.0669218,0.540017,0.600951,0.871594,0.015154,0.0149101,1.83609,0.206617,0.408848,1.09812,0,0.159357,0.636377,1.42918,0.257407
,186.038276643,0.542296,0,0,0.228873,0,0,2.18707,0.303997,0,0.0331557,0.0316867,0,0.960798,0.0002556,0.610507,2.07106,0.167764,0.29709,1.60139,0.135646,0.131683,0.303382,1.48061,0.0277983
,186.084716553,0,0,0.0665907,0.350252,0.872261,0.235767,1.74016,0.353248,0,0,0.0510104,0,0.688361,0,1.48981,1.64346,0.428993,0.101789,2.1825,0.157622,0.0448933,0.0061037,1.962,0
,186.131156462,0,0,0,1.04207,0.711216,0.575544,1.54125,0.140319,0,0,0.047499,0,0.638393,0,1.7117,0.917711,0.267445,0.224257,2.87323,0.0856753,0.0072401,0.00396817,2.25615,0
,186.177596371,0,0,0,0.369317,0,1.02076,1.9251,0,0,0,0.0929361,0,0.464798,0.137252,1.32284,0.920009,0,0.919532,2.89074,0.0804276,0,0,2.43233,0
,186.224036281,0.053301,0.452887,0,0.347408,0.0252784,0,0.607397,0,0,0,0.0987831,0,0.184698,0.755095,0.603135,1.01268,0.0957075,0.267307,2.21824,0.0652483,0,0,2.61618,0.00320121
,186.270476190,0.177828,0.167615,0,0.127361,0,0,1.48584,0.722784,0,0.00759624,0.627137,0.0939515,0.364087,0.453189,0.42315,1.21342,0.0906745,0.149964,1.7908,0.384336,0,0.0294622,2.52602,0.0660453
,186.316916099,0.696699,0.290757,0.233175,0.0709667,0.836746,0.245068,0.991217,0.317382,0,0,0.691162,0.392644,0.521117,0.25229,1.20509,1.36648,0.290195,0.0917007,1.8621,0.19652,0,0.246522,2.21356,0.128851
,186.363356009,0.729253,0.368637,0.55173,0.112474,0.670029,1.08265,0.717086,0.193577,0,0,0.51583,0.388629,0.508529,0.110597,1.85397,1.88211,0.231993,0.405113,1.98208,0.131379,0,0.450866,1.50218,0.136833
,186.409795918,0.798593,0.353612,0.488106,0.0876128,0,1.75492,0.85486,0.139995,0,0,0.512832,0.443903,0.716067,0.100585,1.71936,2.17952,0,1.24201,1.55487,0.0904386,0,0.407168,1.04807,0.181005
,186.456235827,0.85101,0.206102,0.398989,0.425696,0,1.55786,0.479407,0,0,0,0.22611,0.450249,1.08678,0.0586254,1.25232,2.27113,0,1.8145,1.18473,0.11009,0,0.496618,1.01107,0.158429
,186.502675736,0.849974,0.230258,0,0.486116,0.0126335,1.50667,0.377386,0,0,0,0.192969,0.300342,1.00417,0.0910845,1.31421,2.03297,0.00259362,2.303,1.16326,0.0963321,0,0.946528,1.03175,0.106885
,186.549115646,0.81962,0.187956,0,0.0947827,0,1.97824,0.206167,0.0141694,0,0.130774,0.545146,0.100076,0.702239,0.101303,1.71541,1.77098,0,2.59704,0.924368,0.0636571,0,1.22074,0.928115,0.0256503
,186.595555555,0.564564,0.0173751,0,0.00590357,0,2.36067,0.109232,0,0.0699881,0.462203,0.775433,0.116372,0.632562,0.0164109,1.77522,1.65905,0,2.62645,0.694569,0.149268,0.109843,1.0139,1.44039,0.029827
,186.641995464,0.529449,0,0.0070481,0.114124,0,2.58306,0,0,0.0574176,0,0.963801,0.585011,0.753074,0,1.42133,1.52744,0.00486085,2.9021,0.349718,0.140539,0.327404,0.500981,2.07811,0.176199
,186.688435374,0.462472,0,0,0.105992,0,2.63051,0,0,0.0865484,0.47704,0.569568,0.520224,0.828372,0.0199801,1.2634,0.968625,0.0150884,3.10154,0.221171,0.0670871,0.266633,0.273832,2.5011,0.191121
,186.734875283,0.602178,0,0,0.115288,0,2.56036,0.0106742,0,0.0199245,0.41515,0.569676,0.242592,0.907533,0.0128044,1.09124,0.466363,0.0197058,2.99958,0.086129,0.0679054,0.12123,0.113048,2.82122,0.107794
,186.781315192,0.978385,0.178883,0,0.183158,0,2.79154,0.089682,0,0,0,0.0727374,0.0124112,0.879013,0.0596197,1.17985,0.385794,0.0206791,2.94325,0.0648037,0.0818344,0.0176466,0.000900071,3.05461,0.0211859
,186.827755102,0.775489,0.0832071,0,0.059698,0,2.88985,0.0832326,0,0.0227538,0.0260875,0.115487,0,1.1124,0.116777,1.35252,0.750922,0.0209018,2.74497,0.219836,0.215557,0.151854,0.0159657,3.08866,0
,186.874195011,1.06034,0.142429,0,0.256314,0,2.81109,0.0873929,0,0.0823984,0.174872,0.0990115,0.0404514,1.02371,0.0511163,1.41263,0.776144,0.0116896,2.92706,0.255698,0.238446,0.48247,0.701462,2.49909,0.010368
,186.920634920,0.915941,0.413234,0.579549,0.475883,0.80798,1.49131,0.0271704,0,0.0778505,0.124107,0.130393,0,1.06882,0.117544,2.30777,0.644111,0.279758,2.01489,0.357316,0.218358,0.446084,0.808848,2.15028,0.00534659
,186.967074829,0.81353,0.731514,0.673263,0.47054,1.03652,0.275353,0,0.0808806,0.0575997,0.819456,0,0.0420665,0.817083,0.208079,3.32556,0.444662,0.358888,1.43369,0.341122,0.172519,0.331358,1.07454,1.9222,0.022946
,187.013514739,0.680753,0.796673,0.630608,0.73946,0.84658,0.0668347,0.0522854,0,0.0795636,0.950616,0.145519,0.297145,0.326641,0.226613,3.73613,0.279338,0.293122,1.16921,0.503127,0.0482384,0.451312,1.3542,1.88982,0.0762774
,187.059954648,0.412509,0.758578,0.547182,0.977618,0.230487,0.138113,0,0,0.0800096,0.807746,0.663583,0.171682,0.155201,0.215777,3.52999,0.315195,0.254077,1.28022,0.279151,0.0480787,0.529899,1.14782,1.90538,0.0440224
,187.106394557,0.108094,0.310164,0.260226,0.26435,0.0809027,0.590521,0.102262,0,0.094322,0.180446,1.76825,0,0.0291137,0.088226,2.70905,0.112827,0.151186,1.40142,0.0761309,0.0461487,0.691201,0.861828,2.69839,4.79569e-05
,187.152834467,0.0112803,0,0,0,0,1.40997,0,0.0520234,0.0371719,0.112468,2.05903,0,0.0030382,0.0156526,1.96152,0.0205188,0.0246977,1.37497,0.0375412,0.0640661,0.371859,0.583973,3.29196,0.0660906
,187.199274376,0,0,0,0.210114,0.219985,1.2217,0,0.103791,0,0.0647956,2.01122,0.147446,0,0.761192,1.06139,0.294848,0.0761683,1.43096,0.0579456,0.073018,0.0263434,0.345145,3.22356,0.107881
,187.245714285,0,0,0.0411427,0.617108,0.0517816,0.93358,0,0.0651083,0,0.0915323,2.11167,0.250801,0,1.42273,0.446082,0.865128,0.0866108,1.65485,0.0271021,0.0362545,0.000571889,0.239534,2.84546,0.122493
,187.292154195,0,0,0.166873,0.825433,0.0203071,0.846404,0,0,0,0.130821,2.11975,0.212272,0,1.67085,0.229261,0.899765,0.033966,1.86413,0.030716,0,0.00126065,0.520455,2.41752,0.10265
,187.338594104,0,0,0.452627,0.895709,0.00221863,0.73148,0,0,0,0.163068,1.9428,0.213423,0,1.80625,0.475853,0.855342,0.257595,1.4316,0.034423,0.00208474,0.00275203,0.624292,1.76859,0.0704928
,187.385034013,8.61011e-05,0,0.684879,0.393628,0.00973856,0.501903,0,0,0,0.133755,1.79221,0.210603,0.0168077,1.63742,0.815832,1.23812,0.623155,0.584849,0.0202209,0.0325474,0.00434092,0.301909,1.72748,0.0539791
,187.431473922,0.000206753,0,0.620839,0.217892,0.737636,0.0535242,0.0719996,0,0,0,1.737,0.173458,0.0403601,1.01571,0.945554,1.34589,0.817083,0.11371,0.0390373,0.228162,0.00507975,0.340215,1.90321,0.0444585
,187.477913832,0,0.0997952,0.724787,0.0933703,0.640828,0.0561043,0.432621,0.0501875,0,0.0642744,1.40912,0.293479,0.0118993,0.680414,1.28098,1.14071,0.433853,0.0487816,0.183417,0.361022,0.344577,0.934883,1.65468,0.0875626
,187.524353741,0,0,0.891089,0.22808,0.530668,0.35977,0.29547,0.47295,0.0468155,0.0267612,1.29331,0.722225,0.215645,0.681146,1.38812,0.780361,0.201993,0.291347,0.120942,0.623306,1.36681,0.575071,1.84195,0.201191
,187.570793650,0.394847,0,0.763898,0.491843,0,0.413509,0,0.852249,0.104679,0,0.942822,0.777587,0.612355,0.553299,1.02106,1.40396,0,0.376324,0.00794489,0.387837,2.25296,0.251779,1.91748,0.199301
,187.617233560,0.71716,0,0.562306,0.907104,0,0.149453,0.0927772,0.712677,0.272146,0.0450973,0.835712,0.738298,0.950779,0.200132,0.551036,1.65036,0,0.37823,0.0577128,0.332527,2.92866,0.152488,1.46503,0.189231
,187.663673469,0.996796,0,0.114654,1.71384,0,0.115954,0.0474289,0.446344,0.462197,0.486938,0.935276,0.325365,1.10289,0.0222839,0.205219,1.91484,0,0.465842,0.150182,0.220133,3.2607,0.117591,0.854145,0.0833934
,187.710113378,0.502502,0,0.0289315,1.20357,0,0,0,0.307192,1.14258,0.518802,0.680452,0.0844592,1.18295,0.194441,0.887569,1.53985,0,0.331109,0.163874,0.163473,3.17319,0.122139,0.914697,0.0411962
,187.756553287,0.247456,0,0,0.861591,0,0,0.296941,0.0905158,1.34384,0.348671,0.156479,0,1.42773,0.218439,1.29749,1.46227,0,0.186426,0.20229,0.202386,2.78264,0.082086,0.762742,0.00265193
,187.802993197,0.186027,0,0,0.883104,0.0180885,0,0.0272909,0.0547039,1.93975,0.270899,0,0.0513547,2.0184,0.220422,0.891759,1.61887,0.00626302,0.352423,0.218528,0.712677,2.55027,0.0637764,0.468607,0.0361009
,187.849433106,0.00303454,0,0,0.814893,0,0,0.0552762,0.11759,1.89503,0.22782,0,0.231588,2.26217,0.251187,0.391696,1.62985,0.202157,0.317032,0.229295,0.982765,2.55249,0.218707,0.175726,0.1628
,187.895873015,0.00338223,0,0,0.728197,0.029467,0,0.0498374,0.0598118,2.01119,0.171367,0,0.053334,2.55624,0.17643,0.0819059,1.81734,0.349158,0.135566,0.166807,1.09668,2.53205,0.300147,0.151405,0.0374924
,187.942312925,0.00588351,0.0110056,0,0.685676,0.0680586,0,0.0167346,0.0544959,1.97647,0.160303,0,0,2.80993,0.162722,0.144244,1.98593,0.257022,0,0.123085,0.970194,2.73068,0.328101,0.0962868,0
,187.988752834,0.0260021,0.0325956,0,0.765479,0.112374,0,0,0.0524501,1.95751,0.168431,0,0,2.91342,0.187706,0.320023,1.99479,0.169494,0,0.11728,0.545007,2.95276,0.411189,0.0568397,0
,188.035192743,0.0055095,0.0120959,0.565875,0.732014,0.60224,0.15341,0,0.015034,1.87331,0.164093,0,0,2.64482,0.136786,0.428215,1.85402,0.270519,0.325912,0.000574318,0.664727,2.84345,0.797201,0.0278802,0
,188.081632653,0.143816,0.162195,0.999757,0.595031,0.663136,0.164481,0,0,1.58671,0.105643,0,0.0365691,2.17471,0.0884153,0.896122,1.50809,0.229606,0.349433,0.221609,0.976277,2.61184,1.1849,0,0.00937291
,188.128072562,0.221469,0.403034,1.07943,0.651197,0.540687,0.106473,0,0,1.01951,0.321728,0,0.147,1.91052,0.119438,1.84931,1.30451,0.187209,0.226198,0.517479,0.686004,2.30117,1.19793,0,0.0528106
,188.174512471,0.368017,0.516309,0.902563,1.2418,0.117303,0.0402886,0,0,0.854075,0.368596,0,0.177889,1.77898,0.158458,2.3962,1.24538,0.0406154,0.0855915,0.696275,0.559094,1.80975,1.14901,0,0.0918529
,188.220952380,0.528965,0.364799,0.61843,1.43055,0,0.0207052,0,0.0146319,1.35595,0.296018,0,0,1.83089,0.110396,2.50815,1.27651,0,0.0439872,0.741901,0.508627,1.73285,1.25347,0,0
,188.267392290,0.645707,0.12456,0.224354,1.37111,0,0,0,0.00875669,1.72539,0.247923,0,0,1.99712,0.035431,2.3535,1.47762,0,0,0.733058,0.547593,2.17424,1.56419,0,0
,188.313832199,0.561995,0.0311103,0.257323,0.769521,0,0,0,0.0110788,1.64521,0.200614,0,0,2.16598,0.0088493,2.23933,1.58434,0,0,0.728781,0.263211,2.25296,1.75504,0,0
,188.360272108,0.219825,0.0507881,0.458191,0.504214,0,0,0,0.000312993,1.60111,0.232073,0,0,2.20629,0.0144466,2.36121,1.37356,0,0,0.660983,0.182308,2.15684,1.5857,0,8.28428e-06
,188.406712018,0.0108334,0.00434215,0.554153,0.414537,0,0.0498623,0.00993311,0.00450584,1.90898,0.192366,0,0,2.26544,0.00123512,2.47642,0.787627,0.223954,0.0186577,0.524936,0.624034,2.30192,1.02412,0.0515615,0
,188.453151927,0.00840684,0.00583879,0,0.117539,0.26651,0.0314496,0.136324,0.0264676,2.01486,0.274587,0,0,2.45644,0.00551476,2.23839,0.439778,0.543432,0.011768,0.61893,1.00134,2.32018,0.547541,0.182978,0
,188.499591836,0.00966069,0.424114,0,0.0772073,0.433865,0,0.201696,0.0439229,2.0383,0.290899,0,0,2.44525,0.387472,1.27183,1.40241,0.513405,0.0401034,0.58445,0.823982,1.88687,0.642744,0.156931,0
,188.546031746,0.0378083,0.409295,0,0.0261087,0.459975,0,0.223705,0.0373255,1.8053,0.277004,0,0,1.88359,0.37339,0.448735,2.53476,0.318146,0.105515,0.642207,0.458305,1.74497,0.548639,0.103357,0
,188.592471655,0.267753,0.230161,0,0,0.559976,0,0.222948,0.0256106,1.73889,0.22937,0.000747373,0.109207,1.44583,0.24082,0.436061,2.77163,0.193888,0.101063,0.876146,0.203289,1.71164,0.828729,0.26021,0.0279905
,188.638911564,0.463103,0.250838,0.830364,0,0.646135,0,0.196914,0.0476402,1.78512,0.242909,0,0,1.03153,0.229249,0.996767,2.42947,0.22372,0.0935309,0.988384,0.424938,1.65117,0.828199,0.149424,0
,188.685351473,0.145269,0.561022,1.14265,0.245099,0.324608,0,0.265684,0.177548,1.19033,0.610302,0,0,0.600688,0.194209,1.33461,1.74942,0.112393,0.0612758,1.1374,1.43845,1.1899,0.894533,0.168524,0
,188.731791383,0.199448,0.755539,1.1313,0.874833,0,0,0.710065,0.200003,0.145969,0.480164,0.377463,0.00334026,0.273789,0.244226,1.22975,1.28187,0,0.0231288,1.3212,1.84719,0.832371,0.846516,0.318374,0.133268
,188.778231292,0.484681,0.610557,1.3035,1.09041,0.0234634,0.0336498,1.21833,0.0297329,0.0797784,0.00701845,0.496709,0.211328,0.448126,0.194183,0.998751,1.22373,0.00481698,0.00704238,1.17248,1.94111,0.46541,0.536491,0.346324,0.354096
,188.824671201,0.737942,0.187424,1.18692,0.722677,0,0.0489116,0.50584,0.975348,0.0329838,0.195509,0.16904,0.327821,0.624106,0.0822497,1.05592,1.34996,0,0.0102364,0.638778,2.40649,0.194637,0.634595,0.230227,0.611324
,188.871111111,0.847377,0,0.9571,0.00174886,0.0383253,0.0491349,0.157457,1.28117,0.375191,0.0770998,0,0.131631,0.564052,0.466543,1.3664,1.56889,0.22215,0.0128824,0.199318,2.85683,0.0925894,0.700318,0.133233,0.686975
,188.917551020,0.721409,0,0.846114,0,0.0285054,0,0.134284,1.0685,0.431964,0,0,0.0814912,0.253179,0.18619,1.52468,1.7117,0.483606,0.000304854,0.193795,2.54882,0.0997899,0.562164,0.096049,0.936013
,188.963990929,0.414933,0,0.824599,0,0,0,0.210692,1.07076,0.2953,0,0,0.210333,0.208041,0.0446352,2.06384,1.47222,0.474714,0.000320921,0.39399,2.11122,0.21697,0.185381,0.11959,1.5779
,189.010430839,0.28837,0,0.884079,0,0,0,0.196315,1.20544,0.230726,0,0,0.236055,0.187283,0.0870293,2.17956,1.31124,0.0866671,0.00663648,0.383303,2.3699,0.0524108,0.0576757,0.10742,2.15338
,189.056870748,0.110012,0,0.832383,0.00490975,0.202339,0,0.183481,1.34007,0.260772,0,0,0.273481,0.100159,0.0837562,2.05527,1.20048,0.338436,0.0142349,0.353106,2.84534,0.059236,0.0638692,0.059042,2.5179
,189.103310657,0.0543817,0,0.802525,0,0.265784,0,0.182198,1.3919,0.25593,0,0,0.191127,0.014647,0.0225192,2.01659,1.13523,0.444555,0.0180263,0.409717,3.10541,0.0592486,0.00817846,0.019739,2.82531
,189.149750566,0,0,0.788992,0,0.159469,0,0.212859,1.25159,0.23742,0,0,0.0530099,0,0.00465704,2.07599,1.04836,0.266731,0.0139474,0.443889,2.99852,0.0554616,0.0673669,0,2.99473
,189.196190476,0.0510656,0,1.17059,0,0.0897301,0,0.246905,1.11301,0.31396,0.0282282,0,0.184945,0.0137538,0.00927582,2.16562,0.630523,0.0310684,0.00342219,0.462613,2.79801,0.434136,0.323746,0.00553755,2.93671
,189.242630385,0.395439,0.296697,1.69348,0,0.223987,0,0.118998,1.11939,0.34269,0.0326122,0,0.0931449,0.106506,0.0843952,2.30619,0.430045,0.0911926,0,0.603283,2.6853,0.490327,0.360109,0.061959,2.39727
,189.289070294,0.53936,0.654611,1.56011,0,0.0876901,0,0.0182167,0.923197,0.385026,0.0340719,0,0.0540134,0.145269,0.186204,2.57895,0.108843,0.0303621,0,0.799369,2.59768,0.528811,0.379429,0.0883391,2.15584
,189.335510204,0.581666,0.702554,1.43466,0.4697,0,0,0,1.0031,0.180227,0.030528,0,0.171293,0.156664,0.199841,2.89092,0.151437,0,0,1.02649,2.38975,0.637515,0.587898,0.0770062,2.10297
,189.381950113,0.634804,0.519993,1.39724,0.635585,0.101206,0,0,0.999879,0.117217,0.0325511,0.0268586,0.250492,0.170976,0.147912,3.15185,0.20492,0.169278,0,1.20557,2.16565,0.662446,0.946583,0.0195564,1.99002
,189.428390022,0.637869,0.195478,1.40166,0.469904,0.095956,0,0.03798,1.08619,0.0889327,0.178375,0.171729,0.105341,0.173996,0.0556035,3.23273,0.151502,0.0679821,0,1.29854,1.96525,0.505479,1.42065,0.0420875,1.92478
,189.474829931,0.641778,0.060195,1.07132,0.29085,0,0,0.103441,0.91319,0.0635929,0.0719201,0,0,0.173753,0.0171224,3.23813,0.0937732,0.0156535,0,1.29933,1.80668,0.247591,1.67549,0,1.68668
,189.521269841,0.503798,0,1.12032,0,0,0,0.0630608,1.10296,0.301884,0.100855,0,0,0.135691,0,3.22859,0,0,0,1.09873,1.7778,0.130205,1.82418,0,1.57815
,189.567709750,0.367388,0,1.44795,0,0,0,0.0616624,1.47829,0.317491,0.0578752,0,0.0185737,0.099702,0,2.89909,0.295686,0,0.00643895,0.744042,1.92224,0.321733,1.53143,0,1.93731
,189.614149659,0.326385,0,1.22615,0,0,0,0.0698497,1.79682,0.283439,0.0128144,0,0.0303437,0.0879074,0,2.452,0.599525,0,0.0104058,0.560852,2.49201,0.171454,1.36464,0,2.2521
,189.660589569,0.199256,0.336872,1.09721,0,0,0,0.0468133,2.01043,0.226911,0,0.0373991,0.0300485,0.177035,0.0958231,2.224,0.617466,0,0.00439527,0.579268,2.73883,0.0559504,0.846616,0.619125,2.06935
,189.707029478,0.00209392,0.323624,0.841243,0,0.077131,0,0.05089,1.8854,0.227349,0,0.0961766,0.00927429,0.174012,0.0920546,1.87466,0.47901,0.12901,0.0178622,1.06496,2.60667,0.0519583,0.554176,1.59216,1.19634
,189.753469387,0.0283231,0,0.524402,0,0.469657,0,0.0716691,1.66449,0.257953,0,0.102149,0.00157775,0.209431,0,1.31543,0.522007,0.785556,0.0444913,1.40472,2.60705,0.0585957,0.447198,1.69103,0.719561
,189.799909297,0.37003,0,0.741979,0.388169,0.740712,0,0.0690343,1.50076,0.223377,0,0.0791202,0.0019853,0.309573,0,1.10325,0.432773,0.972452,0.056563,1.2498,2.39354,0.637643,0.0665286,1.3098,0.953778
,189.846349206,0.978337,0.563374,0.594706,0.623285,0.73424,0,0.0131065,1.4222,0.276012,0,0.0441652,0.122763,0.853106,0.160251,0.903726,0.31078,0.997635,0.35029,0.266347,1.24629,1.25547,0.0130741,0.731135,0.646837
,189.892789115,1.87991,0.409026,0.151515,0.656079,0.782698,0,0.013126,1.24757,0.460018,0,0,0.180043,1.9658,0.116347,0.569291,0.490337,0.817883,0.629752,0.138444,0.514861,1.61139,0.0124748,0,0.375544
,189.939229024,2.22774,0.0335777,0,0.659986,0.680712,0.0499087,0.0227252,0.968359,0.490819,0.129441,0,0.240146,2.19467,0.00955116,0.576721,0.677506,0.601661,0.682976,0.085059,0.690553,1.83892,0.0380942,0,0.17867
,189.985668934,2.4614,0.00488632,0,0.602015,0.539498,0.0695084,0.0269469,0.851023,0.364033,0.114985,0,0.182933,2.02899,0.00243073,1.46815,0.334771,0.711427,0.386611,0.0541904,1.21626,1.46703,0.0270705,0.272692,0.223506
,190.032108843,2.5577,0.0151428,0,0.319408,0.647212,0.0180357,0.0472541,0.908422,0.102505,0.00187719,0,0.0651531,1.67754,0.286547,1.45472,0.10497,0.868345,0.220997,0.851877,1.7828,0.706996,0.0168545,0.619996,0.260025
,190.078548752,2.56012,0.0607577,0,0,0.420841,0,0.0355712,1.12356,0,0,0,0.0427551,1.74067,0.312079,1.10366,0.113273,0.703906,0.0664596,2.11176,1.81205,0,0,0.964164,0.299206
,190.124988662,2.41006,0.0828264,0,0.076897,0.527832,0,0.274373,1.24976,0,0,0,0,1.819,0.422129,0.932237,0.148662,0.549794,0.0320357,2.48293,1.29788,0,0,1.13012,0.160489
,190.171428571,2.36059,0.219501,0,0.0919912,0.369942,0.178419,0.0337654,1.45774,0,0,0.0208737,0.0223338,1.74679,0.599125,0.515483,0.291485,0.618771,0.100299,2.25151,1.0638,0,0.0687864,1.54459,0.00587117
,190.217868480,2.38339,0.511017,0,0.055963,0.408559,0.295668,0,1.41237,0,0,0.0321702,0.0119863,1.5964,0.512808,0.429726,0.653469,0.683362,0.226125,1.66726,0.952102,0,0.112932,1.88892,0.00351451
,190.264308390,2.21047,0.644074,0,0,0.381123,0.478658,0,1.20383,0,0,0.0337597,0,1.43317,0.518781,0.0773641,0.87468,0.637473,0.179329,1.74168,1.02297,0,0.194747,1.96147,0.000592041
,190.310748299,2.06402,0.565155,0,0,0.304908,0.414136,0,1.02863,0,0,0.0367503,0.00744186,1.62159,0.455338,0.00545667,0.542992,0.509994,0.156459,2.23048,0.93192,0,0.209076,1.90048,0.115734
,190.357188208,2.15475,0.376444,0,0.0356652,0.253557,0.14932,0,0.799919,0,0.00211004,0.251367,0.0337495,1.98705,0.258802,0.0613158,0.0843002,0.22166,0.374972,2.11288,0.974671,0,0.205293,1.489,0.22484
,190.403628117,2.40725,0.0546471,0,0.110064,0.258001,0.0255821,0.0133543,0.40841,0.0825636,0.0896205,0.441791,0.0287254,1.96962,0.0155443,0.258545,0.117176,0.0962272,1.19919,1.4443,0.667559,0.103189,1.00871,0.921261,0.0806944
,190.450068027,1.15323,0.0386245,1.10517,0.497511,0.154233,0,0,0,0.0502644,0.728198,0.0285872,0.177068,1.19238,0.0109867,1.18538,0.171743,0.0701167,2.00581,0.47469,0.869409,0.282308,1.17141,0.454117,0.0453838
,190.496507936,0.864685,0.0335416,1.45482,0.708439,0,0,0,0,0.139907,1.15744,0,0.385242,1.06619,0.00954087,1.76132,0.237725,0.0211341,2.05337,0.142314,1.04085,0.377292,1.35404,0.459428,0.0987403
,190.542947845,0.742714,0.0189422,1.99938,0.790954,0,0,0,0.0358328,0.249124,0.963247,0.0425743,0.496023,1.00231,0.070038,2.50648,0.256401,0.022196,1.04475,1.14279,1.33123,0.329066,1.18682,0.63415,0.127134
,190.589387755,0.471587,0,2.45084,0.397352,0,0,0,0.0396475,0.383652,0.597562,0.162867,0.626352,0.512063,0.343055,2.43296,0.173288,0.00880583,0,2.11369,1.22388,0.263024,0.826778,0.461533,0.160539
,190.635827664,0.111832,0.0213569,2.39905,0.195142,0,0,0,0.0667215,0.241387,0.265789,0.359395,0.46215,0.375588,0.48054,2.23338,0.277024,0,0,2.57673,0.938577,0.0548325,0.713122,0.748772,0.118452
,190.682267573,0.0863453,0.109621,2.59716,0.335934,0,0,0,0.283422,0.0687101,0.0572391,0.0243593,0,0.241725,0.681903,2.23784,0.278588,0,0,2.80501,0.76231,0.0514313,0.513924,0.932334,0
,190.728707482,0.000107486,0.51355,2.614,0.183564,0,0,0,0,0.0173514,0.047294,0.356309,0,0.0209823,0.850466,2.38141,0.0605257,0,0,2.88108,0.692002,0.122951,0.424631,1.34005,0
,190.775147392,0.192913,0.636621,2.61563,0.117678,0,0,0,0.430246,0.00562166,0.0618792,0.610881,0,0.339261,0.915779,2.29934,0.0499403,0.00377594,0.0213055,2.83643,0.72742,0.0578878,0.557709,1.5869,0
,190.821587301,0.215485,0.0741298,2.80775,0.147088,0,0,0,0.800383,0,0.0959227,0.66421,0,0.539883,0.381119,2.37027,0.108385,0.00870148,0.331587,2.4641,0.888089,0.026149,0.866336,1.53385,0
,190.868027210,0.294559,0,2.82415,0.183608,0,0,0,1.01323,0,0.113604,0.521126,0,0.801631,0.227387,2.46778,0.128888,0.00793382,0.673217,1.8977,1.19918,0.0137598,1.1612,1.24367,0
,190.914467120,0.227069,0,2.84104,0.352965,0,0,0,1.15006,0.00215902,0.124219,0.078608,0,0.448764,0.407731,2.56513,0.120616,0.00186753,1.31644,1.46003,1.4825,0.00106427,1.35622,0.848508,0
,190.960907029,0.131889,0.657275,2.06127,0.824196,0,0.0270465,0,0.949435,0,0.120663,0.134051,0,0.220681,0.835878,2.03313,0.650911,0.00779914,1.24401,2.29999,0.827366,0,1.25073,0.900856,0
,191.007346938,0.00023521,0.895704,1.00744,0.755267,0.0744814,0.502087,0,0.673393,0,0.0982338,0.376443,0.134481,0.469387,1.01121,0.665187,1.27636,0.0257887,0.638056,2.94745,0.303287,0,1.06307,1.29655,0.0344776
,191.053786848,0,0.88087,0.551921,0.780859,0.387071,0.586428,0,0.384643,0.1825,0.389496,0.0925486,0,0.428427,0.946171,0.539052,1.53268,0.134021,0.391533,3.09137,0.172822,0.0414561,0.532955,1.94205,1.88296e-05
,191.100226757,0.240521,0.970487,0.0868755,0.9856,0.630528,0.620668,0,0.122451,0.0361625,0.334398,0.150331,0.0754719,0.629261,0.801397,0.770906,1.69544,0.218316,0.559502,2.93182,0.0431633,0.00821453,0.101255,2.46105,0.019363
,191.146666666,0.88954,0.3513,0,1.50586,0.53435,0.624445,0,0.0407553,0.0600429,0.242788,0.285522,0.458869,1.14403,0.589459,0.532485,1.91853,0.185015,1.2237,2.40168,0.0473486,0.0164444,0.117413,2.20463,0.545424
,191.193106575,0.85013,0.101252,0,1.83249,0.0254607,0.473651,0.0264835,0.157489,0.11182,0.385878,0.358114,0.826395,1.0961,0.433534,0.148874,2.09384,0.00881561,1.60888,1.77021,0.110267,0.0687445,0.306048,1.57858,1.55113
,191.239546485,0.589758,0.000986026,0,1.35688,0,0,0,0.614366,0.395336,0.465259,1.16039,0.765214,0.871632,0.217329,0.317207,2.0115,0.00816377,1.11086,0.727349,0.610881,0.089803,0.348184,1.62721,1.37018
,191.285986394,0.00136153,0,0,1.1743,0,0,0,0.702441,0.682019,0.288238,0.713643,0.0101905,0.265782,0,0.716976,1.73853,0.00313161,0.846844,0.78496,0.382097,0.336197,0.29025,1.50033,1.12012
,191.332426303,0,0,0,1.22649,0,0,0,0.0207348,0,0,0.0206842,0.00603188,0,0,1.01964,1.86665,0,1.02559,0.832309,0.0796448,0.0817481,0.0903335,1.18532,0.753786
,191.378866213,0,0,0,1.21278,0,0,0,0.0100857,0,0,0.0550327,0,0,0.00986611,1.13396,1.82281,0,1.15404,0.726857,0.0387403,0.0978811,0.00291712,1.56061,0.228816
,191.425306122,0,0,0,1.25841,0,0,0,0.00106798,0,0,0.0738596,1.5488e-05,0,0.0170276,1.18287,1.70716,0,1.49075,0.544706,0.00410223,0.105021,0,1.67939,0.148565
,191.471746031,0,0,0,1.12369,0.0276831,0,0,0.0301094,0,0,0.081295,0.000175927,0,0.00969873,0.955419,1.52093,0.0463032,1.51598,0.630323,0.174927,0.0534919,0,1.67955,0.173377
,191.518185941,0.15902,0,0,0.945213,0.0331006,0,0,0,0,0,0.0753655,0.00254965,0.128684,0,0.607524,1.27935,0.113445,1.36614,0.689451,0.393951,0.267051,0.120227,1.30401,0.395361
,191.564625850,0.0654106,0.135586,0,2.4221,0.0711195,0,0.0436443,0,0.0734197,0.0543787,0.000321943,0.168116,0.0529325,0.0385674,0.764786,1.50064,0.0246247,1.57668,0.28886,0.438682,0.703018,0.608263,0.546685,0.907314
,191.611065759,0.348019,0.125893,0,2.22695,0,0.00192485,0,0,0.0887559,0.414447,0.177442,0.312996,0.0937342,0.0358101,0.606758,1.91482,0,1.66253,0.0573984,0.160603,0.740019,0.996585,0.30123,1.4745
,191.657505668,0.678013,0.151251,0,2.24983,0.14958,0.0258699,0,0,0.0871295,0.250957,0.146446,0.47719,0.182614,0.0430233,0.211681,2.08542,0.0517911,1.66058,0.0697597,0,0.674345,1.15899,0.0951492,1.83785
,191.703945578,0.791113,0.154616,0.281809,2.24277,0.368,0.0318146,0,0,0.0808607,0.272202,0.211493,0.471751,0.213076,0.0439803,0.322892,2.02105,0.127417,1.49449,0.145372,0.00253671,0.534277,0.987018,0.0649236,1.9015
,191.750385487,0.85567,0.271814,0.248136,2.07715,0.577977,0.0185807,0,0,0.0799465,0.313894,0.290493,0.378203,0.962469,0.243812,0.074936,1.67415,0.200121,1.53864,0.261398,0.403976,0.118214,1.09586,0.265748,1.19456
,191.796825396,0.911717,0.24207,0,1.67389,0.545482,0.0837389,0,0.100171,0.233008,0.390108,0.258343,0.164721,1.66041,0.669333,0,1.26682,0.197553,1.53384,0.159195,0.278757,0.0553997,1.2182,0.855668,0.0940734
,191.843265306,1.11076,0.258906,0,1.11034,0.481903,0.35397,0,0.359513,0,0.112094,0.0158373,0.428254,1.44197,0.735706,0,1.34855,0.166855,1.77612,0.16258,0.378936,0.00357793,1.00856,1.16465,0.180855
,191.889705215,0,0,0,0,0,0,0,0,0.0221049,0.0873998,0,0,1.14438,0.598763,0,0.489637,0,1.39218,0.348461,0.109761,0.128562,0.787051,1.88079,0.266881
,191.936145124,0,0,0,0,0,0,0,0,0.0853592,0.065482,0,0,1.12822,0.0953464,0.0314222,0.0471824,0,0.840756,0.662418,0.17367,0.483172,0.59243,2.42302,0.460493
,191.982585034,0,0,0,0,0,0,0,0,0.0220684,0.0561599,0.00813869,0,1.69186,0,0.696647,0.314128,0,0.00718196,0.849351,0.274772,0.123946,0.510699,2.04105,0.73735
,192.029024943,0.546323,0,0.0651646,0,0.686051,0.693993,0.843848,2.19394,0.532881,0,0,0,2.05823,0,0.575189,0.815316,0.325835,0.472967,0.675675,1.48804,0.438478,0.00723209,0.983967,0.690834
,192.075464852,1.10168,0.856368,0.426714,0.0212787,0.312084,0.0314329,0.62295,2.10775,0.0529934,0.0304903,0.0222211,0.0122737,2.15938,0.243593,0.699621,1.31755,0.521996,0.276402,0.41037,1.72145,0.582045,0.0140364,0.781806,0.595335
,192.121904761,1.26137,0.514031,0.274938,0.418626,0.475892,0,0.230837,1.83169,0.0997528,0,0,0.0445004,1.6087,0.146216,0.797292,1.74177,0.798938,0.591169,0.246376,1.74273,0.850604,0.00203784,1.31212,0.489772
,192.168344671,1.19518,0.0998664,0.132928,0.691521,0.362307,0.179831,0.00524207,1.81548,0.223442,0.552159,0,0.041744,0.585796,0.0284069,0.816477,1.94257,0.611499,0.901113,0.0146417,1.43955,1.10185,0.129992,2.10754,0.272826
,192.214784580,0.947995,0.0646221,0.0465078,0.809615,0.325769,0.176217,0.0211579,1.44883,0.614978,0.528189,0.0315846,0.0178048,0.58252,0.0183817,0.755808,2.04584,0.544887,0.624283,0.00453193,1.07448,1.32677,0.131583,1.86903,0.359821
,192.261224489,0.789403,0.160114,0.317672,0.853462,0.604281,0.169334,0.0109951,0.473657,1.43913,0.522485,0.117325,0,1.04986,0.0494617,0.490531,2.02877,0.559963,0.66024,0.00235512,0.284745,2.04459,0.135692,1.20409,0.548604
,192.307664399,0.726225,0.21687,0.343325,0.884328,0.457199,0.110358,0.00922293,0,1.30283,0.618902,0.206481,0.0393104,1.59095,0.0669269,0.447601,2.0137,0.336327,0.607556,0.0126002,0.177359,2.24635,0.145705,1.0199,0.766953
,192.354104308,0.928765,0.767228,0.689583,0.730319,0.0170067,0.0486647,0,0.0475419,0.484219,0.652279,0.201714,0.116352,1.61496,0.475235,0.792498,1.92097,0.0279591,0.546779,0,0.56445,1.94398,0.154771,1.07278,0.797985
,192.400544217,0.826326,0.679343,0.243911,0.0812331,0,0.0353284,0.224296,0.944697,0.873272,0.512957,0,0.307257,1.62778,0.568914,0.934412,1.26714,0.023582,0.678934,0.0480433,1.16148,1.72832,0.122003,1.32808,0.626635
,192.446984126,1.08261,0.229054,0.324381,0.0759793,0,0,0.0838413,0.870102,1.83449,0,0,0.22533,1.56271,0.216342,1.13553,1.17253,0.0206302,0.933567,0.0341338,1.07955,2.22948,0,1.33773,0.501679
,192.493424036,0.756807,0.134343,0.349214,0.0303116,0.0134581,0,0,0.728035,2.12578,0,0,0,1.68049,0.126888,1.06344,1.25996,0.0256999,1.35144,0,0.965917,2.73648,0,1.21458,0.198308
,192.539863945,0.924989,0.0946058,0.106418,1.10987,0.101669,0,0,0.203112,2.29945,0,0,0,1.62089,0.0893555,0.583557,1.5415,0.186258,1.63459,0.00490523,0.455939,3.03085,0,1.19927,0
,192.586303854,1.16343,0.0274767,0,0.56876,0.209265,0,0.0154001,0,2.32617,0,0,0,1.61324,0.0259518,0.371991,1.7303,0.381092,1.72955,0.0430144,0.341575,3.31221,0,0.993068,0
,192.632743764,1.26717,0,0,0.623803,0.254515,0.0488751,0,0,2.33598,0,0,0,1.54767,0,0.43322,1.80394,0.453381,1.74919,0,0.275068,3.48117,0,0.93835,0.0621959
,192.679183673,1.32155,0,0,0.462533,0.274879,0,0,0,2.33107,0,0,0,1.2572,0,0.404105,1.83087,0.488111,1.8791,0,0.2059,3.4228,0,1.14477,0.0455914
,192.725623582,1.23476,0,0.639768,0.388533,0.296816,0.0209127,0,0.0808966,2.0915,0,0,0,1.09119,0,0.557054,1.82546,0.521479,1.80867,0,0.233518,3.07597,0,1.66361,0
,192.772063492,1.02354,0.0564006,0,0,0.191081,0.0542419,0,0.242297,1.83379,0.0624098,0.0222136,0,0.828282,0.0532706,0.225426,2.17155,0.339561,1.45621,0,0.49757,2.23042,0.560349,2.31057,0.00405171
,192.818503401,0.98395,0.10247,0,0,0.170128,0.0252201,0,0.300502,1.72788,0.105078,0,0,0.796246,0.0967828,0.208601,2.59726,0.304183,0.958716,0.0330478,0.774202,1.48862,0.943448,2.06705,0.0231098
,192.864943310,0.847445,0.434621,0,0,0.126882,0,0,0.0404957,1.93549,0.115454,0,0,0.685781,0.410501,0.201705,2.65927,0.226127,0.473949,0.0568923,0.654799,1.50346,1.03756,1.8789,0.0318524
,192.911383219,0.569416,0.655576,0,0,0.0221781,0,0,0,2.02633,0.122231,0,0,0.499938,0.619194,0.19383,2.72936,0.0506086,0.329013,0.054969,0.536589,1.61295,1.11318,2.01218,0.0317639
,192.957823129,0.577332,0.345112,0,0,0,0,0,0,1.91468,0.330262,0.00815693,0,0.467197,0.325959,0.223331,2.72965,0.0188515,0.356206,0.027807,0.319506,1.82187,1.0847,2.34447,0.0260889
,193.004263038,0.794744,0,0,0,0,0,0,0,1.73973,0.279408,0.0158713,0,0.643134,0,0.294444,2.62672,0.0506776,0.629792,0.0107182,0.233228,2.16989,0.834119,2.35798,0.000201738
,193.050702947,0.986149,0,0,0,0.11977,0.0110267,0,0,1.68509,0.0681385,0.0269875,0,0.826795,0,0.302628,2.62081,0.260332,0.6766,0,0.0393813,2.56792,0.629477,2.14826,0
,193.097142857,1.29795,0.359801,0.091623,0.282622,0.760112,0.0321035,0,0,1.52237,0.0430083,0.0166139,0,0.945596,0.102345,0.279119,2.72719,0.640636,0.623723,0,0.00175614,2.65124,0.391762,1.7773,0
,193.143582766,1.5231,0.0138033,0,0.398438,0.838363,0,0,0,1.63767,0.0162128,0.443897,0.394434,0.920874,0.0130372,0.221514,2.68007,0.774188,0.646281,0,0.0216268,2.74726,0.152128,1.59492,0.101096
,193.190022675,1.48829,0.0819649,0,0.492871,0.764259,0,0,0,1.94444,0,0.440184,0.326352,0.88407,0.0427026,0.446488,2.41168,0.749092,0.762168,0.045461,0.0457078,2.88734,0.21839,1.43653,0.0836465
,193.236462585,1.15802,0.157429,0,0.131094,0.425957,0,0,0,2.20214,0,0,0,0.957678,0.148692,1.13353,2.0189,0.736936,0.77892,0.0638364,0,2.98796,0.309571,1.349,0.0145779
,193.282902494,0.805012,0.489935,0,0.323522,0.885278,0.0856901,0,0,2.26925,0,0,0,0.857685,0.139362,1.59446,1.71489,0.704323,0.784386,0.0675297,0,2.68794,0.299315,1.37012,0.0221446
,193.329342403,0.76964,0.424166,0.325754,0.457836,1.25154,0.0330584,0,0.343828,1.15763,0.290857,0,0,0.603253,0.120654,1.53553,2.19432,0.507033,0.777456,0.138505,0.153419,2.30199,0.457441,1.11621,0
,193.375782312,0.788322,0.475064,0,0.901067,1.51734,0.0117912,0,0.463753,0.335608,0,0.0405393,0.117126,0.387583,0.135132,0.913833,2.61808,0.613302,0.48961,0.203314,0.720355,1.92941,0.434474,1.50061,0.0300202
,193.422222222,0.69892,0.374746,0,1.5532,0.918128,0,0,0.28038,0.258504,0,0.266445,0.314208,0.332084,0.215012,0.735926,2.71032,0.438429,0.203052,0.264918,1.14678,1.56957,0.320255,2.017,0.0805337
,193.468662131,0.609125,0.235137,0,1.92717,0.257185,0.0655702,0.00839393,0.265386,0.132852,0,0.465384,0.282665,0.170323,0.170874,0.337012,3.16289,0.233142,0.166612,0.295476,1.42586,0.924081,0.104157,2.32206,0.0724491
,193.515102040,0.551271,0.101677,0,1.99931,0.0766633,0.0548058,0,0.27079,0.0462843,0,0.385865,0.185347,0.148477,0.028922,0.0823106,3.65414,0.128691,0.200024,0.118302,1.44223,0.783117,0.0548918,2.23311,0.0475059
,193.561541950,0.441004,0,0,2.25434,0.187186,0.0158986,0.14241,0.126728,0.156905,0.0175456,0.228079,0.0560956,0.118779,0.0395098,0.0195249,3.50072,0.120566,0.312445,0.0634645,1.2952,0.919239,0.0433105,2.26359,0.0143777
,193.607981859,0.171191,0,0,2.4467,0.219217,0,0,0.00600481,0.444207,0.101345,0.447442,0.0300379,0.046108,0.0279517,0,3.21366,0.113162,0.464825,0.0215526,1.0339,1.18306,0.0766741,2.46785,0.00769894
,193.654421768,0,0,0,2.4785,0.272372,0,0,0.223403,0.478661,0,0.0823007,0,0,0.00841632,0.189762,3.0506,0.149984,0.59526,0.0567957,0.846916,1.36646,0.0433151,2.3939,0
,193.700861678,0,0,0,2.44789,0.269514,0,0.00199302,0.345479,0.548333,0,0.0367263,0,0,0,1.15962,2.60434,0.188999,0.817431,0.189364,0.811846,1.33383,0.0952984,2.03488,0
,193.747301587,0.0444118,0,0.0486024,2.41971,0.205718,0,0.00537206,0.265359,0.521758,0.00103856,0.0173292,0,0.0359395,0,2.22972,2.19746,0.185448,0.827395,0.217471,0.82508,1.12696,0.0644165,1.91452,0
,193.793741496,0.114104,0,0.0976882,2.4703,0.137766,0,0.0122721,0.230215,0.262324,0,0.0256715,0,0.0923367,0,2.52187,2.11494,0.159561,0.696161,0.206322,0.834388,0.968241,0.0421593,1.91476,0
,193.840181405,0.119404,0,0.108971,2.60186,0.124148,0,0.00344821,0.140698,0.0960773,0.0153304,0.0142412,0,0.0966256,0.00280044,2.13527,2.88739,0.118518,0.786451,0.138975,0.750337,0.765712,0.167292,1.60732,0
,193.886621315,0.101394,0,0.237585,2.55712,0.113538,0,0.00803671,0,0.319962,0.0948311,0,0,0.0820514,0.00937273,1.49832,3.43597,0.046081,1.12554,0.177474,0.549868,0.720178,0.854831,1.22424,0
,193.933061224,0.0424596,0,0.218167,2.49502,0.0921003,0,0,0,0.264071,0.0973268,0,0,0.0343597,0.148407,0.750634,3.58664,0.0318891,1.74333,0.136013,0.267783,0.549198,0.874779,0.864899,0
,193.979501133,0.0471022,0,0.216195,2.4019,0.0434662,0,0,0.0196683,0.133917,0.0976303,0,0,0.0381167,0.161112,0.610592,2.74687,0.0175171,2.47376,0.0181744,0.295391,0.787846,0.878319,0.972905,0
,194.025941043,0.0723609,0,0.207978,2.33649,0.021232,0,0,0.110366,0.153192,0.106916,0,0,0.161225,0.0937756,0.574077,2.0694,0.00939304,3.00323,0,0.314546,0.880062,0.961798,1.14069,0
,194.072380952,0.0510863,0,0.218294,2.38615,0.00368079,0,0,0.0629398,0.172276,0.380341,0,0,0.279694,0,0.461815,1.93177,0.00127445,3.32207,0,0.292504,0.971805,1.0717,1.18395,0
,194.118820861,0,0,0.226044,2.38094,0.0149936,0,0,0,0.172515,0.353076,0,0,0.170946,0,0.298605,1.98846,0.00519142,3.48029,0,0.356014,0.970987,1.06383,1.23928,0
,194.165260770,0,0,0.187723,2.40884,0,0,0,0,0.14749,0.557253,0,0,0.0828407,0,0.535349,1.9803,0,3.49706,0,0.38449,0.830275,1.0769,1.1533,1.29478e-05
,194.211700680,0,0,0.0724833,2.51379,0.0744767,0,0,0,0.280489,0.220942,0,0,0.0740453,0,1.41416,1.64056,0.0257871,3.42148,0,0.483623,0.822015,0.536148,1.17128,1.57872e-05
,194.258140589,0.0364027,0,0.0702795,2.55349,0.159394,0,0,0.00960458,0.24061,0,0.0359219,0,0.0795282,0,2.16168,1.32272,0.0704174,3.07441,0,0.839749,0.497122,0.222808,1.646,0
,194.304580498,0.257361,0.0372423,0.0865839,2.4856,0.19618,0,0,0.0991699,0,0,0.0647009,0,0.215163,0.0351755,2.46753,1.16221,0.130088,2.36034,0,1.13866,0.00747044,0.292071,2.32873,0
,194.351020408,0.44827,0.069959,0.0824501,2.58573,0.208162,0,0,0.148854,0.000161751,0,0.0707851,0,0.362755,0.0660765,2.31757,1.16043,0.125518,1.73891,0.132396,1.07942,0.0116349,0.258754,2.85435,1.18296e-05
,194.397460317,0.6169,0.070041,0.0719397,2.8305,0.190165,0,0,0.189334,0.00826056,0,0.1208,0,0.499217,0.164711,1.64922,1.35689,0.0762667,1.4578,0.249821,0.65244,0.0463951,0.0711781,2.96115,8.95434e-05
,194.443900226,0.807432,0,0.0848309,2.94022,0.128273,0,0,0.150454,0,0.194908,0.588397,0,0.653401,0.121834,0.524211,1.71229,0.0514689,1.95556,0.2288,0.425379,0,0.10995,3.01496,0.000121265
,194.490340136,0.68446,0.469359,0.0575257,2.73986,0.0760825,0,0,0.155131,0,0.34395,0.656907,0,0.67817,0.445442,0.273288,1.61285,0.027076,2.39261,0.0540321,0.668323,0.00733882,0.192396,3.05246,0.000130575
,194.536780045,0.430654,0.589039,0.404866,1.66891,0.179523,0,0,0.247331,0.010366,0.528178,0.659195,0.00301762,0.510191,0.556349,0.774105,1.27556,0.0621587,2.62261,0,0.650211,0.0409988,0.293391,3.2377,0.00816653
,194.583219954,0.220939,0.277817,0.528914,1.53578,0.118006,0.37955,0.129687,0.151236,0,0.539825,0.84318,0,0.196607,0.262399,1.30474,0.898347,0.0462721,3.02294,0.0277784,0.20658,0.30156,0.25945,3.50353,0.0236815
,194.629659863,0.182354,0.244875,0.662525,1.43993,0.120575,0.554677,0,0,0,0.455276,0.842586,0,0.327255,0.231285,1.64882,0.553603,0.0532125,3.14817,0,0.0113398,0.223733,0.109489,3.71142,0.0207144
,194.676099773,0,0.682076,0.31262,1.28641,0.356114,0.584627,0,0.277635,0,0.299998,2.07888,0,0.14394,0.308286,1.33642,0.414752,0.135127,2.92976,0,0.169163,0.00398736,0.162622,3.67529,0.0552993
,194.722539682,0,0.412533,0.122153,0.665944,0.00410651,0.545845,0.0454624,0.365919,0.0135422,0.270347,2.27115,0.0489218,0.110893,0.294348,0.965708,0.230642,0.0159662,2.69056,0.0184999,0.299075,0.0107568,0.0666213,3.82705,0.0894055
,194.768979591,0,0.232909,0.0510104,0.168929,0.127492,0.46968,0,0.323727,0.139773,0.033118,2.26171,0.238826,0.249505,0.219983,0.487132,0.0678262,0.05226,2.46823,0.0581429,0.271185,0.276703,0.0353848,3.99869,0.0838176
,194.815419501,0,0,0.0113206,0.472388,0.077382,0.593397,0,0.12064,0.0567032,0.0101935,2.17061,0.350592,0.137747,0,0.399673,0.152303,0.0306713,2.70195,0.0418009,0.142564,1.25019,0.0150331,3.92228,0.0926216
,194.861859410,0,0,0.26455,0.682315,0.0708245,0.535689,0,0.108132,0.14638,0.0134363,2.02289,0.281975,0.038603,0,0.711075,0.219986,0.0262273,2.74174,0,0.131894,1.99765,0.00316324,3.74617,0.0724291
,194.908299319,0,0,0.0464493,1.11006,0.335727,0.236819,0,0.217699,0.17623,0.0721374,1.84699,0.242918,0.331262,0,0.789852,0.400277,0.284366,2.37325,0,0.1184,2.04957,0.016983,3.4362,0.0623947
,194.954739229,0,0,0.0798042,1.02787,0.373582,0.0606641,0,0.155814,0.166825,0.0813378,1.82869,0.232436,0.750031,0,0.954781,0.394618,0.261874,2.00774,0,0.0900013,1.83334,0.019149,3.51644,0.0596779
,195.001179138,0,0,0.0829588,0.540847,0.210527,0.346805,0.0373982,0.0903331,0.0709492,0.0424023,1.98747,0.213724,0.825792,0,1.07022,0.174375,0.0728936,2.71821,0.0152257,0.115346,1.49703,0.00998257,3.7449,0.0548872
,195.047619047,0,0,0.0125864,0.0610488,0.300245,0.431178,0.161454,0.0378959,0.0716259,0.131497,2.09743,0.200454,0.83034,0,0.751859,0.0196828,0.103958,2.92723,0.0657319,0.108189,0.520286,0.588362,3.94605,0.0514525
,195.094058956,0,0,0,0,0.111527,0.412154,0.120561,0.0200133,0.0507138,0.242463,1.72181,0.228979,0.689148,0,0.368756,0.011755,0.419989,2.86097,0.0580712,0.0906309,0.289516,1.47411,3.36384,0.058689
,195.140498866,0,0.0760853,0.0788277,0,0,0.367506,0.0320821,0.0944134,0.0416817,0.267033,1.57868,0.255002,0.696158,0.0718628,0.249797,0.0149672,0.543134,2.52901,0.0270897,0.203258,0.238455,1.69565,3.25182,0.065359
,195.186938775,0,0.192384,0.0671552,0,0,0.325511,0,0.14183,0.0280566,0.275803,1.61539,0.254652,0.742153,0.182605,0.373296,0.0388536,0.517801,2.34812,0,0.276465,0.161084,1.69883,3.28841,0.0652693
,195.233378684,0,0.152004,0.0631068,0,0,0.373896,0,0.183476,0.0196775,0.261707,1.65538,0.256122,0.821296,0.144145,0.641386,0.0541252,0.352701,2.23958,0.0164836,0.301883,0.112452,1.55655,3.38274,0.065646
,195.279818594,0,0.0843487,0,0,0,0.535598,0,0.12546,0.00559128,0.253059,1.71678,0.245442,0.877538,0.0800244,0.880749,0.0593682,0.0358251,2.37314,0.0231869,0.268811,0.0330257,1.38559,3.38405,0.0629672
,195.326258503,0,0,0,0,0,0.648085,0,0.0664503,0.0168396,0.261925,1.79519,0.22825,1.06118,0.00574485,0.8666,0.0561639,0,2.63489,0,0.217525,0.0982561,1.13093,3.19613,0.0585209
,195.372698412,0,0,0,0,0.412968,0.60043,0,0,0.0330209,0.121407,1.87814,0.183976,1.1383,0.0155588,0.743628,0.0384905,0.142987,2.69389,0,0.0372205,0.381761,0.669632,3.15037,0.0471544
,195.419138321,0,0,0,0.208394,0.732103,0.383745,0,0,0.0814873,0.0333689,2.06862,0.164902,1.01764,0.0898338,0.745453,0.153883,0.253486,2.52113,0,0,1.01836,0.301388,3.07763,0.0422677
,195.465578231,0.000674189,0,0,0.77719,0.971467,0,0.0646261,0,0.0534956,0.136815,2.14977,0.220179,1.27244,0.0126298,0.727116,0.698633,0.336364,2.2081,0.180509,0.00198891,1.43295,0.166807,3.01318,0.0564371
,195.512018140,0.000944439,0,0,0.954818,0.559713,0,0.0869924,0,0,0.185322,2.27195,0.341567,1.16459,0.0039012,0.760114,0.796933,0.288304,2.31709,0.282481,0,1.26227,0.940606,1.34658,0.087546
,195.558458049,0.00217107,0,0,1.00974,0.393887,0.110315,0,0,0.0283048,0.170417,2.31426,0.339074,0.787097,0.0190396,0.828613,0.753295,0.289838,1.72783,0.0604525,0,1.15441,1.30764,1.138,0.086907
,195.604897959,0.00153854,0,0,0.832686,0.678402,0.126611,0,0,0.0408196,0.115309,2.37696,0.287375,0.535585,0,1.05551,0.7451,0.234892,1.45411,0.0580831,0,1.24557,1.24451,1.12418,0.0736564
,195.651337868,0,0,0.219806,0.245665,1.09959,0.227693,0.190955,0,0,0.022161,2.5115,0.239288,0.382821,0,1.2775,0.878837,0.380724,1.48123,0.5304,0,1.31793,1.01921,1.22292,0.0613312
,195.697777777,0,0.0839814,0.681662,0.734742,0.741461,0.0253881,0.496137,0,0,0.0723289,2.47334,0,0.307772,0.0238884,1.24545,1.11954,0.371118,1.40044,0.809946,0,1.85033,0.611821,1.41188,0
,195.744217687,0.0141935,0.41652,0.561964,0.836629,0.13303,0,0.725268,0,0,0.218457,2.34795,0,0.227593,0.118479,0.883969,1.27541,0.448261,1.33745,0.921364,0,2.16701,0.333863,1.97144,0
,195.790657596,0.0594524,0.542528,0.625853,0.985702,0.248124,0.0119799,0.759397,0.015622,0,0.24824,2.32572,0,0.598323,0.154322,0.443311,1.21758,0.498487,1.26971,0.936095,0.237959,2.11413,0.058442,2.54669,0
,195.837097505,0.438054,0.537916,0.741902,0.918868,0.297119,0.0649693,0.358048,0,0,0.20344,2.26086,0.407338,1.09048,0.15301,0.311546,0.934396,0.432612,0.795084,0.568241,0.68872,1.51962,0.047895,1.97056,0.104404
,195.883537414,0.698376,0.0111651,0.88779,0.238682,0.228712,0.139775,0.0970771,0.351322,0.183638,0,2.22611,0.249076,0.999121,0.00317592,0.394733,0.22827,0.25581,0.303708,0.101667,0.851189,1.43663,0,1.51065,0.0638399
,195.929977324,0.633152,0,0.80697,0.0414881,0.0894491,0.0656737,0.204375,0.69078,0.315965,0,2.16241,0.241605,0.562747,0.00590309,0.423278,0.141846,0.19507,0.313824,0.0437764,0.849092,1.33723,0,1.50539,0.206657
,195.976417233,0.0037238,0,0.20245,1.48432,0.0942924,0,0.63434,0.92942,0.15973,0,2.00758,0,0.816666,0,0.226767,0.580531,0.501994,0.600501,0.435247,0.560432,1.41891,0,1.24088,0.205861
,196.022857142,0.0969707,0.478806,0.554435,1.21756,0,0,0.46715,0.794103,0.269565,0,1.9725,0,1.22489,0.136196,0.167437,0.820996,0.544382,0.454608,1.08177,0.449435,1.14437,0,1.41047,0.181204
,196.069297052,0.307365,0,0.354224,0.886247,0,0,0.128786,0.126945,0.993957,0.355473,1.8406,0.0198964,0.957997,0,0.106974,0.398217,0.414314,0.294537,1.98376,0.0613263,0.890705,0.0836873,1.60791,0.191038
,196.115736961,0,0,0.260898,0.898661,0,0.125664,0.0779457,0.041695,1.1564,0.360378,1.63633,0.00522375,0,0.264095,0.63537,0.357111,0.248207,0.571344,1.84191,0.0496134,0.868793,0.0848421,1.01141,0.617108
,196.162176870,0,0.349563,0,0.391664,0.15383,0.0683049,0,0.0790658,1.17027,0.241701,1.60213,0.0669615,0,0.903177,0.791837,0.167423,0.130436,0.709856,1.23417,0.108964,1.75673,0.0569026,0.990273,0.289201
,196.208616780,0.110511,0.147041,0,0.299593,0.682722,0.113801,0,0.0735994,1.1927,0.0120866,1.57933,0.00110333,0.0297646,1.33768,0.894248,0.196337,0.236388,1.09981,0.0171816,0.0881352,2.00922,0.00284548,0.985922,0.172022
,196.255056689,0.20866,0.0402669,0,0.390161,0.748802,0.194556,0,0.0866056,0.828631,0.292458,1.45242,0.113056,0.0561997,1.42591,1.19826,0.406701,0.259268,1.15511,0.0200604,0.0354543,1.55406,0.610285,0.91234,0.161461
,196.301496598,0,0,0,0.261675,0.515734,0.277183,0.178139,0.166995,0.656947,0.800425,1.35541,0.316802,0.0320871,1.01372,1.51417,0.354179,0.178569,1.11896,0.0925947,0.0754084,1.13702,0.871682,1.25663,0.182471
,196.347936507,0.0749735,0.00325789,0.346632,0.262027,0,0.391501,0.343311,0.0982287,0.281886,0.874988,1.65683,0.105265,0.254198,0.0406334,1.97058,0.354655,0,1.02757,0.152623,0.0957598,0.870851,0.959562,1.73263,0.0806422
,196.394376417,0,0.0353164,0.61597,0.356036,0,1.12009,0.293631,0,0.0165508,0.640121,1.89422,0,0.478808,0.0100457,2.06831,0.481897,0,0.611625,0.580506,1.20993,0.0458978,0.791533,1.75463,0
,196.440816326,0,0,0.634296,0.16646,0,1.28066,0.175876,0,0,0.587317,1.95269,0.01154,0.638939,0,1.7256,0.400068,0,0.479204,1.01247,1.44336,0.0419281,0.634255,1.39196,0.00295779
,196.487256235,0,0,0.218908,0,0.0486438,1.16209,0,0,0.00872038,0.756128,1.82041,0.135267,0.77258,0.145209,1.52388,0.225919,0.0633505,0.434837,1.16487,1.55966,0.0359712,0.599865,1.33986,0.0346699
,196.533696145,0,0,0,0.349313,0.929871,1.16956,0.0423616,0,0.15783,1.13154,1.11537,0,0.613609,0.0810516,1.49866,0.365714,0.331706,0.729646,1.30606,1.51589,0.158981,0.629151,1.29221,0
,196.580136054,0,0,0,0.510144,1.06178,0.782197,0.0202222,0,0.740838,0.754764,0.28349,0,0.468446,0.208361,1.35356,0.690483,0.431219,1.70897,1.75768,0.965137,0.371997,0.500962,1.08025,0
,196.626575963,0.322911,0,0.106862,0.35528,0.277605,0,0,0,1.27007,0.0702251,0.380433,0,0.589351,0.273371,0.795748,0.480874,0.464326,2.03348,2.75914,0.0627507,0.626072,0.270534,1.06107,0
,196.673015873,0.465294,0,0.0315829,0.412005,0.179917,0.132149,0,0,0,0.193635,1.15549,0,0.994292,0.404676,0.0353765,0.557651,0.300932,1.53067,2.74444,0.040744,0,0.722772,1.24365,0
,196.719455782,0.497983,0,0.362324,0.398202,0.0703015,0.102807,0.627227,0.766777,0.116629,0.0221434,0.924411,0,1.19542,0.444801,0.45075,0.538969,0.118642,1.0195,2.54762,0.384833,0.0574914,0.233656,2.18036,0
,196.765895691,0.66604,0.650875,1.02712,0.639515,0,0.140511,0.3804,2.04688,0,0,0.17274,0,1.30537,0.323834,1.0757,0.344245,0.0292897,1.40135,1.77046,0.959312,0,9.18107e-05,2.41432,0
,196.812335600,0.951554,0.574235,1.24863,0.458694,0.263818,0.229004,0.519386,1.75239,0,0,0,0.215006,1.33479,0.358157,1.00648,0.555045,0.102389,1.72008,0.850618,1.16378,0,0,2.21529,0.0551075
,196.858775510,0.51602,0.548097,1.39022,0.556601,0.380535,0,0.70446,1.14066,0.149095,0,0.808368,0,1.32505,0.244819,1.02485,1.28579,0.136259,1.26028,0.803942,1.38139,0.608165,0,2.0876,0
,196.905215419,0.377152,0.584165,1.4656,0.840166,0.419014,0,0.456832,0.541711,0.2844,0,0.800047,0,0.940807,0.204665,0.876156,2.01795,0.151605,1.12408,0.755618,0.888186,1.79743,0.00868049,1.65417,0
,196.951655328,0.569814,0.617901,1.17132,0.940615,0.106939,0,0,0.224259,0.349496,0,0.610037,0.412938,0.46506,0.175762,0.759052,2.27801,0.0618388,0.666899,0.613916,0.381488,2.40204,0.054222,1.18993,0.105839
,196.998095238,0.598152,0.564759,0.921956,0.988266,0,0,0,0.195847,0.942759,0.0334831,0.156929,0.653347,0.293881,0.284957,0.94534,1.94527,0.0204886,1.03704,0.362985,0.389119,2.38753,0.00788276,0.771763,0.492424
,197.044535147,0.42029,0.448562,0.857268,0.674795,0,0,0,0.600287,1.39069,0.0416435,0,0.939378,0.178441,0.178936,1.12886,1.12597,0.203133,1.51699,0.22704,0.449334,2.37167,0.00980393,1.13417,0.791839
,197.090975056,0,0.421508,0.414758,0.2935,0,0,0,1.40271,1.26885,0.0106875,0.031772,0.99932,0.0558159,0.130304,1.49156,0.588296,0.126273,1.47415,0.106955,1.08257,2.56978,0.0025161,1.60389,0.686144
,197.137414965,0.000564525,0.196076,0.782234,0.155314,0.00333747,0,0,1.56183,0.859661,0,0,0.39917,0.230128,0.185195,1.44199,1.00851,0.0916556,1.26563,0.129799,1.21631,2.92245,0,1.7194,0.379899
,197.183854875,0.397548,0.961472,0.582761,0.100077,0,0,0,1.29704,1.21952,0,0,0.258864,0.911196,0.27349,1.0553,1.69059,0.109002,1.14241,0.0983405,0.760998,2.70407,0,1.64092,0.181974
,197.230294784,0.953583,0.816242,0.125195,0.496389,0.00133885,0.040944,0,0.145487,2.35795,0,0,0,1.50556,0.232179,0.814754,1.74473,0.0931747,1.03051,0.056803,0.104457,2.74379,0,1.75245,0
,197.276734693,0.926261,0.0354357,0.117566,0.677412,0.0273684,0,0,0,2.60252,0,0,0.0246802,1.53812,0.0334691,0.686721,1.94943,0.0746893,0.811133,0.077072,0.046123,2.96052,0,1.99751,0.0173495
,197.323174603,1.0956,0.0607566,0.0910142,0.759014,0.0223938,0,0,0,2.50578,0,0,0,1.2925,0.0573848,0.545191,2.31404,0.071725,0.927176,0.0340481,0.0552276,2.88164,0,2.22383,0
,197.369614512,1.37567,0.062983,0.0194616,0.523826,0.0340284,0,0,0.234787,2.1363,0,0,0,1.26461,0.0594876,0.440684,2.22524,0.0902205,1.24886,0,0.218139,2.37839,0,2.39289,0
,197.416054421,1.2224,0.106825,0,0,0.110388,0.0574052,0,0.248843,2.01317,0.0249385,0,0,1.17785,0.100896,0.378024,1.59731,0.210701,1.49774,0,0.247468,2.3705,0.223912,2.52587,0.00124249
,197.462494331,1.03057,0.150446,0,0,0.0178736,0.131885,0,0.115303,2.12809,0.0843732,0,0,1.03407,0.142097,0.391639,1.3055,0.0483879,1.65864,0.00426162,0.136757,2.49406,0.757549,2.20931,0.00885053
,197.508934240,0.983629,0.203957,0,0.000627709,0,0.0926211,0,0,2.36887,0.100502,0,0,1.33904,0.192638,0.515456,1.08392,0.00466459,1.66444,0.00511216,0.0591135,2.43676,0.902364,1.62484,0.0145706
,197.555374149,1.01543,0.203298,0,0,0,0,0,0,2.48,0.109881,0,0,1.55672,0.194693,0.598204,1.16656,0,1.63256,0,0.0563508,2.55216,0.98657,1.21478,0.010606
,197.601814058,1.02629,0.11959,0,0,0,0,0,0,2.43682,0.337988,0.0193327,0,1.63317,0.113998,0.511386,1.57706,0.0222952,1.64769,0,0.0439995,2.847,0.988239,1.18527,0
,197.648253968,1.02459,0,0,0,0.101448,0.0304534,0,0,2.36814,0.305784,0.0196486,0,1.55483,0.00669919,0.3122,2.16563,0.195865,1.47255,0,0.0303415,3.05366,0.945332,1.23868,0
,197.694693877,1.05573,0.02874,0,0,0.0416741,0.0303755,0,0,2.22045,0.244135,0.0428688,0,1.65946,0.0273884,0.207487,2.22076,0.0911008,1.14072,0,0.0412198,3.30539,0.68415,1.38277,0
,197.741133786,1.21852,0.510617,0.312546,0.0886207,0.108522,0.0531727,0.0948213,0,1.90094,0.0595675,0.0864409,0,1.77821,0.146391,0.317675,1.86229,0.0645019,1.15678,0.264848,0.0531856,2.85573,0.224064,1.56223,0.00651428
,197.787573696,1.20238,0,0,0.802455,0.0395647,0,0.0987008,0,2.05972,0.31659,0.503152,0.735033,1.84333,0.0356481,0.234774,1.22554,0.101182,1.18773,0.275683,0.0559912,2.6083,0.0745332,1.47202,0.208224
,197.834013605,1.08372,0.0872895,0,1.20789,0.0734048,0,0.131585,0,2.25955,0.328387,0.545458,0.630767,1.3997,0.0846158,0.224561,0.963838,0.151221,1.10386,0.367534,0.0407031,2.3044,0.174777,1.58696,0.359449
,197.880453514,0.936423,0.203951,0.073385,1.41857,0.220982,0.00993536,0.110377,0,2.25892,0,0.116854,0.830765,0.76733,0.215335,0.701867,0.986097,0.195572,1.04293,0.348218,0.0213237,2.00809,0.232087,1.80304,0.491921
,197.926893424,0.620933,0.290026,0.0439191,0.817835,0.0195658,0,0.196579,0.0474482,2.18375,0.0010783,0.106271,0,0.639733,0.282459,1.5238,1.16487,0.106172,0.753956,0.60146,0.0395222,1.97438,0.266608,2.12616,0.237181
,197.973333333,0.677002,0.410074,1.4513,0.350725,0.390123,0,0.254867,0.0119781,1.63386,0,0.12058,0.200077,0.291223,0.370266,2.2883,1.05591,0.17624,0.537502,0.863059,0.1544,1.6508,0.270651,2.24968,0.243002
,198.019773242,0.493667,0.732103,1.46347,0.565077,0,0,0.272593,1.13437,0.33492,0.256354,0.131309,0.199023,0.328086,0.270579,2.26407,1.48536,0.0338852,0.420667,1.00916,0.61954,1.22341,0.304243,2.32238,0.191317
,198.066213151,0.467663,0.73129,0.986859,1.25109,0,0,0.330706,1.28226,0.131861,0.135493,0.385119,0,0.364737,0.228324,2.14462,1.61784,0.0244118,0.467579,1.03366,0.98354,1.16579,0.246158,2.24167,0.114707
,198.112653061,0.606856,0.356138,0.803485,1.53001,0,0,0.348263,1.01953,0,0.0311533,0.447771,0.188534,0.353739,0.11448,1.79102,1.91672,0.0211338,0.556372,0.926217,0.884943,1.27331,0.222573,2.08951,0.208011
,198.159092970,0.478812,0.0914127,0.597201,1.77395,0,0.00857475,0.202241,0.590347,0.0392451,0.0193827,0.184481,0.139483,0.200252,0.0863396,0.636986,2.54456,0.0177408,0.490682,0.682846,0.786134,1.39827,0.22706,1.94575,0.131437
,198.205532879,0.191567,0,0.339426,2.13691,0,0,0.075593,0.436211,0.193988,0,0.228094,0.105268,0.051596,0.00773977,0.107085,2.6658,0,0.568152,0.0722685,0.540105,1.45432,0.109491,1.60514,0.0271447
,198.251972789,0.0523481,0,0.0122558,2.40503,0,0,0.0428898,0.309241,0.306916,0.0143552,0.254141,0.0880481,0.0140993,0.00535099,0.0037012,2.72533,0,0.484113,0.00918682,0.516764,1.42206,0.186555,1.5837,0.0532405
,198.298412698,0.00454689,0,0.201135,2.6619,0.0553986,0,0,0.448534,0.0591363,0.0123941,0.183324,0.142,0.00122464,0.00438249,0.0607418,3.04219,0.0191814,0.378023,0.0113162,0.957201,1.07005,0.159229,1.89335,0.0796835
,198.344852607,0.00363756,0,0,2.71719,0.0776616,0,0.0290151,0.543192,0.348284,0.0230311,0.172606,0.0659471,0.000979729,0,0.402388,3.19413,0.0491359,0.408319,0.16181,1.2583,0.750833,0.280231,1.88385,0.0287269
,198.391292517,0.281947,0,0,2.63191,0.0541251,0,0.0534446,0.227675,0.651152,0,0.0743303,0.0612126,0.0849612,0,1.38497,2.8203,0.101032,0.39066,0.396559,1.3775,0.602887,0.159713,1.74183,0.0156892
,198.437732426,0.38749,0,0,2.66686,0.0607814,0,0.0674224,0,0.5464,0,0.0714702,0.0273558,0.130474,0.0021261,1.80847,2.84126,0.140675,0.322858,0.51648,1.48054,0.270381,0.137204,1.62953,0.00701148
,198.484172335,0.265906,0,0,2.68598,0.0889574,0,0.0487745,0,0.277334,0.0952838,0.0673835,0,0.21518,0.0202926,1.55074,3.22154,0.121907,0.370734,0.527856,1.53913,0.225178,0.161628,1.6097,0
,198.530612244,0.0809493,0.144875,0.126384,2.55647,0.0280687,0,0,0,0.863247,0.247025,0.089844,0.526772,0.057489,0.244889,1.00381,3.1001,0.0651259,0.411501,0.419156,1.74909,0.558583,0.245569,1.69779,0.135016
,198.577052154,0.134559,0.170143,0.678325,2.16271,0.0179939,0,0,0,1.14485,0.45702,0.131807,0.46621,0.0362416,0.38138,0.409054,3.01591,0.0506846,0.66826,0.332986,1.72079,0.902626,0.710094,1.29471,0.119493
,198.623492063,0.373051,0.335271,1.15686,1.08321,0.679075,0,0,0,1.09351,0.40643,0.0284917,0.456229,0.36048,0.665776,0.349366,2.79484,0.260574,1.50991,0.0164338,1.45481,0.711727,0.731116,1.5315,0.116935
,198.669931972,0.375077,0.238403,0.725612,1.87987,0.925806,0,0,0,0.791841,0.0704497,0.0240709,0.415925,0.650313,0.628137,0.219132,2.65608,0.320554,1.88715,0,0.917024,0.649925,0.9994,1.59339,0.106605
,198.716371882,0.290297,0.157834,0.230138,2.34734,0.51106,0,0,0.00720147,0.371984,0.100147,0,0,0.771891,0.379332,0.0695006,2.62255,0.176951,2.2493,0,0.558229,0.917774,1.32403,1.54086,0
,198.762811791,0.141,0.0874753,0.158405,2.44098,0.213602,0,0,0.146099,0.179392,0.108561,0.964265,0,0.850966,0.205277,0.0478375,2.53009,0.0739581,2.39039,0,0.369891,1.00754,1.5589,1.59637,0
,198.809251700,0,0.142277,0.127132,2.5448,0.14234,0,0,0.0208823,0.124733,0.0925226,1.51176,0,0.73014,0.253228,0.0383932,2.54866,0.0492842,2.44497,0,0.170172,0.700555,1.45026,1.73012,2.52144e-05
,198.855691609,0,0.0441379,0.0735517,2.65775,0.115026,0,0,0,0.121584,0.0593533,1.57257,0,0.540281,0.227135,0.0662005,2.55958,0.0398268,2.50024,0.0676149,0.0745773,0.795654,1.17796,1.84587,6.55981e-05
,198.902131519,0.0240202,0.0433263,0.0527217,2.58576,0.145834,0,0,0,0.14937,0.0447266,1.42834,0,0.136445,0.24925,0.28054,2.50305,0.132396,2.39607,0.121887,0.0686113,0.838929,0.994833,2.12781,8.48714e-05
,198.948571428,0.24366,0.0747048,0.0217545,2.46305,0.115289,0,0,0.00274133,0.0983349,0.00318341,1.209,0.36322,0.251953,0.216282,0.381155,2.32139,0.188396,2.07244,0.171692,0.432818,0.552293,0.614731,2.44068,0.0931732
,198.995011337,0.418585,0.10333,0.0322289,2.48533,0.112679,0.0202956,0,0.256994,0.0582788,0,0.989334,0.347793,0.381594,0.13473,0.423066,2.35727,0.196789,1.68743,0.126186,0.779963,0.32732,0.601882,2.48227,0.0892142
,199.041451247,0.556951,0.120363,0.0558397,2.54409,0.16096,0.138443,0,0.239411,0.190249,0,0.986732,0,0.681265,0.113683,0.728451,2.21643,0.203963,2.02085,0.0407816,0.630278,0.306107,0.575786,2.39936,8.25096e-05
,199.087891156,0.51034,0.0758115,0.133181,2.3868,0.121001,0.229366,0,0.11124,0.141684,0,1.15484,0,0.862728,0.0716042,0.776971,1.30191,0.0810078,2.46933,0.0649686,0.484404,0.283408,0.757495,2.65063,0.018992
,199.134331065,0.419583,0.0703809,0.0937125,2.07833,0.124664,0.482462,0,0.00142897,0,0,0.806576,0,0.848785,0.066475,0.554033,0.851976,0.0837019,2.77495,0.0774051,0.261001,0.101772,0.491698,2.94957,0.03511
,199.180770975,0.538922,0.0677045,0.0539756,1.4968,0.122495,0.418388,0.150557,0,0.0634874,0,0.813892,0.152333,1.07433,0.0639471,0.658869,0.519453,0.135583,2.87471,0.49189,0.086452,0.0312957,0.273674,2.99841,0.0805638
,199.227210884,0.476225,0.0655375,0.587219,0.999905,0.280778,0.602388,0.119168,0,0.0674215,0,0.432095,0.626162,1.00915,0.0474541,1.08398,0.356826,0.112604,3.11676,0.147533,0,0.0464638,0.250935,3.04532,0.195476
,199.273650793,0.551947,0.0175999,0.828373,0.834264,0.451466,0.768773,0.20375,0.164015,0,0,0.189696,0.670921,0.850519,0.00500627,1.47212,0.300448,0.156317,3.29562,0.145539,0.0631726,0.0453542,0.177995,3.36765,0.185635
,199.320090702,0.400548,0,0.696372,0.534226,0.520799,0.853204,0.288591,0.558774,0.0520475,0,0.380146,0.551759,0.707266,0,1.64106,0.203568,0.180323,3.26481,0.141886,0.411074,0.0131424,0.15754,3.59976,0.141859
,199.366530612,0.111255,0,0.39136,0.0663841,0.404424,0.820241,0.259497,0.65408,0.0104421,0.0310101,1.26684,0.619179,0.694112,0,1.61515,0.0491946,0.140029,3.01238,0.0937092,0.709179,0.00237199,0.0795063,3.54519,0.17098
,199.412970521,0,0,0.177383,0,0.287937,0.625116,0.0646571,0.705993,0,0.285697,1.54778,0.457192,0.842286,0,1.18802,0.0264394,0.107274,2.79415,0.0153322,0.80539,0.010858,0.0672603,3.31957,0.158678
,199.459410430,0,0,0.0527923,0,0.326356,0.663634,0,1.09287,0.0670586,0.832605,1.0022,0.100938,1.17935,0,0.525123,0.0257208,0.112998,2.86816,0,0.832391,0.206204,0.341851,2.96212,0.0336386
,199.505850340,0,0,0.0143093,0.0916131,0.620404,0.688604,0,1.13105,0.453195,0.466504,0.972473,0.0907836,1.1548,0,0.456499,0.0358045,0.21481,2.88291,0,0.724449,0.558414,0.159764,2.91658,0.0279207
,199.552290249,0,0,0,0.140957,0.86782,0.149301,0,1.23874,0.530158,0.165861,0.942436,0.161766,1.43653,0.0028421,0.567112,0.10351,0.531158,2.26337,0,0.762264,0.8249,0.0390478,2.98072,0.0421257
,199.598730158,0,0.0137993,0,0.150412,1.20094,0.0254681,0.218251,1.09367,0.23985,0.11472,1.408,0.214563,1.69947,0.109015,0.620746,0.203584,0.444142,2.16681,0.0888553,0.737411,0.740287,0.0270079,2.96877,0.0558209
,199.645170068,0,0.0398293,0,0.168824,1.44528,0.132997,0.134888,0.622366,0.0753993,0.0698884,2.05048,0.20901,1.8603,0.190457,0.736476,0.228504,0.50042,2.50624,0.0572672,0.43098,0.474161,0.0164535,3.24882,0.0544039
,199.691609977,0,0,0,0.145952,1.51056,0,0,0.674153,0,0.0659843,2.2331,0.131579,1.76915,0.30945,0.739403,0.197547,0.52302,2.53953,0,0.413441,0.104427,0.178694,3.49598,0.0341107
,199.738049886,0.316169,0,0,0,1.22915,0.290636,0,0.614843,0.438577,0.544451,0.941908,0.0795604,1.14993,0.371427,0.683538,0.00398367,0.425583,2.59368,0.0105772,0.632366,0.431841,0.770496,3.13839,0.0598528
,199.784489795,0.948775,0.0478353,0,0.308418,0.704495,0.331331,0,0,1.333,0.577015,0.713539,0.0119767,1.10057,0.324095,0.617094,0.465938,0.243927,2.59125,0.0140865,0.44798,0.676724,0.721015,2.02004,0.0453902
,199.830929705,1.09001,0,0,0.511567,0.65163,0.357832,0,0,1.70248,0.299621,0.700417,0.0437468,0.976342,0.276016,0.369951,0.747185,0.225622,2.49017,0.168179,0.4185,0.870796,0.678595,1.78962,0.0373392
,199.877369614,1.08413,0,0,0.563968,0.285412,0.307718,0,0,1.90377,0.248682,0.675049,0.172734,1.03093,0.228752,0.259343,0.806692,0.0988219,2.07053,0.428909,0.340943,0.904875,0.646495,2.10169,0.0479122
,199.923809523,0.983674,0,0,0.603145,0,0.261767,0,0.011064,2.0164,0.155094,0.693966,0.210992,1.27267,0.138584,0.308388,0.847037,0,2.26009,0.283946,0.305235,0.980112,0.615768,2.17139,0.0541644
,199.970249433,0.491675,0,0,0.618623,0,0.0761495,0,0.120833,1.9841,0.175054,0.768413,0.166221,1.70569,0.0275525,0.439823,0.864605,0,2.48633,0.124966,0.491279,1.03958,0.662742,1.94267,0.0426405
,200.016689342,0.0146471,0.0407466,0.0289314,0.481962,0,0.0909503,0,0.525813,1.6202,0.153762,0.97666,0.179758,1.91053,0.0384853,0.410832,0.677576,0,2.58454,0.0265775,0.736202,0.833052,0.597425,1.941,0.0461278
,200.063129251,0.00165046,0.452047,0.271839,0.549362,0,0.190654,0.0177449,0.923855,1.04897,0.0519549,1.25704,0.28676,1.73374,0.476693,0.425216,0.561734,0,2.66179,0.0179061,0.900093,0.94165,0.270334,2.0184,0.0735406
,200.109569160,0.0359817,0.379588,0.205742,0.391582,0.197104,0.279333,0.113355,1.02258,0.503209,0.075607,1.82081,0.370437,1.41255,0.586116,0.526367,0.260897,0.295936,2.62435,0.177942,0.948759,1.21993,0.0177998,2.28521,0.0949537
,200.156009070,0.189622,0.0947515,0.127566,0.372396,0.34262,0.285491,0.263621,0.50609,0.335635,0.105723,2.06869,0.355131,1.35288,0.46196,0.843788,0.209235,0.543435,2.52432,0.396676,0.79283,1.32283,0.0248898,2.31319,0.0910227
,200.202448979,0.21915,0,0.0822368,0.494291,0.312665,0.523542,0.118164,0.0141563,0.138683,0.121464,2.11317,0.310539,1.62897,0.309159,1.07991,0.303906,0.522968,2.50165,0.319771,0.590716,1.15807,0.0285958,1.94702,0.0796086
,200.248888888,0.0198453,0,0,0.511808,0.447262,0.893183,0,0,0.0678748,0.102126,2.16383,0.21858,1.81644,0.237525,1.19377,0.193967,0.317482,2.41075,0.0204412,0.512549,0.771228,0.0240431,2.00872,0.0561173
,200.295328798,0,0,0,0.425783,1.26257,0.328563,0.0127618,0,0,0.0108054,2.27853,0.183661,1.94954,0.210245,1.18708,0.238661,0.450188,2.41245,0.0644317,0.344749,0.228705,0.0113281,2.23341,0.0476956
,200.341768707,0,0,0.217032,0.704438,1.01863,0.416223,0.0489292,0,0,0,2.23622,0.359843,1.85268,0.392171,0.94981,0.262393,0.352693,2.42813,0.19298,0.160412,0.0405877,0,2.14942,0.122649
,200.388208616,0,0,0.368237,1.10009,0.755109,0.582193,0.0049585,0,0,0,2.12414,0.5461,1.46929,0.565885,1.19467,0.354683,0.261451,2.49736,0.252388,0.088071,0.0729975,0,2.06343,0.178893
,200.434648526,0,0,0.378374,1.57484,0.396115,0.584276,0,0,0,0,2.15438,0.535074,1.22743,0.637876,1.4201,0.507746,0.137152,2.38148,0.236253,0.0551831,0.215325,0,2.08609,0.176471
,200.481088435,0,0.0502343,0.311455,1.70793,0.255504,0.498904,0.0222055,0,0,0,2.22527,0.0482373,0.284217,0.35665,2.10395,0.550656,0.0884665,2.15819,0.0394698,0,0.548219,0.0405122,2.08913,0.0130912
,200.527528344,0,0.13983,0.0960297,1.1286,0.177338,0.792597,0.010175,0.0621929,0,0.173463,2.27749,0,0,0.102877,2.28013,0.363872,0.0854343,2.02166,0.00217944,0.027751,0.62805,0.212457,2.36644,0
,200.573968253,0,0,0.0323967,0.331961,0.159182,0.982822,0.00460627,0.0933906,0,0.270376,2.2325,0,0,0.0556537,2.25419,0.107028,0.0572236,1.99476,0.000986645,0.040148,0.674759,0.278989,2.5646,0
,200.620408163,0,0,0.0655809,0.0756326,0.269455,0.594093,0.000871608,0,0.0165543,0.206499,2.27803,0.054459,0,0.145451,2.23558,0.0548324,0.0932971,2.14549,0.000186695,0,0.607167,0.282484,2.63243,0.0139582
,200.666848072,0,0,0.118953,0.339398,0.306735,0.370405,0.124134,0,0.0240403,0.180156,2.30612,0.125314,0,0.220142,2.09347,0.3116,0.52461,2.32978,0.346723,0,0.462756,0.228449,2.577,0.0321188
,200.713287981,0,0,0.11882,0.51613,0.451076,0,0.232574,0,0.000492091,0.122244,2.25198,0.181999,0.0118817,0.172843,1.82446,0.253913,0.786848,2.20657,0.610833,0,0.205042,0.176884,3.24586,0.0466477
,200.759727891,0,0,0.00756073,0.510714,0.423358,0,0.206961,0,0,0.116555,2.26464,0.309008,0.0336801,0,1.34723,0.785563,0.743004,2.14162,0.456156,0.215074,0.172266,0.136618,3.7606,0.0792009
,200.806167800,0,0,0,0.47602,0.547783,0,0.101937,0.0565238,0,0.101864,2.19237,0.369626,0.217155,0,0.615944,1.95493,0.618519,1.76121,0.284724,1.06578,0.0250641,0.0245199,3.82948,0.0947378
,200.852607709,0,0,0.0408711,0.36397,0.395198,0.11693,0,0.245407,0,0.105803,2.22464,0.288287,0.38833,0,0.137985,2.45778,0.402113,1.51973,0,1.63664,0,0.0249087,3.72083,0.0739775
,200.899047619,0,0.00674003,0.329778,0.364137,0.00626876,0.273997,0.000589325,0.398926,0.0632096,0.275518,1.75432,0.211564,0.351384,0.00636598,0.119552,2.35973,0.0104852,1.98495,0.000239928,1.70776,0.355014,0.85057,2.71539,0.054296
,200.945487528,0,0.0664896,0.880296,0.493924,0,0,0.00862382,0.547429,0.0571859,0.170494,1.627,0.223352,0.321261,0.0189129,0.44033,2.18474,0,2.16036,0.00351097,1.22979,0.321182,0.646019,2.67119,0.0714742
,200.991927437,0,0,1.64734,0.264071,0,0,0,0.652931,0.0732821,0.113131,1.45921,0.266031,0.235589,0,0.97256,1.3176,0,2.5689,0.178968,0.829123,0.411586,0.38264,2.86147,0.0925661
,201.038367346,0,0.00877143,2.0975,0.178716,0,0,0,0.715084,0.086516,0.102595,1.38523,0.226523,0.371104,0.00249503,1.02507,0.841321,0,2.73469,0.512388,0.708177,0.485913,0.420829,2.69012,0.0580897
,201.084807256,0,0,2.23563,0.21071,0,0,0.29287,0.243394,0.124546,0.15066,1.49382,0.120598,0.757514,0,1.59059,0.413272,0.0050369,2.67982,0.576002,0.258469,1.41231,0.506341,2.46842,0.0309102
,201.131247165,0,0,1.94576,0.48463,0,0,0.709849,0.128849,0.0597707,0.345192,1.56479,0,0.68772,0,1.88004,0.327011,0,2.59255,0.359514,0.0574935,2.4267,0.324961,2.06712,0
,201.177687074,0.105696,0,1.5404,0.838933,0,0,0.634025,0,0.0480483,0.338354,1.72901,0,0.719717,0,1.71926,0.370041,0,2.50214,0.258127,0,2.80046,0.300476,1.83336,0
,201.224126984,0,0,0.978996,1.23008,0,0.027421,0.209058,0,0.0855821,0.201493,2.14454,0,0.70313,0,1.41941,0.50864,0,2.35132,0.36308,0,2.69817,0.163645,2.39262,0
,201.270566893,0,0.0111248,0.773379,1.18757,0,0.222196,0.180783,0.00844038,0.0568228,0,2.11582,0.454983,0.758076,0.00316443,1.6406,0.477401,0.000967099,2.33081,0.293476,0.00185791,1.87238,0.00544604,3.06383,0.116615
,201.317006802,0,0.00978253,0.681456,0.696716,0,0.437522,0.123271,0.0517993,0,0,2.02006,0.574351,0.77669,0.00278263,1.92065,0.255204,0.00349852,2.22262,0.165241,0.0291773,1.0007,0.00516003,3.46199,0.147213
,201.363446712,0.000455837,0,0.738173,0.111881,0,0.420211,0,0.58884,0,0,2.1602,0.458807,0.841827,0,1.68365,0.422594,0.00336149,2.07101,0,0.368152,0.762998,0.00397075,3.63403,0.117617
,201.409886621,0.00083691,0,0.480259,0,0.266268,0,0,0.270473,0.235451,0,2.0444,0.40984,0.908167,0,1.18251,1.32807,0.0926024,1.82044,0.00157085,0.122993,1.71608,0.00204537,2.96721,0.105069
,201.456326530,0,0.114747,0,0.215275,0.48011,0,0,0.190078,0.319015,0,1.53154,0.312551,0.774071,0.108379,0.436793,2.01208,0.196708,1.97633,0.00213416,0.0878314,2.23209,0.0018922,2.22294,0.0801108
,201.502766439,0,0,0,0.554638,0.864572,0,0.0352259,0,1.22374,0,1.23595,0.128058,0.68683,0.0169184,0.304302,2.22618,0.330578,2.00885,0.0158792,0.213309,2.8531,0,1.46216,0.0328223
,201.549206349,0.0686248,0.0763677,0.17998,0.619825,0.815739,0,0,0.00148657,1.67269,0,0.852396,0.0511151,0.650892,0.0648924,0.348525,2.26555,0.29534,1.74621,0.0535977,0.331461,3.37435,0,0.855492,0.118319
,201.595646258,0.135105,0.304018,0.490264,0.841538,0.638568,0.141651,0.0817843,0.016831,1.44677,0,0.667323,0.0343463,0.415,0.121011,0.582514,2.36397,0.2211,1.44513,0.107124,0.396251,3.49203,0,0.913425,0.0989011
,201.642086167,0.14903,0.400195,0.693491,1.13673,0.200109,0.137594,0.0482695,0.0460156,1.02726,0.0711756,0.650903,0.116268,0.187703,0.113835,0.679029,2.57827,0.0729444,1.36533,0.0103391,0.471417,3.17681,0.017416,1.44864,0.0828613
,201.688526077,0.0179603,0.307291,0.620346,1.21342,0,0.189043,0,0,0.759469,0.303774,0.223632,0.811072,0.0911173,0.0874088,0.900177,2.6131,0.00946443,1.15235,0,0.668515,2.62872,0.0728176,1.83165,0.207884
,201.734965986,0,0.563903,0.315889,0.63017,0.0769808,0.0196786,0,0.279687,1.49193,0.0967437,0.0290563,0.890299,0.126561,0.400276,0.639411,2.65145,0.0325558,0.784624,0,1.1183,2.35619,0.0249936,1.84717,0.22819
,201.781405895,0,0.272393,0,0.215711,0,0.0497279,0,0.550889,1.48618,0.0857688,0,1.02124,0.166091,0.0774819,0.114519,2.62917,0.0178427,0.487519,0.0708753,1.54605,2.64111,0.0235665,1.43077,0.261752
,201.827845804,0.0533537,0.434566,0.306551,0.256744,0,0,0,0.449322,1.54422,0.00307872,0.468492,0.965418,0.678486,0.595699,0.343373,2.44408,0.00871998,0.352687,0.183353,1.32549,2.58969,0.0494255,1.0419,0.428646
,201.874285714,0.632074,0.526446,0.398863,0.471265,0.0206164,0,0,0.339313,1.55053,0.0114549,0.465727,0.940291,0.965318,1.47193,0.705629,1.97335,0.0893094,0.401034,0.384884,1.17583,2.22232,0.0576897,0.987924,0.263929
,201.920725623,1.62335,0.243076,0.0869095,0.744186,0.175498,0,0.0637322,0.572309,1.60531,0,0.151977,0.118156,1.07314,1.55219,1.09265,1.4789,0.296708,0.389488,0.659755,1.19868,2.22483,0.0361533,0.658928,0.0437173
,201.967165532,1.98218,0.170646,0.0833463,0.741189,0.136772,0,0,0.624707,1.61492,0,0.0190216,0,1.23552,1.64407,1.24939,1.31894,0.235303,0.101566,0.621254,1.32165,1.99389,0.0929577,0.77439,0
,202.013605442,2.1368,0.11825,0.0551312,0.747358,0.108628,0.283927,0,0.429989,1.71614,0,0.0314206,0.0177323,1.16765,1.63518,1.14399,1.46842,0.1926,0.106241,0.589307,1.36889,1.72982,0.180262,1.14436,0.00454493
,202.060045351,2.2053,0.213397,0,0.596297,0.0846495,0.863665,0,0.120941,2.01393,0.146919,0.0328062,0.0424731,0.913466,1.60897,0.8273,1.79435,0.154147,0.32317,0.486109,0.984201,1.70066,0.33033,1.51873,0.0108862
,202.106485260,1.65893,0.491517,0,0.625249,0.149712,0.848094,0,0,2.01344,0.263582,0.0128078,0.184604,0.745506,1.21708,0.566984,2.61567,0.19611,0.501397,0.210532,0.565595,1.11664,0.804476,1.71876,0.0473154
,202.152925170,0.671279,0.942056,0.252586,0.658742,0.138689,0.601379,0,0,1.61585,0.084882,0.00568595,0.459066,0.348844,0.919766,0.631234,2.71959,0.231973,1.34301,0.0786268,0.455127,0.849718,0.826983,1.7467,0.117662
,202.199365079,0.260673,1.15915,0.411753,0.476966,0.315368,0.688435,0.128921,0,1.33566,0.0950576,0.0104522,0.107195,0.188421,0.95796,0.701127,2.37531,0.375159,1.66877,0.0633542,0.463222,0.707138,0.853479,1.93514,0.0753555
,202.245804988,0.100119,1.81864,0.453362,0.328113,0.436882,0.582474,0,0,1.06147,0.148312,0.0232512,0,0.166428,1.21773,0.638361,2.1463,0.493339,1.75181,0,0.41051,0.549092,0.93235,1.95552,0
,202.292244897,0.239029,2.12546,0.3704,0.245578,0.308312,0.486382,0,0,1.20052,0.0952152,0.0356502,0,0.174541,1.55863,0.519515,2.00036,0.523132,1.70134,0,0.497682,0.593376,0.854894,1.59579,0
,202.338684807,0.511356,1.81499,0.259831,0.0925457,0.279661,0.324655,0,0,1.61585,0.0759791,0.0279651,0,0.162968,1.71311,0.436433,1.74978,0.264876,1.44528,0,0.77918,0.796521,0.682182,1.50063,0
,202.385124716,0.774043,1.33874,0.221462,0.19812,0.162495,0.0818615,0,0,1.75872,0.00025263,0.0152215,0.0269923,0.208478,1.38977,0.905571,1.61454,0.18465,1.05356,0.416069,1.30813,0.866948,0.00226825,1.80833,0.00691831
,202.431564625,0.68941,0.240224,0.869087,0.0536371,0.0608679,0,0.0523679,0,1.90868,0,0.0144179,0.344096,0.491988,0.153466,1.75732,1.45761,0.108066,0.27387,1.17685,1.60469,1.25247,0,1.98257,0.0881943
,202.478004535,0.465757,0.141226,1.98142,0,0.0201818,0,0.0435702,0.103488,1.90542,0,0.0190657,0.569652,0.681517,0.0401716,1.87889,1.59505,0.0393681,0.0284492,0.923862,1.74167,1.27979,0,1.96997,0.146006
,202.524444444,0,0,2.53908,0,0.00407895,0,0.0154245,0.215032,1.94197,0,0.426669,0.525786,0.567213,0,1.84101,1.58917,0.0173094,0,0.795125,1.82257,1.57004,0,2.08772,0.134763
,202.570884353,0,0.223557,2.60665,0.113201,0,0,0,0,2.01344,0,0,0.026871,0.609589,0.0963819,1.93481,1.59453,0.0172401,0,0.755339,1.65818,2.21054,0,1.84216,0.00688723
,202.617324263,0.0257949,0.140175,2.61614,0.104278,0,0,0,0,2.10975,0,0,0.0489094,0.586707,0.0452098,1.75403,1.67778,0.018798,0,0.512693,1.31612,2.89275,0,1.55443,0.0126368
,202.663764172,0.481931,0.0716706,1.49647,0.600713,0.21995,0,0.111049,0.119359,2.11795,0,0.00544567,0.0805168,0.625659,0.0369204,1.27092,2.39168,0.0962362,0,0.379111,1.10465,3.00939,0,1.2055,0.0629778
,202.710204081,0.629661,0.152982,0.852443,1.36855,0.51909,0,0.0989281,0.0282046,1.94794,0,0.0295082,0.0525078,0.523495,0.0609166,0.377351,3.04147,0.207839,0,0.276318,1.62093,2.44465,0,1.09839,0.119523
,202.756643990,0.661598,0.168242,0.0996577,2.3116,0.522215,0,0.129949,0.231723,1.70038,0,0.0275155,0.113784,0.251272,0.0557485,0.0300962,3.40508,0.298017,0,0.362962,2.09015,1.45501,0,1.23747,0.150821
,202.803083900,0.585982,0.0703641,0,2.59541,0.217725,0.0115018,0.243874,0.38529,1.391,0,0.0342775,0.143289,0.157826,0.020015,0,3.80675,0.145648,0.00240716,0.220983,2.18947,0.752347,0,1.5006,0.198416
,202.849523809,0.433385,0,0,2.59818,0.0780045,0.0190507,0.183467,0.192639,0.812505,0,0.0514436,0.108026,0.116726,0,0,4.00762,0.0312011,0.00398702,0.0733299,2.06148,0.402582,0,1.87721,0.178443
,202.895963718,0.385156,0,0,2.61833,0.0711013,0.0230218,0.159049,0.177134,0.668949,0,0.0548196,0.101621,0.103737,0.0143698,0,3.98401,0.0246183,0.0048181,0.0340676,1.85213,0.325305,0,2.16684,0.106329
,202.942403628,0.188409,0,0,2.39968,0,0,0.0577009,0.43271,0.451502,0.373186,0.041308,0.168065,0.152467,0.134863,0,4.00285,0,0,0.161166,1.76872,0.113266,0.143097,2.34674,0.0430763
,202.988843537,0.113419,0,0,2.66017,0.112779,0,0.143117,0.302493,0.428847,0.101324,0.0561393,0.102025,0.0917826,0.161853,0,4.1671,0.0390488,0,0.399744,1.91253,0.315423,0.166803,2.40722,0.0261499
,203.035283446,0.039664,0,0.110754,2.38548,0.405322,0,0.191714,0.141373,0.637012,0.0637114,0.0845427,0,0.0320974,0.105379,0.102275,4.17334,0.243767,0,0.535481,2.02969,0.418595,0.034999,2.56038,0
,203.081723356,0.0547456,0,0.247969,1.96306,0.638148,0,0.170754,0.0607405,0.803621,0,0.0818463,0.300042,0.044302,0.00369296,0.236035,3.91792,0.583824,0,0.476936,2.0354,0.569303,0,2.70156,0.076903
,203.128163265,0.404774,0,0.225859,1.50856,0.787185,0,0.181063,0.066115,0.512903,0,0.0862264,0,0.327557,0.011283,0.240496,3.90938,0.711379,0,0.505731,1.88613,0.543408,0,2.76598,0
,203.174603174,0.325438,0.135346,0,1.54443,0.521914,0,0.114139,0.159501,0.0744051,0,0.0858872,0,0.263356,0.144046,0,4.14329,0.390824,0,0.318803,1.79472,0.294431,4.57601e-05,2.75626,0
,203.221043083,0,0.41755,0.098611,1.55955,0.473964,0,0.0250644,0.197832,0.197159,0.0327989,0.0750458,0,0,0.405166,0.0297801,4.11219,0.373002,0,0.070008,1.80135,0.340689,0.294598,2.62813,0
,203.267482993,0.242002,0.596592,0.265897,1.37454,0.488597,0,0,0.227804,0.353425,0.0813288,0,0,0.195836,0.810302,0.73939,3.65,0.453618,0,0,1.79913,0.52012,0.730214,1.96532,0
,203.313922902,0.403941,0.480579,0.306029,1.31839,0.486862,0,0,0.302065,0.324252,0.0739013,0,0,0.326883,0.882594,1.80933,2.93163,0.446988,0,0,1.86198,0.703732,0.663526,1.974,0
,203.360362811,0.487089,0.334425,0.260437,1.53694,0.452177,0,0,0.353716,0.160338,0.0636998,0,0,0.394169,0.592665,2.3022,2.25623,0.361149,0,0.0427774,1.61346,0.90053,0.571931,2.22309,0
,203.406802721,0.482053,0.241957,0.243844,1.78035,0.384057,0,0,0.487601,0.188406,0.0600783,0,0,0.390094,0.261204,2.15743,2.54267,0.251705,0,0.167284,1.33251,1.05818,0.539416,2.04872,0
,203.453242630,0.312708,0.154497,0.278622,2.08643,0.24052,0,0,0.638138,0.190968,0.0579399,0,0,0.253054,0.145923,1.84683,3.0675,0.110942,0,0.17388,1.17739,1.08393,0.520216,1.93796,0
,203.499682539,0.0300901,0.117343,0.187664,2.5959,0.11871,0,0,0.621479,0.0911525,0.0370687,0.120284,0,0.0243499,0.11083,1.67146,3.54298,0.0411026,0,0.1223,0.973233,0.599109,0.332823,2.37151,0
,203.546122448,0.0310776,0,0.0786871,2.64921,0.236097,0,0,0.580789,0.098323,0.0106568,0.197789,0,0.0251491,0,1.25944,3.5286,0.127477,0,0.090313,0.930425,0.654023,0.0956827,2.5385,0
,203.592562358,0.114279,0,0.0707512,2.71716,0.278006,0,0.0395267,0.715653,0.107795,0.0028502,0.074608,0,0.0924788,0,1.05383,3.52503,0.193417,0,0.0957369,1.00264,0.67201,0.0255906,2.52955,0
,203.639002267,0.317502,0,0.117969,2.58419,0.176122,0.0219546,0.029607,0.877314,0.0674502,0,0.0830738,0,0.256933,0,0.773381,3.78978,0.0687438,0.0466416,0.0822105,1.07212,0.399091,0,2.57616,0
,203.685442176,0.444747,0.0166778,0.177179,2.56353,0.0890052,0.0233898,0,0.921613,0.00798368,0,0.0868742,0,0.359904,0.0157522,0.409337,4.14094,0.0308174,0.141182,0.0246398,1.26229,0.04484,0,2.3911,0.0142389
,203.731882086,0.505328,0,0.210922,2.67478,0.0892444,0.0127096,0,0.850973,0,0,0.085246,0,0.408928,0,0.161969,4.30934,0.0309002,0.180437,0,1.46052,0,0,2.23961,0.0162983
,203.778321995,0.424033,0,0.317896,2.71538,0.0789254,0,0,0.56427,0,0,0.154823,0,0.343142,0,0.222331,4.31888,0.0273274,0.120742,0,1.40834,0,0,2.27931,0.023887
,203.824761904,0.111944,0,0.405161,2.40483,0.127938,0.0125553,0.153462,0.0168347,0,0,0.484685,0,0.0905886,0,0.332997,3.96206,0.0442976,0.120022,0.0624783,1.15321,0,0,2.44735,0.0475355
,203.871201814,0,0,0.389215,1.17826,0.437383,0.101426,0.331623,0.0207577,0.225708,0.000711313,1.45838,0,0,0,0.469196,2.93365,0.151441,1.03459,0.135012,0.939789,0.304871,0.000167461,2.80906,0
,203.917641723,0,0.171438,0.490187,0.459749,0.595099,0.378414,0.294929,0.627935,0.176118,0.285478,1.59432,0,0.0771364,0.0487653,0.549066,2.55232,0.206049,1.34252,0.120073,1.09911,0.804078,0.0672086,3.02159,0
,203.964081632,0.135447,0.144305,0.619185,0.337033,0.630952,0.647298,0.248771,0.835358,0.152382,0.404691,1.65606,0,0.277372,0.0410475,0.693558,2.55317,0.218463,1.38315,0.101281,1.18929,1.16701,0.0952744,2.94756,0
,204.010521541,0.240318,0.0701935,0.474622,0.495767,0.302044,0.734672,0.237898,0.92906,0.0128887,0.438337,1.7165,0,0.484497,0.0199665,0.680404,2.60783,0.104581,1.36219,0.096854,1.24676,1.40251,0.103196,2.59939,0
,204.056961451,0.126252,0.0233114,0.0589812,0.487657,0,0.752637,0.216106,0.976298,0,0.511794,1.87609,0,0.662454,0.0066309,0.807316,2.5214,0,1.14974,0.087982,1.24351,1.59807,0.129041,2.31358,0
,204.103401360,0,0,0.0726238,0.55512,0,1.04004,0.0499661,0.834554,0,0.368062,1.86332,0.00434576,0.636541,0,1.23698,2.07554,0,1.61327,0.0107025,1.09737,1.35088,0.0866512,2.08262,0.00111385
,204.149841269,0,0,0.19573,0.730095,0,0.960817,0,0.886799,0,0.346576,1.58407,0.0577137,0.529073,0,1.243,1.71041,0,1.8251,0,0.895888,1.68792,0.0815926,2.30686,0.0147924
,204.196281179,0,0,0,0.96249,0,0,0.177005,1.03262,0.147885,0.42495,0.990641,0.21407,0.33822,0,0.988066,1.73024,0,1.59318,0.448988,0.834769,1.90603,0.10592,2.51298,0.0548676
,204.242721088,0,0,0,0.907574,0.983776,0,0.35573,0.804148,0.224948,0.117391,1.18809,0.301097,0.265988,0,0.854279,2.03971,0.340625,1.26751,0.514765,0.746581,1.81733,0.0276367,2.64325,0.0771733
,204.289160997,0,0.128228,0,0.891406,1.27433,0,0.40308,0.151254,0.072512,0.0205891,1.79649,0.368199,0.247211,0.834938,0.779353,1.94898,0.441228,1.25959,0.369399,0.340679,1.86419,0.00484719,2.53577,0.09443
,204.335600907,0,0.21055,0,0.853017,1.04382,0,0.0661482,0.118965,0.0368125,0.0379862,1.99379,0.342964,0,1.50395,0.918741,1.18972,0.362494,1.25901,0.122737,0.218329,1.75047,0.0089429,2.57273,0.0880124
,204.382040816,0,0.109065,0.145633,0.555775,0.904468,0,0,0.365866,0.121025,0.0505014,2.14453,0.206634,0,1.90734,0.895125,0.79085,0.325766,1.17701,0,0.286686,1.94196,0.0771334,2.6835,0.0530743
,204.428480725,0,0.0857867,0.31151,0.315758,0.891677,0,0,0.533607,0.177011,0.0934129,1.86081,0.207466,0,1.75865,1.01869,0.630411,0.329375,1.58628,0,0.310161,2.12039,0.59473,1.91499,0.0532882
,204.474920634,0.193944,0.140209,0.337309,0.255114,0.778963,0,0,0.601649,0.205745,0.0663787,1.27883,0.210667,0.156946,1.12642,1.26099,0.717232,0.294623,1.91706,0,0.504534,2.21962,0.532016,1.41323,0.059811
,204.521360544,0.496252,0.149696,0.291127,0.237224,0.714978,0.212853,0,0.685249,0.237637,0.112467,1.02341,0.173429,0.401584,0.77658,1.23936,1.04327,0.269051,2.08169,0,0.852082,2.17334,0.387973,1.36801,0.0618164
,204.567800453,0.484497,0.171508,0.180079,0.354949,0.325775,0.588588,0,0.733071,0.278537,0.202399,0.912228,0.189423,0.392071,0.588771,1.09604,1.33141,0.135153,2.18394,0,1.00131,2.32896,0.275749,1.45561,0.0505816
,204.614240362,0.447187,0.173445,0.163389,0.475046,0.414942,0.626298,0,0.535114,0.301803,0.206047,1.01763,0.187988,0.361879,0.380345,0.775286,1.74601,0.219719,2.1403,0,0.897213,2.3431,0.306377,1.41494,0.0482672
,204.660680272,0.197411,0.164604,0,0.098939,0.685002,0.705612,0,0.00548588,0.20476,0.212294,1.3175,0.17933,0.177298,0.279789,0.677165,2.02615,0.240245,2.03353,0.0177974,0.598486,1.83642,0.651332,1.50252,0.0459684
,204.707120181,0,0.199225,0.472888,0,0.893009,0.759524,0,0,0.102519,0.205576,1.46228,0.222071,0.291039,0.438903,1.05703,2.23833,0.309198,1.83416,0.0819005,0.430495,1.14925,0.50408,1.56878,0.0569183
,204.753560090,0,0.585511,0.190825,0,1.08872,0.532493,0.0414166,0,0.0743558,0.237823,1.61582,0.382741,0.184225,0.866706,1.66187,2.00995,0.509028,1.45076,0.589531,0.236236,0.664948,0.888369,1.56341,0.0980993
,204.800000000,0.221583,0.629381,0,0.000789572,1.08686,0.40667,0.118803,0,0.0231089,0.236036,1.81339,0.449947,0.179312,0.885745,1.98285,1.53583,0.576501,1.56625,0.967789,0.0711012,0.446816,1.30817,1.43593,0.115325
,204.846439909,0.299053,0.502873,0,0.272977,0.891165,0.414229,0.12769,0,0,0.164423,2.06324,0.478579,0.242004,1.04632,1.70358,0.965465,1.24628,1.43698,0.816186,0.0045488,0.321343,1.66959,1.24357,0.122663
,204.892879818,0.161194,0,0,0.499942,0.67622,0.296535,0.0679785,0,0.027292,0.155127,2.15193,0.363499,0.130443,0.315074,1.52689,0.353619,1.31829,1.50489,0.194903,0.0208465,0.509911,2.03968,1.36076,0.0931675
,204.939319727,0,0,0.979984,0.453426,0.60726,0.00494395,0,0.0656258,0.0661536,0.0687177,2.08211,0.259149,0,0.274661,1.88277,0.18897,1.00685,1.50631,0,0.0491767,0.643716,1.85127,1.3299,0.0664217
,204.985759637,0,0,1.05192,0.401996,0.915833,0,0.0806823,0.0843196,0.0866282,0.0762806,2.13452,0.164959,0,0.217359,1.97517,0.146345,1.07659,1.50857,0.0437679,0.0529311,0.839892,1.76425,1.29597,0.0422803
,205.032199546,0,0,1.1593,0.359473,0.910458,0,0.147812,0.0251524,0.0128456,0.00798497,2.17385,0.16081,0.0425143,0.150364,1.92768,0.115898,0.998574,1.52424,0.244726,0.106022,1.22855,1.14483,1.34518,0.0412166
,205.078639455,0,0.197015,1.16031,0.249909,0.569971,0,0.106695,0.0357949,0,0.0268403,2.10181,0.388023,0.0941939,0.130377,1.76796,0.167937,0.715909,1.44602,0.355419,0.143397,1.58513,0.438693,1.65728,0.0994532
,205.125079365,0,0.123037,1.15029,0.156414,0.120547,0.0960151,0.148151,0.0356879,0,0.0695976,1.97175,0.65956,0.0893968,0.0444454,1.88006,0.211707,0.286974,1.6284,0.393927,0.01582,1.88986,0.049597,2.4577,0.16905
,205.171519274,0.324925,0,1.34124,0.00335895,0.246654,0.460307,0.149749,0,0,0.132277,1.55236,0.799663,0.147547,0,2.57313,0.150316,0.412557,1.428,0.363412,0.418012,0.790034,0.598842,2.61833,0.204959
,205.217959183,0.650078,0.212468,0.703058,0,0.317835,0.584501,0.0833674,0.0384375,0,0.193076,0.766614,0.635082,0.17509,0.153883,2.55128,0.33878,0.531615,0.72417,0.192788,0.248238,0.665026,0.847211,2.25269,0.162776
,205.264399092,0.71777,0.124387,0.460454,0.385161,0.0621832,0.755944,0.144097,0.0917127,0,0.217383,0.825908,0.283533,0.193322,0.101567,2.33976,0.479405,0.104009,0.716191,0.351886,0.111501,1.04617,1.00208,2.17706,0.0726714
,205.310839002,0,0,0.967463,0.152925,0,0,0.24498,1.207,0,0.131656,1.1833,0,0.0904262,0,2.12072,0.225028,0.00788091,0.426973,1.2296,0.608844,1.41631,1.381,2.04817,0
,205.357278911,0,0.724831,1.9911,0.110405,0.405657,0.521958,0.14999,0.414446,0,0.0613235,1.0885,0,0.796261,0.206178,2.28574,0.151181,0.160958,0.38059,1.70657,0.234741,1.25983,0.675435,1.77151,0
,205.403718820,0,0.657612,2.45247,0,0.184422,0.133926,0.0508974,0.235127,0,0.210963,0.99438,0,1.35182,0.187057,2.32697,0.100838,0.326945,0.128035,1.86943,0.14209,1.21951,0.445855,1.38298,0
,205.450158730,0,0.699322,2.48905,0.0703687,0.177839,0,0.0584713,0.143615,0,0.443119,1.02357,0,1.12417,0.521756,2.22197,0.580523,0.352391,0,1.78764,0.349162,0.936256,0.342188,0.995176,0
,205.496598639,0.000470499,0.822655,2.43034,0.0620367,0.137594,0,0.128394,0.10494,0,0.0348969,1.24078,0.0217777,0.905724,0.915364,1.80111,0.459787,0.30516,0.21167,1.14823,0.659613,1.17142,0.314606,0.98366,0.00558178
,205.543038548,0.118518,1.02382,1.75518,0.0422794,0.0551119,0,0.107237,0,0,0.0538569,1.41932,0,1.43916,1.08767,1.26681,0.0136314,0.143338,0.569066,0.387736,0.51357,1.71396,0.484842,1.12597,0
,205.589478458,0.280579,1.01686,0.921401,0.739304,0.0369295,0,0.556452,0,0.0976738,0.0627599,1.23718,0,1.56544,1.16235,0.567359,0.357109,0.0966318,0.654639,0.325059,0.35882,1.94288,0.564635,0.966568,0
,205.635918367,0.0618354,0.664533,0.701294,1.7683,0,0,0.300979,0,0.207381,0.531353,1.04808,0,1.40325,0.913916,0.321726,0.97712,0,0.616879,0.550069,0.202294,2.21185,0.569375,0.790625,0
,205.682358276,0.00198441,0,0.774709,2.0254,0.0565432,0,0,0,0.307308,0.346574,1.0655,0,0.871997,0.0981821,0.486644,1.11845,0.0195777,0.782713,0.536072,0.139146,2.40938,0.428131,0.822352,7.20485e-05
,205.728798185,0.00150882,0,0.543078,2.04158,0.204289,0,0,0.0702372,0.322587,0.244978,1.36868,0,0.294536,0.292978,0.35,1.01251,0.0707338,0.968638,0.149785,0.733116,1.8118,0.359657,1.04281,0.000408434
,205.775238095,0.00231265,0,0.77129,1.89936,0.298469,0,0,0.160616,0.286097,0.0299614,1.75406,0,0.451449,0.317586,0.235904,0.913865,0.103343,0.739178,0,1.54286,1.63531,0.298185,1.26304,0.0101937
,205.821678004,0.00400806,0.31418,1.21616,1.48495,0.369674,0,0.0713918,0,0.173402,0.202413,1.83114,0,0.782409,0.311157,0.411783,0.938913,0.127997,0.291524,0.430115,1.59639,1.14877,0.227783,1.16451,0.310842
,205.868117913,0.00408365,0.0934938,1.75207,0.797078,0.22419,0.492658,0.64112,0,0.0373974,0.487213,1.24794,0,0.905862,0.299417,0.579758,0.671807,0.916486,0.232619,0.537272,1.68928,0.646912,0.328638,1.10096,0.392049
,205.914557823,0.64719,0.250059,0.515338,0.226772,0.247358,1.74503,0.117652,0,0.0255284,0.502808,0.860181,0.1646,0.649353,0.289268,0.603163,0.306937,1.52096,1.0339,0.0478988,1.66197,0.581424,0.357623,0.917344,0.490139
,205.960997732,0.720388,0.172252,0.500441,0,0.0843594,2.14211,0,0,0.0588112,0.0315427,0.544598,0.725438,1.05526,0.354571,0.984782,0,1.61628,1.75265,0.0386597,1.25999,1.03103,0.286411,0.259987,0.63958
,206.007437641,0.675705,0.170285,0.505102,0,0,2.28377,0,0,0.0923461,0.0477181,0.392892,1.01296,0.991537,0.547188,1.26411,0,1.34433,1.93444,0.0602042,0.839832,1.36825,0.437389,0.166521,0.590278
,206.053877551,0.587532,0,0.517794,0,0.114999,2.2252,0,0,0.180647,0.0221133,0.314088,1.1992,0.812866,0.608308,1.52711,0,0.584626,2.23184,0.0406727,0.758974,1.72108,0.21014,0.317991,0.483047
,206.100317460,0.26518,0.166156,0.218354,0,0.6488,1.79457,0,0,1.1016,0,0.0673188,0.719128,0.754928,0.463388,1.50565,0.451029,0.224642,2.14913,0,0.761454,1.91158,0.254224,0.287703,0.667306
,206.146757369,0.527188,0.316005,0,0.18757,1.27559,0.794779,0,0,1.65065,0,0.000262943,0.50118,0.468214,0.315091,1.44201,1.35211,0.47647,1.55709,0,0.593165,2.062,0.187314,0.0409909,0.405331
,206.193197278,0.79513,0.60255,0.063742,0.62626,0.757172,0,0,0,1.29264,0.247067,0.27266,0.221205,0.530602,0.292654,1.1847,2.08297,0.308633,0.994967,0,0.58462,2.40829,0.106314,0.525256,0.0899391
,206.239637188,0.751464,0.640418,0.683401,0.520094,0.514021,0,0,0.0638677,0.809182,0.164946,0.133766,0.101944,0.551858,0.220574,0.975453,2.68056,0.198426,0.809072,0.0903354,0.694005,2.54052,0.090611,0.709379,0.0263939
,206.286077097,0.594577,0.600759,1.30759,0.324447,0.252139,0.255452,0,0.0705127,0.837382,0.0217603,0.268709,0.0751652,0.989102,0.170886,0.693633,2.89709,0.0873012,0.505998,0.144197,0.843637,2.67728,0.00533727,0.818931,0.0324303
,206.332517006,0.374102,0.563526,1.48184,0.259592,0,0.312531,0,0.0767566,0.834554,0.213988,0.26328,0.169009,1.50455,0.160295,0.683691,2.99641,0.00703546,0.223176,0.130299,0.580854,3.2227,0.0512084,0.656827,0.0434607
,206.378956916,0.369731,0.409737,1.42061,0.205241,0,0,0,0.0404432,1.32211,0.242874,0.332882,0.614933,1.52363,0.11655,0.685452,2.83488,0.0312612,0.16838,0.0308759,0.256024,3.68913,0.0580945,0.371657,0.15767
,206.425396825,0.23283,0.10876,0.834677,0,0,0.0506871,0.0230673,0.128463,1.81986,0.222588,0.0310261,0.677026,1.30293,0.0309367,0.454562,2.55701,0.0459148,0.394771,0.04535,0.270181,3.97517,0.055543,0.0450984,0.173527
,206.471836734,0.813115,0,0.0449968,0,0,0.0220684,0,0.11347,2.353,0.541988,0.0176782,0.356753,1.05937,0,0.154694,2.40039,0.0406021,0.496088,0.185695,0.475772,4.1043,0.13432,0.169412,0.0914383
,206.518276643,0.756889,0.173183,0.0364008,0,0.083546,0,0,0,2.4375,0.232179,0.631589,0.0618665,1.47667,0.0492616,0.379476,2.35758,0.156234,0.358847,0.424791,0.488919,3.8435,0.301869,0.512791,0.0158568
,206.564716553,1.20344,0.124831,0,0.291203,0.177216,0.480602,0,0,2.37134,0.100174,0.205555,0.353836,1.93235,0.0611989,1.10219,2.02358,0.313893,0.228866,0.468183,0.863056,3.27693,0.317089,0.451705,0.0906907
,206.611156462,1.7659,0.0747768,0,0.46899,0.149963,0.640545,0,0.101625,2.32722,0.18076,0,0.294935,2.17816,0.0446823,1.28127,2.01802,0.253898,0.502616,0.359329,1.09493,2.75738,0.257644,0.494069,0.075594
,206.657596371,1.96779,0.0739651,0,0.496505,0.320873,0.578425,0,0.238271,2.19087,0,0,0.091089,1.86224,0.0210393,0.999082,2.27451,0.224863,0.694123,0.150692,1.27262,2.27743,0.124747,1.44388,0.0233468
,206.704036281,2.00585,0,0,0.38207,0.398056,0.596413,0,0.23301,1.7389,0,0,0.0244476,1.53266,0,0.695532,2.40461,0.137824,0.667161,0.0987387,1.16154,1.91219,0,2.00023,0.00626611
,206.750476190,1.8204,0.0955482,0,0.118195,0.295592,0.567936,0,0.151091,1.77197,0.181099,0,0,1.23583,0.0902456,0.511497,2.32594,0.102347,0.564265,0.0248115,0.878808,1.92436,0.58459,2.1432,0
,206.796916099,1.23224,0.758162,0.195411,0.0982818,0.269231,0.27968,0,0,2.08423,0.0943085,0,0,1.3024,0.288599,0.43659,2.16175,0.105793,0.436449,0,0.841968,2.16704,0.762168,1.75521,0
,206.843356009,0.397939,2.05783,0.265359,0.220045,0.383235,0.0142132,0,0,2.03902,0.0675439,0,0,1.71286,0.984005,0.197254,2.19574,0.401187,0.331297,0,1.06727,1.70705,0.606607,1.04832,0
,206.889795918,0.238556,2.34429,0.207778,0.234761,0.302143,0,0,0,2.04136,0.0547421,0,0,1.6967,1.13947,0.0627482,2.16816,0.591419,0.48075,0,1.233,1.5478,0.492349,0.72804,0
,206.936235827,0.474419,2.16333,0.154722,0.254077,0.297559,0,0,0,1.97195,0.0838632,0.0237952,0,1.38724,1.11311,0.0467255,2.25803,0.591349,0.466327,0,1.04715,1.60782,0.38271,1.26119,0
,206.982675736,0.922814,1.36954,0.0800071,0.373183,0.20804,0,0,0,1.98085,0.144337,0.0502467,0,1.02753,1.37377,0.0241618,2.29492,0.356633,0.469346,0.00759238,0.591726,1.86383,0.501387,1.73726,0.0109499
,207.029115646,1.13318,0.918417,0.243957,0,0.0914792,0,0,0,1.86696,0.194632,0.0798691,0,0.76495,1.83763,0.0736739,2.16579,0.153009,0.311468,0.0113421,0.388833,1.96815,0.628311,2.14168,0.0335591
,207.075555555,0.845206,0.965161,1.33387,0.0175636,0.158523,0,0,0,2.0251,0.0600918,0.0961028,0.228375,0.628869,1.92009,0.768893,1.92967,0.269752,0.128927,0.0876603,0.316438,2.03122,0.1827,2.38921,0.103713
,207.121995464,0.336321,0.512177,2.22675,0,0.219348,0.0212027,0,0,2.1414,0,0.0632861,0.308458,0.272162,1.3915,1.50165,1.22909,0.455944,0.32913,0.415652,0.572391,2.19368,0.0590237,2.35706,0.105815
,207.168435374,0.0564317,0.184159,2.55262,0.114934,0.20121,0.101351,0.0587994,0.0258263,1.98783,0,0,0,0.235115,0.256901,2.91024,0.513273,0.465946,0.344903,0.887997,0.70858,1.86893,0.0386286,1.92746,0
,207.214875283,0.0510134,0.186831,2.5553,0.0125156,0.149922,0.0726919,0,0,1.91805,0,0,0,0.386279,0.0531439,3.42288,0.352337,0.383704,0.0272002,0.803933,0.687059,1.74682,0.110055,2.08095,0
,207.261315192,0.102429,0.534561,2.42816,0,0.0736023,0.11674,0,0,1.87756,0,0,0,0.416257,0.152055,3.03795,0.881096,0.223803,0.0436823,0.676027,0.675537,2.01987,0.0563026,2.03772,0
,207.307755102,0.315039,0.974348,1.82131,0.0495473,0,0,0,0,1.98896,0,0,0,0.676714,0.277153,1.91628,1.71548,0.0367006,0,0.409303,0.600279,1.98886,0,1.80066,0.0518894
,207.354195011,0.741562,0.0834506,1.0072,1.47263,0.141405,0,0.0098554,0,2.30241,0,0,0.161827,0.695462,0.0237375,0.373679,2.67449,0.0564813,0,0.0935311,0.686888,2.28318,0,1.17489,0.223397
,207.400634920,0.525787,0,0.566666,2.0768,0.204852,0,0.0862187,0.0693947,1.82469,0.10123,0.0383414,0.205879,0.414852,0.00278605,0.171131,2.84689,0.0709287,0,0.274784,0.920995,2.15017,0.0241656,1.21828,0.222365
,207.447074829,0.491033,0,0,2.41958,0.228184,0,0.144011,0.266266,1.49049,0,0.0469369,0.232598,0.132253,0.00138974,0.132025,2.92851,0.0790073,0.00225161,0.327702,1.04533,1.95625,0.0080714,1.35247,0.202021
,207.493514739,0.490335,0,0.00445827,2.4885,0.203582,0,0.163494,0.105263,1.56142,0,0.052709,0.229598,0.132065,0,0.283401,3.01256,0.070489,0,0.137948,1.1043,1.64031,0.00119165,1.68566,0.163257
,207.539954648,0.40873,0,0.0408888,2.38457,0.214696,0.00937296,0.157495,0,1.76155,0,0.120222,0.0731825,0.110086,0,0.275948,3.04278,0.0743371,0.00196162,0.0459152,1.30444,1.42277,0.000194463,2.1064,0.0450235
,207.586394557,0.303833,0,0.0869569,2.26594,0.166524,0,0.166704,0.112092,1.7408,0.0247567,0.402497,0,0.0983219,0,0.161412,3.14205,0.0576579,0,0.0448245,1.80854,1.11304,0.00582835,2.27509,0
,207.632834467,0,0,0.575336,1.8571,0.0955948,0,0.0852628,0.23833,1.42044,1.20585e-05,0.559153,0,0.0914621,0,0.644442,2.99946,0.033099,0,0.238149,2.44151,0.700194,0.00672322,2.45609,0
,207.679274376,0,0.00231709,0.546633,1.33479,0.553518,0,0.0544566,0.416019,1.11032,0,0.0318438,0.0117866,0.114937,0.0021885,0.392,3.13698,0.194619,0,0.152104,2.83611,0.551044,0.017292,2.16785,0.470265
,207.725714285,0,0.0299611,0.719703,1.3388,0.650049,0,0.114107,1.15658,0.010625,0,0.00753459,0.012766,0.0523347,0.0282984,0.549627,3.13381,0.36402,0,0.0571128,2.94777,0.181184,0.00082087,1.94354,0.589621
,207.772154195,0,0,0.882552,1.37927,0.581065,0,0,1.40526,0,0,0.147575,0.22535,0,0.0606585,0.705952,3.05304,0.446439,0,0,2.63268,0.00700525,0,2.03604,0.602089
,207.818594104,0,0,0.610061,1.37223,0.31893,0,0.0247281,1.18049,0.147902,0,0.0245914,0.166164,0,0.128695,0.489925,3.18101,0.373847,0,0.00529667,2.0647,0.0392647,0,2.17647,0.413458
,207.865034013,0,0,1.04454,1.50564,0.0651569,0,0,1.63555,0.110578,0.351202,0.0246462,0.264489,0,0.511417,0.920676,3.38246,0.111803,0,0,1.90706,0.353825,0.0826819,2.28859,0.473956
,207.911473922,0,0,0.948476,1.8757,0.20847,0,0,1.55207,0.121506,0.0146381,0,0.00478663,0,1.077,0.60294,3.69494,0.0853033,0.0920731,0,1.83745,0.549477,0.131429,1.93075,0.272181
,207.957913832,0,0,0.314916,2.09094,0.0312773,0,0,0.947903,0.20501,0.363302,0,0,0,1.2175,0.0951033,3.57681,0.0247855,0.151209,0,1.4465,0.927608,0.867056,1.594,0.0651645
,208.004353741,0.12475,0,0.22683,2.16674,0,0,0,0.193766,0.623626,0.744507,0,0.0482157,0.215663,0.852565,0.0685018,3.1934,0.0549326,0.000553655,0,1.39267,1.00747,0.997112,1.53402,0.105445
,208.050793650,0.0122459,0,0.0403247,1.8452,0,0,0,0.237608,0.862704,0.537037,0,0,0.305613,0.307366,0.0121779,3.16906,0.138411,0,0,1.65752,0.555973,1.1455,1.55604,0.0558057
,208.097233560,0,0,0.120449,1.95503,0,0,0,0.15672,1.01106,0.376347,0,0,0.334279,0.180776,0.0363751,3.42057,0.156651,0,0,1.72773,0.317573,1.17417,1.64777,0.0185773
,208.143673469,0,0,0.0936088,2.02029,0,0,0,0.267525,0.869882,0.354436,0.0159356,0,0.20534,0.0822966,0.0282695,3.5317,0.114202,0.0806012,0,1.76368,0.296476,1.04726,2.02881,0.000101617
,208.190113378,0,0,0.185207,2.5567,0.0931377,0,0,0.548751,0.810169,0.0692073,0.0162837,0,0.048748,0.0101917,0.0559318,3.42732,0.0508772,0.383164,0.00284854,1.80451,0.482224,0.652622,2.41676,7.69967e-05
,208.236553287,0,0,0.113465,2.55817,0.380703,0,0,0.685876,0.436087,0.105347,0.018607,0,0,0.052732,0.20612,3.3399,0.281635,0.447176,0.00360563,1.52014,0.253829,0.33569,2.72793,6.92256e-06
,208.282993197,0.256262,0.0602511,0,1.99681,0.557281,0,0,0.376879,0.11867,0.826338,0.147024,0.19952,0.207376,0.341548,0.740219,3.05933,0.475088,0.390593,0.0856333,1.36806,0.0648655,0.458658,2.9343,0.0511384
,208.329433106,0.355286,0.114401,0.0932242,1.92603,0.605505,0,0,0,0.0144661,1.2974,0.188517,0.253566,0.304568,0.546145,1.24049,2.83886,0.527712,0.288068,0.199829,1.18613,0.0132573,0.717068,2.65978,0.065058
,208.375873015,0.387396,0.124647,0.140507,1.99167,0.671141,0,0,0,0.0313082,1.55766,0.368201,0.130169,0.363114,0.625095,2.14282,2.34219,0.635427,0.0441189,0.275218,1.32704,0.0216138,0.860999,2.26778,0.0335638
,208.422312925,0.377077,0,0.241357,1.76451,0.332139,0,0,0,0.274675,1.70886,0.329987,0,0.349688,0.276392,2.48012,2.19535,0.215827,0,0.371209,1.44543,0.0680388,0.725155,2.14648,0.000283992
,208.468752834,0.269804,0,0.485716,1.98079,0.0732932,0,0,0.0370269,0.310461,1.54973,0.422933,0,0.218334,0,2.59667,2.34594,0.0269186,0,0.461324,1.33674,0.0757347,0.761146,2.11747,0.000199696
,208.515192743,0.00394523,0.00914565,0.387112,1.43622,0,0.0201138,0,0.0900933,0.473498,1.19175,0.615853,0,0.00319261,0.0086381,2.69081,1.83834,0,0.163746,0.409828,1.47975,0.111767,0.775365,2.63186,4.85833e-05
,208.561632653,0,0.0497751,0.476154,1.0714,0.343555,0.237553,0,0.0442075,0.302829,0.233173,0.857487,0.240396,0,0.0171738,2.78496,0.939938,0.118954,0.965283,0.245525,1.40438,0.217288,0.0548948,3.06818,0.0616152
,208.608072562,0,0,0.420281,1.03079,0.598579,0.33975,0,0.23081,0.0158865,0.109591,1.40235,0.512973,0,0,2.86122,0.332337,0.208069,1.42737,0.0508266,0.914756,0.635487,0.0258005,3.44204,0.131479
,208.654512471,0,0,0.290218,0.80005,0.667822,0.439295,0.0332273,0.753788,0,0,1.41456,0.557433,0,0,2.72238,0.257945,0.26317,1.80713,0.0135276,0.875651,0.720443,0,3.6982,0.142874
,208.700952380,0,0,0.124963,0.419954,0.563943,0.466009,0.104186,0.92241,0,0,1.44886,0.464521,0,0,2.68791,0.135398,0.234986,2.06583,0.0250502,0.795042,0.778019,0,3.92926,0.11906
,208.747392290,0,0,0.179221,0.00010677,0.287099,0.609961,0.149559,0.942811,0,0,1.66017,0.378874,0,0,2.63976,3.44239e-05,0.133249,2.06497,0.0520007,0.667138,0.69183,0,4.21238,0.0971082
,208.793832199,0,0,0.108918,0.0408109,0.169421,0.929259,0,0.936582,0,0.0613507,1.31221,0.38761,0,0,2.52608,0.0131579,0.058661,2.17643,0.0253201,0.577085,0.999781,0.0144435,4.07943,0.0993474
,208.840272108,0,0,0.0952337,0.199391,0.771839,0.145652,0,1.10612,0.0885053,0.144522,1.45957,0.40631,0,0,2.30986,0.0642858,0.56447,1.89668,0.0369181,0.561933,1.28696,0.0340242,3.78617,0.10414
,208.886712018,0,0,0,0.370532,0.312775,0,0.364127,0.707532,0.161284,0.137924,1.96007,0.4779,0.0341176,0.00357974,2.30546,0.119464,0.523152,1.72651,0.388711,0.316629,1.5338,0.0324709,3.44373,0.122519
,208.933151927,0,0,0,0.464868,0.441103,0,0.545151,0.333616,0.106121,0.132001,2.04831,0.309482,0.151134,0.0118899,2.55604,0.311701,0.385466,1.62522,0.312734,0.148862,1.69579,0.0310763,3.01351,0.07953
,208.979591836,0,0.0470414,0,0.565285,0.974295,0.0625251,0.2264,0.0796693,0.129818,0.128383,2.06273,0.140312,0.105492,0.0650208,2.42484,0.570218,0.337343,1.563,0.136695,0.601561,1.64567,0.0385778,2.9694,0.0547509
,209.026031746,0,0,0.0820024,0.629367,0.809953,0.198133,0,0.0350497,0.165324,0.0531838,2.07491,0.0677916,0.0408732,0.0196817,2.2336,0.678678,0.28044,1.25949,0,1.31022,1.61759,0.0721032,2.87393,0.0954278
,209.072471655,0,0.0738922,0.298069,0.0798403,0.790801,0.52206,0,0,0.244742,0.0353917,2.15556,0.0934123,0.0193097,0.108901,2.16202,0.129059,0.273809,1.26418,0,1.67915,1.78068,0.0122386,2.77874,0.196321
,209.118911564,0,0.214343,0.382474,0,0.864452,0.458106,0,0.0218527,0.252521,0.172301,1.92007,0.0697592,0,0.207233,1.97818,0.0493613,0.299311,1.92859,0,1.13375,1.8313,0.567462,2.18785,0.153389
,209.165351473,0,0.31078,0.129395,0.0414775,0.899629,0.274508,0,0,0.20988,0.242363,1.51087,0.107425,0,0.334503,1.79721,0.05614,0.313742,2.38389,0,0.296714,1.66129,0.879344,1.82785,0.164441
,209.211791383,0.0865004,0.194166,0,0.377326,0.773627,0.278503,0,0,0.219597,0.271911,1.47102,0.155604,0.0699991,0.258367,1.66241,0.510713,0.279907,2.48359,0,0.0574287,1.78201,0.989592,1.49159,0.150533
,209.258231292,0.10432,0.0949555,0,0.429866,0.51678,0.569737,0,0,0.208665,0.276968,1.53554,0.223685,0.084419,0.354163,1.92606,0.581827,0.196202,2.49553,0,0.0530995,1.99624,0.989927,1.48513,0.131471
,209.304671201,0.00515492,0.0377606,0,0.354305,0.131091,0.862222,0,0,0.166777,0.278843,1.89016,0.279744,0.00417154,0.527872,1.98184,0.479554,0.0927658,2.37472,0,0.0372539,2.10197,0.953754,1.67948,0.149326
,209.351111111,0,0.0125918,0,0.0425679,0.232032,1.01112,0,0,0.106529,0.207504,2.23325,0.324856,0,0.669994,1.98668,0.0576159,0.0817868,2.18876,0,0.0263068,2.03032,0.546476,2.39112,0.128061
,209.397551020,0,0.18508,0.146705,0,0.549242,1.13728,0.104726,0,0.0518695,0.060475,2.28476,0.355608,0.163169,0.586715,2.04864,0,0.190171,1.80897,0.292512,0.49536,1.85107,0.0196033,2.9406,0.0911449
,209.443990929,0,0.277949,0.177615,0,0.746393,1.045,0.171916,0,0,0.0780616,2.2903,0.320502,0.321832,0.556249,2.07258,0.569162,0.258433,1.15544,0.480181,0.671924,1.52046,0.0229807,3.06872,0.0821468
,209.490430839,0,0.121231,0.140719,0.24259,0.828221,0.91245,0.207141,0,0,0.0835918,2.23988,0.323031,0.410532,0.34082,2.05519,0.948838,0.398199,0.846858,0.578571,0.747929,1.35485,0.0230383,3.02094,0.0827951
,209.536870748,0,0.0909181,0,1.14181,0.640536,0.406736,0.207061,0,0,0.0735566,2.26341,0.344325,0.0627358,0.227636,1.9746,1.38244,0.569012,0.930618,0.578347,0.603646,1.12573,0.890117,1.53367,0.271809
,209.583310657,0,0,0,1.48965,0.476895,0.304816,0.102548,0,0,0.0219064,2.2419,0.248158,0,0,1.60351,1.15792,0.401702,1.18324,0.319036,0.147585,1.1936,1.42697,0.846629,0.187415
,209.629750566,0,0,0,1.36285,0.433884,0.46207,0,0,0,0.0726458,2.06001,0.121471,0.0412883,0,1.98627,0.962958,0.325228,1.07246,0.049474,0,1.25188,1.21425,0.708246,0.0805502
,209.676190476,0,0,0,1.26839,0.214169,0.870067,0,0,0.0175398,0.0203691,1.85544,0.343863,0.0630072,0,2.18667,0.758527,0.179191,1.19678,0.0478375,0.00769305,1.46571,0.80472,0.603625,0.125901
,209.722630385,0.312822,0.178972,0.335863,1.21056,0.314228,1.1411,0,0,0,0,1.53423,0.743079,0.180729,0.0509086,2.37025,0.594521,0.192637,1.62567,0.0415535,0.0043568,1.68584,0.345888,0.770327,0.226754
,209.769070294,0.560532,0.45449,0.20086,0.880018,0.378595,1.01845,0.0886572,0.187275,0,0.0650449,1.60016,0.0968042,0.267189,0.142672,2.4144,0.605121,0.336798,1.60102,0.279047,0.046626,1.9538,0.16839,0.989053,0.0469487
,209.815510204,0.533733,0.33002,0.0732516,0.675395,0.46634,0.490081,0.287726,0.124772,0.209129,0.0692812,1.57618,0.0846303,0.235639,0.104638,2.51225,0.430848,0.593454,1.36553,0.52222,0.0330267,2.11101,0.865513,0.974231,0.0216914
,209.861950113,0.522099,0.291197,0,0.671465,0.666176,0.520034,0.270914,0.108287,0.260086,0.0684866,1.36519,0.0889214,0.14062,0.290725,2.94371,0.216488,0.834828,1.06745,0.433331,0.0813876,1.42914,1.15607,0.843819,0.0227912
,209.908390022,0.55391,0.0726494,0,0.516904,0.262168,1.21541,0,0.218739,0.0849254,0.188819,1.3566,0.343133,0.149188,0.304626,2.91666,0.166656,0.261968,1.46014,0.0191991,0.0962865,1.53382,0.988463,0.838513,0.0879475
,209.954829931,0,0,0,0.215594,0.00191235,1.29745,0,0.0615101,0.115342,0.27891,1.98113,0.562101,0,0.148852,2.13533,0.0695099,0.000662137,1.8805,0.0381753,0.0596402,1.53316,0.933335,0.809035,0.144071
,210.001269841,0,0,0.210153,0.35513,0.177791,1.28931,0.024315,0,0.1443,0.189027,2.28832,0.107796,0,0.0845373,1.73779,0.116219,0.102986,2.00828,0.299894,0.0387338,1.1027,0.641325,0.924424,0.0276289
,210.047709750,0,0,0.074074,0.769685,0.211898,1.06496,0.105222,0,0.0741452,0.23338,2.36903,0.115115,0.14783,0.0495729,1.5221,0.39694,0.354424,1.47008,0.834511,0.422088,0.416433,0.503517,1.64672,0.0295049
,210.094149659,0.000374089,0,0.0321621,0.971341,0.507779,0.701858,0.310802,0,0.0444271,0.160097,2.30662,0.267297,0.340478,0.0759215,1.38894,0.553717,0.558921,0.728504,1.26384,0.734001,0.249523,0.442197,1.85588,0.0685102
,210.140589569,0.0012286,0,0,1.01489,0.480991,0.330452,0.0694523,0,0.0364262,0.120796,2.03541,0.324745,0.410526,0,1.60123,0.856884,0.474058,0.12365,1.34233,0.709546,0.426362,0.091852,2.64002,0.0874357
,210.187029478,0.000992254,0,0.0966707,0.662842,0.158563,0.30652,0.051983,0,0.00639138,0.0821655,2.09364,0.285327,0.193697,0,1.17226,1.28021,0.106897,0.114695,0.777949,0.238577,0.549293,0.0206121,2.94986,0.0804882
,210.233469387,9.93247e-06,0,0,0.0649772,0,0.363999,0.0672229,0,0,0.0646088,2.1482,0.283227,0.023714,0.0090329,1.04535,0.879355,0.174465,0.160265,0.0852963,0.168957,0.682457,0.0152106,3.19726,0.0818653
,210.279909297,0,0,0,0.0968488,0.219194,0.435395,0.0556392,0,0,0.0979185,2.25053,0.375429,0.027426,0.122528,0.801255,0.799156,0.458757,0.187889,0.0330492,0.184324,0.833274,0.0230525,3.123,0.0962613
,210.326349206,0,0,0,0.413776,0.72646,0.218537,0.276612,0,0,0.167712,2.20318,0.572684,0.0424232,0.189168,0.194327,1.19406,0.997542,0.0817731,0.260144,0.168432,1.04599,0.0917542,2.80705,0.146855
,210.372789115,0.423464,0,0,0.540288,0.821449,0.0290374,0.201263,0,0.0115358,0.542506,1.94163,0.62604,0.306397,0.148761,0,1.9269,0.921989,0.0108654,0.456185,0.0772772,1.33612,0.170486,2.34453,0.160486
,210.419229024,0.630629,0,0.0127138,0.368048,0.996939,0.246556,0.224533,0,0.293669,0.62729,1.70991,0.163602,0.4499,0.188092,0.155588,1.61578,1.19439,0.0922576,0.636035,0.0583597,1.51484,0.14768,1.89284,0.0424261
,210.465668934,0.0186459,0.789112,0.141201,0.443041,1.23584,0.187222,0.197304,0,0.0165814,0,1.42887,0,0.797659,0.381843,0.45586,1.56354,1.79586,0.0958367,0.551095,0.00951833,1.61743,0.00287741,1.13854,0.00073278
,210.512108843,0.00410242,0.332225,0.289057,0.434806,0.156346,0,0.0552303,0,0,0,0.765209,0.106268,1.32633,0.390258,0.851609,1.36858,1.36496,0.305798,0.154265,0,2.01212,0.120165,0.616641,0.0753323
,210.558548752,0.00514084,0.252576,0.704767,0.450548,0.011606,0,0.0408922,0,0,0.0289936,0.74876,0.1311,1.64323,0.251089,1.32166,1.11582,0.926255,0.62672,0.114217,0,2.40866,0.436851,0.462807,0.0926429
,210.604988662,0.776966,0,0.60357,0.585788,0,1.1423,0,0,0,0.0466088,0.635189,0.625033,1.38559,0,1.61362,0.564946,0.839485,1.05653,0,0,2.64068,0.53208,0.392609,0.160643
,210.651428571,0.779034,0.0815996,0.518107,0.435165,0,1.23549,0,0,0,0.0667313,0.44681,0.920945,1.30583,0.0770711,1.48481,0.17247,0.885229,0.91439,0,0,2.52462,0.623184,0.317739,0.23679
,210.697868480,0.576772,0.131215,0.972061,0.205453,0,1.37391,0,0,0.0716395,0.0541611,0.349492,1.22521,0.702161,0.123933,1.507,0.583448,1.03373,0.754729,0,0,2.3464,0.4869,0.215837,0.406118
,210.744308390,0.168386,0.333294,1.23999,0.0760532,0,0.897504,0,0.314752,0.846375,0,0.143607,1.3685,0.284393,0.314797,1.57611,0.806684,1.10504,0.690591,0,0.140445,3.04747,0,0.225837,0.522849
,210.790748299,0,0.644103,0.0912139,0,0,0.165078,0,0.681848,1.63325,0,0.0587359,0.83273,0.0519092,0.608357,1.14221,1.05159,0.944736,0.901912,0,0.304246,2.98946,0,0.258535,0.71204
,210.837188208,0.327485,0.302794,0.881829,0.79874,0.304653,0.0963217,0,0.737853,1.12133,0,0,0.599657,0.351097,0.194124,1.24904,1.57438,1.05062,1.07492,0,0.329236,2.77697,0,0.473929,0.452477
,210.883628117,0.806818,0.0278659,1.00666,0.594231,0.390478,0.0985274,0,0.810055,0.831521,0,0,0.544462,1.0761,0.00792644,0.984186,1.60512,1.1017,1.13983,0,0.361453,2.69535,0,0.646473,0.143582
,210.930068027,0.782273,0.286275,1.16612,0.586261,0.197027,0.0730342,0,0.895091,0.720837,0,0.00978708,0.388309,1.39745,0.0814308,0.707138,1.512,0.758692,1.0847,0,0.381072,2.78977,0,0.705167,0.115807
,210.976507936,0.815264,0.361431,1.26022,0.733459,0,0,0,0.554758,0.61677,0.225002,0.115907,0.362304,1.43535,0.102809,0.612886,1.63853,0.268594,1.27184,0,0.226411,2.77315,0.0541964,0.836545,0.11698
,211.022947845,1.3732,0.168698,1.21392,0.839648,0,0,0,0.00282966,1.33716,0.469351,0.0295567,0.164648,1.33981,0.0479859,0.802147,1.80141,0.0178749,1.48989,0,0.0401272,2.67605,0.136554,0.728012,0.0431713
,211.069387755,1.28995,0.0635858,0.71344,0.655948,0,0.0259536,0.0211321,0.0808893,2.12335,0.47843,0,0.151999,1.27998,0.0180869,0.772577,1.47587,0,1.75385,0.00452641,0.0714468,2.68085,0.112635,0.873775,0.0395728
,211.115827664,0.974085,0.378045,0,0.222767,0,0,0.0230864,0.304278,2.09164,0.455226,0,0.14347,1.62767,0.259298,0.373532,1.36655,0,1.74576,0.00494501,0.246746,2.34104,0.107172,1.06683,0.037234
,211.162267573,0.0092263,0.0664076,0.148397,0,0,0.00969829,0,1.02618,1.99779,0,0,0.241091,2.09361,0.0652803,0.166222,1.48675,0,1.45503,0,1.11528,2.25303,0.0268325,1.22337,0.169823
,211.208707482,0.0108521,0,0.0863862,0,0.181,0.10159,0,0.941709,1.81643,0,0,0.351773,2.34708,0.0150951,0.0967624,1.39897,0.302743,1.12038,0,1.44026,1.85607,0.0723159,1.37157,0.247547
,211.255147392,0.698121,0,0,0.0763437,0.808143,0.291191,0,0.475256,1.7861,0,0,0.00552263,2.41106,0.0163887,0.0360698,1.04323,1.08127,1.10224,0,1.5744,1.50383,0.134703,1.51821,0.00418737
,211.301587301,1.8505,0,0,0.150059,0.733645,0.384214,0,0.196606,1.71275,0,0,0.403193,2.35252,0,0.608263,1.09673,0.877356,1.17877,0,1.12851,1.41683,0.0169247,1.47574,0.103678
,211.348027210,2.02576,0,0,0.198413,0.427274,0.460848,0,0.357064,1.69329,0.0624738,0,0.315452,2.4007,0,0.72052,1.24523,0.714665,1.19273,0,0.990664,1.26984,0.0416666,1.65661,0.0811988
,211.394467120,2.11335,0.0576667,0,0.22536,0.268713,0.523677,0,0.321809,1.65115,0.0761458,0,0.278694,2.28814,0.0544664,0.760955,1.37729,0.449454,1.23425,0,0.952751,0.871271,0.13067,1.83901,0.0716948
,211.440907029,1.72487,0.363058,0.423982,0,0.0599805,0.573448,0,0.0637032,1.69882,0.0792424,0,0.417503,1.28595,0.103272,0.988348,1.42203,0.100324,1.73943,0,0.757234,0.962135,0.79352,1.82244,0.107112
,211.487346938,0.707101,1.09979,0.852333,0.391524,0.225967,0.434243,0,0,1.74358,0.065266,0.00594631,0,0.604396,0.935742,1.0633,1.35658,0.377957,2.2883,0,0.608416,0.871273,0.615161,1.63839,8.62138e-05
,211.533786848,0.0535104,1.82408,0.812615,0.416035,0.361277,0.600429,0,0,1.76424,0.0524056,0.0071643,0,0.212825,1.15164,0.960115,1.24038,0.604277,2.16715,0,0.726592,0.902845,0.444852,1.90536,0.0114916
,211.580226757,0.105126,2.05017,0.443746,0.338815,0.388428,0.616851,0,0,1.80224,0.0858415,0,0,0.242359,1.30095,0.572403,1.23667,0.649691,1.95509,0,0.71679,1.11497,0.566758,1.95029,0.081024
,211.626666666,0.436537,1.72117,0.253265,0.304717,0.467791,0.468547,0,0,1.7501,0.109069,0,0,0.35527,1.29307,0.236702,1.37912,0.54457,1.63426,0,0.646055,1.58499,0.731561,1.7877,0.0544696
,211.673106575,0.777064,1.23921,0,0.310687,0.390776,0.279788,0,0,1.68007,0.114456,0,0,0.321656,1.09905,0.114411,1.58304,0.397467,1.51452,0,0.604503,1.77247,0.728364,1.56531,0.00146566
,211.719546485,0.957372,0.916227,0,0.425566,0.184197,0.114261,0,0,1.87525,0.110646,0,0,0.455779,0.504899,0,1.6801,0.30809,1.30234,0.00405655,0.66941,1.85558,0.58652,1.63493,0.000216098
,211.765986394,0.52641,0.511752,1.05683,0.989042,0.320997,0.0567728,0,0,2.06335,0,0,0,0.526039,0.335059,0.728893,1.52144,0.536904,1.19094,0.467034,0.688495,2.03828,0,1.66728,0.000178547
,211.812426303,0,0.0321497,2.04557,0.8179,0.259727,0,0.0933869,0.140567,2.18928,0,0,0,0.349471,0.23256,1.08548,1.35461,0.434424,0.942582,0.802599,0.733634,2.07812,0,1.67292,0.000190714
,211.858866213,0,0,2.56643,0.642904,0.176081,0,0.113667,0.180961,2.17828,0,0,0,0.337575,0.0938,1.24596,1.40363,0.294515,0.498085,0.900523,0.857191,1.50283,0,1.83779,0.000214011
,211.905306122,0,0.286355,2.70325,0.436765,0.118728,0,0.0568779,0,2.12693,0.103458,0,0,0.38361,0.0814534,1.37655,1.35785,0.198585,0.166205,0.768621,0.783099,1.22949,0.0568331,2.11669,0.000264311
,211.951746031,0.00276585,0.714839,2.45306,0.21283,0.11862,0,0,0,2.16744,0.0549162,0,0,0.744984,0.203335,1.34295,1.06927,0.218864,0.0440491,0.479242,0.619637,1.40615,0.0301675,2.18769,0.000306604
,211.998185941,0.235724,0.827716,0.585349,0.826415,0.22912,0.168843,0.0330194,0,2.33242,0,0,0.258461,0.485357,0.235443,0.839719,1.47137,0.451037,0.093945,0.262994,0.629296,1.91385,0,1.87551,0.066664
,212.044625850,0.38511,0.423404,0.0522593,1.14807,0.199235,0.216294,0.0373653,0,2.27032,0.159807,0.0498093,0.238926,0.264489,0.120437,0.0157821,1.93221,0.316983,0.0809339,0.104366,0.923932,2.11798,0.0376226,2.00864,0.0622185
,212.091065759,0.632302,0.498861,0.10871,1.23255,0.395705,0.192364,0.0506625,0,1.94007,0,0.0892041,0.410736,0.206146,0.141901,0.0328301,2.17025,0.689015,0.0719798,0.141506,1.38018,1.55637,0,2.26177,0.106557
,212.137505668,0.667779,0.521814,0,1.34732,0.532888,0.142074,0.0559823,0.186715,1.5976,0,0.141642,0.476929,0.179857,0.14843,0,2.45526,1.14927,0.0531619,0.114371,1.72233,1.00441,0,2.32291,0.123459
,212.183945578,0.614041,0.22199,0,1.67682,0.563733,0.072762,0.17958,0.225814,1.39228,0,0.154972,0.314479,0.165384,0.0631448,0.0364798,2.67054,1.40327,0.015228,0.0546037,1.87037,0.733357,0.0101088,2.26656,0.0816045
,212.230385487,0.710617,0,0.276733,1.71892,0.444865,0.0257378,0.17295,0.100031,1.28881,0,0.386456,0.0262364,0.191395,0,0.148965,2.92111,1.18461,0.00538652,0.0370453,1.82877,0.635311,0.03383,2.34243,0.00751478
,212.276825396,0.429602,0,0.335038,2.40528,0.035914,0,0.0537058,0.389381,1.0491,0.0700594,0.353007,0.0112062,0.115707,0,0.10118,3.18421,0.669793,0,0.0115036,1.74733,0.65061,0.0180536,2.47052,0.00329332
,212.323265306,0.266438,0,0.345731,2.53367,0,0,0,0.912602,0.80876,0.0765025,0.0607037,0.0789562,0.0717614,0.0834723,0.104409,3.36852,0.29312,0.082388,0,2.0138,0.486315,0.0537483,2.67686,0.020237
,212.369705215,0.233245,0,0.539748,1.96256,0.636689,0,0,1.75187,0.449995,0,0,0.471949,0.0628214,0.243365,0.406911,2.75275,0.257432,0.0546549,0,2.66051,0.221822,0.014965,2.49424,0.588775
,212.416145124,0.188444,0,1.02524,1.16406,0.723613,0,0,1.89088,0.00460981,0,0,0.399009,0.0507549,0.271338,0.919803,3.06986,0.251349,0,0,2.98319,0.0258908,0.0134408,2.29751,0.662044
,212.462585034,0.00931675,0,0.682856,1.02999,0.476932,0,0.0854015,1.82849,0.359046,0.0956594,0,0.0146412,0.00250934,0.162986,0.764877,3.62783,0.18094,0,0.034769,2.96458,0.0815596,0.0310042,1.9698,0.584145
,212.509024943,0.0811324,0,0.422683,1.25296,0.216441,0,0.104733,1.63903,0.227207,0,0,0.01144,0.0218519,0.0157142,0.473453,3.8258,0.162449,0,0.0224334,2.81287,0.0516114,0.00505123,1.78244,0.456428
,212.555464852,0.167779,0,0.512685,1.47444,0.243399,0,0.0730847,1.64608,0.178068,0,0.00173365,0.201217,0.045189,0,0.392204,3.87134,0.205137,0,0.0156545,2.73626,0.0404493,0.00464719,1.7326,0.408325
,212.601904761,0.217053,0,1.04437,1.6953,0.074853,0,0,2.00353,0.0117172,0.040302,0.0214552,0.29344,0.0584602,0,0.619323,3.71986,0.0713309,0,0,2.8679,0.0658091,0.486635,1.93443,0.0752108
,212.648344671,0.00937834,0.109099,0.92136,1.90008,0,0,0,1.68778,0.111659,0.0690511,0,0.336423,0.00252593,0.116939,0.752877,2.8962,0.00359655,0.0214654,0,2.9656,0.627974,0.816294,2.11385,0.0862276
,212.694784580,0.26833,0.230988,0.30033,2.13282,0,0,0,1.35249,0.288099,0.0810259,0,0,0.217142,0.225446,1.60682,2.65885,0,0.0547022,0.175975,2.75453,0.874546,0.87126,1.7507,0
,212.741224489,0.376594,0.0798046,0,1.98338,0,0,0,0.545719,1.15529,0.0907044,0,0,0.32857,0.0753757,2.35431,2.20155,0,0.0577298,0.2986,2.48945,0.890895,0.871632,1.45438,0
,212.787664399,0.391333,0.101913,0,1.99696,0.020895,0,0,0.169744,1.3928,0.104969,0,0,0.286055,0.0289892,2.64065,2.00528,0.00723475,0.0277359,0.314285,2.32576,0.686569,0.943821,1.17855,0.0621374
,212.834104308,0.0425954,0,0.288534,1.86651,0.0339007,0,0,0.607481,0.964068,0.0972964,0,0,0.0666125,0,2.2467,2.32302,0.0117379,0.00654157,0.269779,2.31337,0.337812,0.905091,1.29931,0.0145622
,212.880544217,0,0,0.052809,2.20949,0,0,0,0.823536,0.62024,0.500199,0,0,0,0,1.69801,3.05695,0,0.257519,0.109578,1.99633,0.265962,0.836507,1.49638,0
,212.926984126,0,0.0656311,0,2.16039,0,0,0,0.801421,0.652928,1.29292,0.057271,0,0,0.0186687,1.46045,3.08279,0.0145966,0.534336,0,1.90954,0.159009,0.705895,1.88318,0.0358987
,212.973424036,0.000343163,0.159342,0,2.08327,0,0,0,0.0332311,0.623828,1.26304,0.10384,0,9.24264e-05,0.284964,1.53145,2.64689,0.0152601,0.420443,0,1.92736,0.236386,0.526998,2.28583,0.11247
,213.019863945,0.162056,0.0617803,0.0156966,2.18219,0,0,0,0.0169495,0.431227,1.40102,0.0817589,0.136189,0.0436477,0.463774,1.11546,2.42856,0.0103487,0.193958,0,2.42839,0.0979559,0.557119,2.03466,0.129079
,213.066303854,0.152382,0,0.0864285,2.3502,0,0,0,0.00116218,0.370895,1.48942,0.0713056,0.113102,0.112901,0.394354,0.953465,2.73547,0.00479756,0.123385,0,2.47671,0.0842511,0.525548,1.55614,0.10391
,213.112743764,0.130993,0,0.0862804,2.34991,0,0,0,0,0.294016,1.48206,0.23849,0,0.106004,0.241032,0.887874,3.00769,0,0.135627,0,2.42685,0.0667875,0.493419,1.53092,0.0212322
,213.159183673,0.0410132,0,0,2.12744,0,0,0,0.0183591,0.564221,1.19679,0.573186,0,0.0331892,0.0202866,0.768006,2.88385,0,0.315686,0,2.30217,0.128166,0.480992,1.92905,0.000586762
,213.205623582,0,0,0.0349687,1.97757,0.119239,0,0.210575,0.0664712,0.601126,0.121498,0.774086,0.101192,0,0,0.641314,2.76205,0.0412857,1.30535,0.303362,1.75648,0.137833,0.0592913,1.98711,0.0372792
,213.252063492,0,0.0643143,0.173489,1.30816,0.0335449,0,0.359725,0.0586703,0.331699,0.136665,1.50585,0.594442,0,0.0203443,0.88806,2.30127,0.0116147,1.55407,0.147397,1.05257,0.374602,0.0321744,2.18826,0.15236
,213.298503401,0,0.061321,0.614916,0.831941,0,0.315974,0.502775,0.648794,0,0.361112,1.99471,0.165873,0.00864316,0.0174427,0.817141,2.09872,0,1.65927,0.222128,1.16436,0.655659,0.161812,2.54674,0.0425145
,213.344943310,0.0271071,0.0757939,0.810146,0.340427,0,0.544771,0.448829,0.911367,0,0.309289,2.0743,0,0.0294427,0.0215595,0.663441,1.83701,0,1.92017,0.182729,1.13173,0.917964,0.236432,2.87313,0
,213.391383219,0.0116638,0,0.529468,0.0970676,0,0.619426,0.408729,1.05909,0.0722794,0.248748,1.93763,0,0.00943872,0,0.489163,1.43169,0,2.36071,0.166404,1.26818,1.04953,0.236015,3.05769,0.000126897
,213.437823129,0,0,0.215833,0.214467,0,0.554329,0.156059,1.07926,0.0999342,0.215735,1.87635,0,0,0,0.677263,0.973215,0,2.45415,0.0512191,1.36831,0.839649,0.156487,3.36975,0.000609239
,213.484263038,0,0,0.023265,0.527967,0,0.618947,0,1.15066,0.12152,0.211197,1.68104,0.0580683,0,0,1.27291,0.452394,0,2.27264,0,1.3233,0.682509,0.0497212,3.47329,0.0156554
,213.530702947,0,0,0.134764,0.360725,0.318603,0.368779,0,1.06517,0.123028,0.0808093,2.18211,0.106552,0,0,1.46328,0.116302,0.110314,1.90345,0,1.12804,0.77312,0.0190246,3.64497,0.027868
,213.577142857,0,0,0,0.181593,0.610689,0.0863741,0.14662,0.653158,0.0850308,0.0917944,2.30933,0.181007,0,0,1.77613,0.0744606,0.211447,1.7403,0.0596924,0.672498,0.713439,0.0216107,3.87165,0.0466437
,213.623582766,0,0.0452857,0,0.241083,0.984835,0.322596,0.342962,0.183436,0.0487919,0.0847521,2.31277,0.251853,0,0.0427725,1.88619,0.368229,0.340992,1.92403,0.140241,0.191903,0.6724,0.0199528,3.88955,0.0647014
,213.670022675,0,0.099161,0,0.28133,1.01518,0.458258,0.0273071,0.0557706,0.010932,0.0950442,2.35354,0.26319,0,0.0936578,1.92744,0.606216,0.351498,1.90661,0.0530366,0.409404,0.716994,0.0223758,3.9191,0.0678552
,213.716462585,0,0.0686181,0.0501964,0.34574,0.977242,0.310059,0,0.0254846,0.0172777,0.102044,2.35468,0.181131,0,0.06481,1.9745,0.454175,0.411456,1.67472,0,1.15339,0.782792,0.0240237,3.6897,0.0471489
,213.762902494,0,0.124899,0.215593,0.0401678,1.52673,0,0,0,0.104824,0.205119,2.27179,0.171585,0,0.117967,1.91698,0.108842,0.552577,1.40829,0,1.62438,0.960899,0.101273,3.12912,0.0446525
,213.809342403,0,0.224376,0.244249,0,1.45574,0,0,0.00298801,0.180553,0.253021,2.15652,0.180651,0,0.211924,1.70985,0.218778,0.505291,1.17266,0,1.99965,1.10912,0.510405,2.72641,0.06114
,213.855782312,0,0.244266,0.156547,0.0239251,1.32236,0,0,0,0.210386,0.22325,1.86744,0.197538,0,0.23071,1.62297,0.402494,0.460336,0.88746,0,2.15054,1.18162,0.722421,2.73127,0.0685778
,213.902222222,0.0390526,0.159438,0.182337,0.366476,0.607391,0.0424386,0,0.0646688,0.226781,0.212302,1.71247,0.221516,0.0316027,0.15059,1.59628,1.26527,0.211074,0.694415,0,1.93783,1.3274,0.789451,2.36191,0.0596256
,213.948662131,0,0.108799,0,0.678742,0.109542,0.633813,0,0.0563736,0.244485,0.262478,1.7005,0.206242,0,0.102761,1.47546,1.42523,0.0407994,1.54279,0,1.27552,1.85608,0.890811,1.89918,0.0528613
,213.995102040,0,0,0,0.666468,0.0507316,0.833761,0,0,0.18183,0.321676,1.75431,0.176826,0.0365316,0.202387,1.14052,1.28131,0.0362625,1.92338,0,0.757906,2.01557,0.984675,1.38088,0.0453217
,214.041541950,0,0,0,0.177115,0.312862,0.765631,0,0,0.098353,0.279386,1.94784,0.184916,0.0124445,0.516688,0.83467,0.96076,0.204018,1.88046,0,0.555389,1.63948,0.825841,1.19418,0.0473952
,214.087981859,0,0.239795,0,0.245484,0.666034,0.60872,0.0326292,0,0.0557429,0.223863,2.07513,0.266608,0.00381348,0.706013,1.01976,1.0324,0.441008,1.70009,0.0911374,0.283349,1.02087,1.1538,0.955275,0.0683336
,214.134421768,0,0.42354,0,0.56847,0.799019,0.472903,0.0971223,0,0.00114899,0.16543,2.21819,0.311246,0.0145275,0.695961,1.32949,1.20652,0.534796,1.56343,0.271275,0.215213,0.671197,1.00227,1.04189,0.0797745
,214.180861678,0.114723,0.321325,0,0.747831,0.848123,0.310641,0.110645,0,0,0.167252,2.09183,0.362142,0.131376,0.467039,1.71576,1.26523,0.493211,1.51601,0.42226,0.235809,0.698402,1.20998,1.22589,0.0978339
,214.227301587,0.191891,0.122517,0,0.95895,0.686764,0.140399,0.0836067,0,0,0.113837,2.21397,0.385526,0.155285,0.17532,1.78207,1.17771,0.744078,1.42929,0.363955,0.0339281,0.407682,1.9418,1.14496,0.0988132
,214.273741496,0.0329559,0,0.295715,0.76095,0.602483,0.172798,0,0,0,0.0378578,2.36323,0.363529,0.0537358,0.0954547,1.72645,0.83594,0.555989,1.34516,0.00986065,0.00716949,0.475721,2.32957,1.26964,0.0931752
,214.320181405,0,0,0.951452,0.353285,0.903758,0,0.000254918,0.115825,0.125648,0.00986814,2.29484,0.303634,0.108615,0.0718192,2.25325,0.114136,0.632911,0.946769,0.0312596,0.0582877,0.926357,1.93051,1.44147,0.0778236
,214.366621315,0,0,1.05064,0.306492,1.03106,0,0.154131,0.105372,0.00419364,0.00489661,2.20985,0.0817695,0.157312,0.0454282,2.35732,0.113449,0.628426,0.387679,0.163408,0.0522487,1.27084,1.72818,1.39317,0.0209581
,214.413061224,0.000437752,0.0917775,1.17908,0.283139,1.04611,0,0.219219,0.0283051,0,0.0256609,1.88845,0,0.252203,0.0744411,2.26032,0.118357,0.585687,0.283031,0.413774,0.112411,1.5583,1.42074,1.28839,0
,214.459501133,0.000306065,0.260927,1.09129,0.274536,0.963524,0.0279861,0.174816,0.0334011,0,0.0873914,1.79695,0.0633839,0.207167,0.172447,1.88922,0.172176,0.536512,0.416663,0.536835,0.1328,1.52012,1.13015,1.4918,0.0162458
,214.505941043,0,0.166593,0.888996,0.249452,0.67705,0.271235,0.15267,0,0,0.166988,1.75479,0.403012,0.0918661,0.21579,2.07342,0.396589,0.564209,0.436502,0.376781,0.0591318,1.04183,0.918783,1.9018,0.103295
,214.552380952,0.291856,0.227333,0.682318,0.0637296,0.630144,0.565214,0,0,0,0.181249,1.8869,0.688689,0.0786076,0.36945,1.88769,0.238716,0.662506,0.362789,0,0.0687659,0.841673,0.994349,1.68735,0.176516
,214.598820861,0.570909,0.146965,0.155675,0,0.159646,1.21031,0.00120559,0,0.0238435,0.139846,1.95962,0.493904,0.153767,0.164813,1.60238,0,0.267026,0.662649,0.185523,0.0674455,1.12982,1.09028,1.44976,0.126591
,214.645260770,0.45575,0.234274,0.489721,0.177701,0.107917,1.10991,0,0,0.0272372,0,1.93274,0.157626,0.12275,0.196056,1.6203,0.288511,0.284461,0.676186,0.800812,0.0640623,1.14318,0.897042,1.30332,0.0404006
,214.691700680,0.447897,0.628034,1.2209,0.164477,0.079153,0.624483,0,0.0477818,0.0255121,0.0361587,1.78743,0.143145,0.120635,0.36304,1.80883,0.384574,0.132393,0.662853,1.73709,0.0751913,1.04744,0.501442,1.1923,0.0366891
,214.738140589,0,0.608249,1.93849,0.255872,0.155366,0,0,0,0.0663529,0.0117725,1.6846,0.191208,0.175291,0.469956,1.59815,0.840848,0.259868,0.440789,2.00191,0.0645015,0.781713,0.150378,1.06712,0.0937823
,214.784580498,0.00239191,0.532434,2.12571,0.124739,0.138727,0.0272228,0,0,0.0361344,0.303522,1.38891,0.445893,0.673313,0.320019,1.2002,1.37695,0.232037,0.269403,2.11404,0.0316976,0.843266,0.264275,1.22127,0.114286
,214.831020408,0.188062,0.616993,2.03649,0,0.148425,0.0629083,0.0446288,0,0,0.0307652,1.2045,0,1.31279,0.175503,0.951062,1.74597,0.248259,0.219291,1.22044,0.0145659,2.53101,0.276227,0.744502,0
,214.877460317,0.704388,1.05673,1.2708,0,0.072905,0,0.0510983,0,0,0.0514816,1.2256,0,1.26731,0.300585,0.84221,1.46051,0.121942,0.737798,0.0369318,0.079236,3.13078,0.46223,0.757539,0
,214.923900226,0.93375,1.0341,0.330058,0.0876744,0.0370313,0,0.40512,0,0,0.069927,1.13043,0.00157827,0.571928,0.294148,0.636722,1.15702,0.0128218,0.857861,0.207448,0.206786,3.19085,0.627843,0.698714,0.365414
,214.970340136,0.107314,0,1.01546,1.46585,0.1674,0,0.417229,0,0.161876,0.0367539,0.947784,0.00206334,0.0990546,0,0.91348,1.82254,0.057961,0.961097,0.25281,0.00372523,3.32257,0.329997,0.585823,1.42997
,215.016780045,0,0,0.519764,1.90298,0,0,0.051335,0,0.188573,0.0607106,1.04038,0.00228967,0,0,0.812767,1.8624,0,0.989073,0.202751,0.00389647,2.66719,0.546328,0.643054,2.16475
,215.063219954,0,0,0.456943,2.11438,0.0170191,0,0,0,0.207458,0.368346,0.76524,0,0,0,0.852796,1.61906,0.00589275,1.3643,0.0274454,0.000484802,2.22851,0.573978,0.475704,2.06799
,215.109659863,0,0,0.543047,2.29339,0.0193824,0,0,0,0.221362,0.810244,0.563584,0,0,0.71374,0.580609,1.28559,0.00671102,1.61496,0,0.0809404,1.96647,0.603045,0.34835,1.15048
,215.156099773,0,0,0.728306,2.17966,0.0695402,0,0,0,0.174084,0.758975,0.606703,0,0.00886672,0.786854,0.559163,1.16702,0.0245778,1.63136,0,0.166267,1.69269,0.680775,0.375002,0.852612
,215.202539682,0.0270623,0.375684,0.906862,1.82135,0.126483,0.134262,0.063376,0,0,0.0672315,0.794569,0,0.274344,0.801278,0.903949,1.0234,0.0437939,1.53368,0.271895,0.211805,1.17654,0.603642,0.491122,0.756135
,215.248979591,0.00386974,0.299516,1.43657,1.14227,0.0095441,0.879455,0.541819,0,0,0.0349629,0.932726,0,0.755408,0.592579,1.28417,0.503801,0.00330458,1.4418,1.06933,0.504285,0.955867,0.313916,0.576516,0.73918
,215.295419501,0.268769,0.112759,1.1758,0.199639,0,2.26364,0.416165,0,0,0.268862,0.449167,0,0.738599,0.106502,1.3263,0.270213,0,1.82875,1.14758,0.69554,1.26568,0.147696,0.277629,0.701167
,215.341859410,0.631047,0.452146,0.827964,0.115477,0,2.52362,0.0521562,0,0,0.270569,0.24975,0.566153,0.938055,0.128613,1.02374,0.156299,0,2.00062,0.923036,0.662163,1.30924,0.269839,0.557525,0.861138
,215.388299319,0.839961,0,0.350085,0.00507379,0.045027,2.55234,0.122388,0,0.0283646,0.0616018,0,0.736975,1.34528,0.167529,0.722303,0.00163585,0.169118,2.18563,0.787624,0.557606,1.26886,0.553095,0.631247,0.571594
,215.434739229,0.885757,0,0.268976,0.0185659,0.307171,2.48027,0.0943896,0,0.625977,0.0152856,0.0228272,0.624918,1.32018,0.33428,0.725726,0.396447,0.471554,2.0585,0.65393,0.31648,1.53287,0.141092,0.516963,0.444312
,215.481179138,0.978582,0.571922,0.0188799,0.114789,0.734496,1.95851,0,0,1.78406,0,0,0.333561,0.848032,0.162683,0.858491,1.09739,0.44096,2.10604,0.147407,0.39792,1.98946,0.00737779,0,0.416861
,215.527619047,1.04055,0.726491,0,0.906777,0.84148,0.330513,0,0,1.09065,0.126099,0,0.43509,1.5292,0.20665,0.796694,1.59082,0.291357,1.57801,0,0.384666,2.37458,0.079305,0,0.227021
,215.574058956,1.02224,0.644317,0.00727766,0.993759,0.499095,0.481493,0,0.0972249,0.241441,0.389695,0.157718,0.187966,2.44651,0.213073,0.28054,2.15789,0.233084,1.39914,0,0.43078,2.46354,0.114999,0.0415022,0.0481771
,215.620498866,0.798673,0.578999,0.685718,0.830602,0.239337,0.91721,0,0,0.188626,0.385872,0.337036,0.204091,2.13597,0.713321,0.207084,2.21948,0.12599,1.0751,0,0.566619,2.35284,0.090844,0.105433,0.05231
,215.666938775,0.84398,0.599154,1.00541,0.669617,0.105073,0.654506,0,0.00191109,0.43759,0.380147,0.404095,0.107803,1.90437,1.41296,0.303631,2.17197,0.0558215,0.806281,0,0.64101,2.64008,0.0894962,0.101515,0.0291478
,215.713378684,1.36133,0.525707,0.970772,0.610475,0,0.0528589,0,0.0193478,1.57783,0.451638,0.167334,0.071082,2.02056,1.66985,0.293169,1.76675,0.0146596,0.552493,0,0.514637,3.25643,0.106327,0.0765564,0.0426998
,215.759818594,1.43623,0.182389,0.614946,0.154349,0,0.0757258,0.0423316,0,2.13228,0.477638,0,0.171903,2.27285,1.12973,0.303491,1.43139,0.0381583,0.323469,0.0107669,0.618734,3.52784,0.113013,0.0323889,0.0830327
,215.806258503,1.36017,0.072627,0.271728,0.038556,0,0,0,0.20804,2.27929,0.434755,0.0229118,0.240803,2.70063,0.512332,0.0983894,1.17392,0.124716,0.182065,0.00018624,1.23358,3.14612,0.102532,0.180442,0.0838071
,215.852698412,1.30657,0.638761,0.231543,0,0,0,0,0,2.40655,0,0.0659514,0.12268,2.60935,0.247408,0.633109,1.28096,0.114119,0.191633,0,1.42406,2.70408,0,0.507108,0.0316853
,215.899138321,1.37855,0.10371,0.0744969,0.162665,0,0.200872,0,0,2.24815,0.240461,0.456286,0.477644,2.28248,0.0903664,1.72958,0.877832,0.35685,0.327279,0,1.32432,2.79237,0.0566106,0.918846,0.122435
,215.945578231,1.84555,0.076179,0,0.299688,0.10261,0.763112,0,0,2.03651,0.137269,0,0.377492,1.62129,0.0690205,2.24799,1.18797,0.606988,0.44297,0,1.29161,2.60438,0.0323166,1.17575,0.096754
,215.992018140,2.10878,0.0582747,0,0.366632,0.279359,0.888947,0,0.0420597,2.06052,0.025415,0,0.219135,1.63053,0.0165762,1.98742,1.80711,0.697389,0.33263,0,1.34215,2.26123,0.0139614,1.22144,0.056196
,216.038458049,2.23343,0.084003,0,0.360558,0.320519,0.89948,0,0.060155,2.1613,0,0,0.0259789,2.1885,0.028803,1.60334,2.02677,0.700434,0.336572,0.071353,1.35449,1.92338,0.112714,1.12475,0.00676812
,216.084897959,2.18481,0.0638736,0,0.276072,0.281988,0.940875,0,0.0590682,2.26601,0.0773143,0,0.0513236,2.1041,0.0295528,1.64834,1.67605,0.546297,0.354256,0.142375,1.23712,1.8756,0.212889,1.15489,0.0131546
,216.131337868,1.74713,0.0913568,0.356162,0.366216,0.211445,0.816514,0,0,1.94045,0.39856,0,0.36848,1.30775,0.101363,1.94612,1.8304,0.136889,0.321453,0.155204,1.09082,1.67423,0.473932,1.28435,0.0944441
,216.177777777,0.859924,0.710383,1.22112,0.472057,0.134773,0.329397,0,0,1.97701,0.161683,0,0,0.69588,0.524393,1.99506,1.8384,0.225424,0.701722,0.0541414,0.95586,1.53777,0.374631,1.6451,0
,216.224217687,0.640177,1.20685,1.03021,0.475481,0.272994,0.170894,0,0,2.20773,0.0443306,0,0,0.518053,0.866861,1.74988,1.66057,0.456614,0.9448,0,0.821204,1.52721,0.342932,2.01103,0
,216.270657596,0.566613,1.80045,0.397815,0.448341,0.308867,0.360325,0,0,2.31137,0.054045,0,0,0.29352,0.999555,1.3099,1.65246,0.516615,1.28212,0,0.633255,1.51915,0.485245,2.08266,0
,216.317097505,0.185627,2.00353,0.230763,0.370026,0.324213,0.591719,0,0,2.18963,0.0965172,0.00666701,0,0.254605,1.03019,1.01883,1.74482,0.542284,1.27381,0,0.311658,1.59302,0.607232,2.11521,0
,216.363537414,0.223838,1.786,0.14305,0.153179,0.419994,0.573291,0,0,1.93098,0.0716651,0.0144328,0,0.172617,1.00544,0.801066,1.90521,0.455892,0.953282,0,0.328763,1.66987,0.643449,2.17513,0
,216.409977324,0.395071,1.11837,0.17279,0,0.483575,0.544655,0,0,1.87025,0.0689482,0.00634303,0,0.443083,0.421049,0.670562,1.89491,0.482909,0.803954,0.0158962,0.817122,1.95036,0.619055,2.22551,0
,216.456417233,0.299973,0.845603,1.24946,0,0.531964,0.48937,0.0149479,0,1.75407,0.0447371,0,0,0.966568,0.240531,0.828393,2.21138,0.574742,0.643033,0.373922,1.39093,1.74691,0.401674,2.11947,0
,216.502857142,0,0.342907,2.37364,0.110866,0.359281,0.301751,0.059356,0,1.56976,0.0877688,0.270732,0.00257795,1.39311,0.0975398,0.874164,2.47576,0.459006,0.284103,0.556425,1.69735,1.3288,0.282486,1.88825,0.000660748
,216.549297052,0,0.166777,2.59369,0.178673,0.158761,0.283223,0.0400504,0,1.71756,0.14244,0,0.0167653,1.50387,0.0474395,1.01144,2.58684,0.311089,0.105978,0.595101,1.60464,1.12196,0.247639,1.36897,0.00429707
,216.595736961,0,0.385581,2.57725,0.125651,0.0775861,0.183996,0.00583266,0,1.96827,0.117117,0,0,1.33176,0.109678,1.07432,2.55683,0.172771,0.0688484,0.502382,1.59465,1.56534,0.122338,0.958862,0
,216.642176870,0,0.781141,2.28526,0.06757,0,0,0.00764746,0.0813875,2.11115,0.0310598,0,0,1.1346,0.222195,1.12055,2.59964,0.0289782,0,0.408288,1.55255,2.0317,0.0180913,0.982755,0
,216.688616780,0.150047,0.761147,1.19044,0.601192,0,0,0.133828,0,2.13768,0,0,0.072343,0.888308,0.216508,0.95296,2.48948,0,0.0391217,0.396328,1.56451,2.16448,0.000261996,1.11987,0.188905
,216.735056689,0.17492,0.572108,0.812927,1.50243,0,0,0.140467,0,1.93109,0.0572452,0.0573208,0.169533,0.867541,0.162736,0.268635,2.59477,0,0.316474,0.421401,1.47352,1.86403,0.0141811,1.24993,0.364782
,216.781496598,0.614449,0.503199,0.530885,2.29028,0.216768,0,0.184755,0.00800773,0.536125,0,0.0770437,0.244466,0.728011,0.229001,0.160325,3.15789,0.0750544,0.280691,0.498186,1.28558,0.918073,0,1.3857,0.24973
,216.827936507,0.929907,0.255883,0,2.49739,0.204725,0.00110886,0.176587,0.0351805,0.0113801,0,0.180719,0.395556,0.374034,0.459932,0.0620858,3.33619,0.0781991,0.0840027,0.35176,1.38689,0.528174,0,1.64983,0.156401
,216.874376417,0.834362,0.0129513,0,2.24447,0.122505,0.00582235,0.134282,0,0.295525,0,0.132953,0.34734,0.230569,0.504306,0,3.43309,0.0599372,0.0184814,0.13521,1.65477,0.599703,0,1.6358,0.0890258
,216.920816326,0.612988,0,0.0176044,1.71632,0.202387,0,0.10682,0.0237009,1.10247,0.0192508,0.318379,0.152188,0.172217,0.45626,0.019719,3.26999,0.0995646,0.00980767,0.0228805,1.89976,0.766152,0.0105752,1.62092,0.039007
,216.967256235,0.0480456,0,0.17391,1.09559,0.523818,0,0.145485,0.157246,1.11332,0.0384785,0.636927,0,0.0304694,0.357743,0.194799,3.17965,0.237609,0.00196781,0.147466,2.05105,0.566119,0.0211376,1.82749,0
,217.013696145,0,0,0.233961,1.4744,0.444063,0,0.0963449,0.210227,1.44295,0,0.0863001,0,0.0255057,0.319197,0.165833,3.03033,0.389771,0,0.269103,2.33421,0.764398,0,2.2614,0
,217.060136054,0,0,0.756004,1.46691,0.411831,0,0,0.25235,1.41211,0,0.0463966,0.00949367,0.025416,0.429602,0.607175,2.91076,0.183956,0,0,2.56075,0.704332,0,2.43812,0.378943
,217.106575963,0.0309171,0,0.786425,1.63111,0.127123,0,0,1.15074,0.856823,0.540543,0.0131167,0.277989,0.0166886,0.319472,0.786171,3.01631,0.105384,0,0,2.50256,0.544622,0.127258,2.34889,0.577898
,217.153015873,0.0177596,0,0.553283,1.66405,0.207417,0,0.0959408,1.35063,0.268367,0,0,0.258706,0.00478332,0.270163,0.562556,3.29197,0.128305,0,0.0205502,2.43056,0.291474,0,2.31069,0.390176
,217.199455782,0.0236573,0,0.607195,1.81649,0.179336,0,0.104299,1.62135,0.107622,0,0,0.29603,0.00637178,0.254054,0.590713,3.27638,0.0956734,0,0.0223405,2.56265,0.150043,0,2.43821,0.351238
,217.245895691,0,0,0.48127,1.99373,0.191809,0,0.114068,1.67773,0,0,0,0.135742,0,0.230712,0.345596,3.5611,0.0924354,0,0.024433,2.80645,0.0508585,0.000137055,2.22666,0.348905
,217.292335600,0,0,0.03949,2.11795,0,0,0.0538681,1.35135,0.0609447,0.412486,0,0,0,0.183667,0.0119258,3.90203,0.00923858,0,0.0604799,2.87368,0.0713979,1.07198,1.71607,0
,217.338775510,0.247864,0.00831167,0,1.85939,0,0,0.111502,0.486649,0.413968,0.757783,0,0.00230983,0.201965,0.3416,0,3.84787,0.0108439,0,0.143544,2.58775,0.120907,1.20182,1.29801,0.0195694
,217.385215419,0.372467,0,0.0133481,1.76706,0,0,0.0418788,0.316602,0.665677,0.730849,0,0,0.304284,0.320907,0.00403108,3.7701,0.0144756,0,0.0911941,2.54831,0.189486,1.22404,1.28988,0.0397376
,217.431655328,0.413626,0,0.102087,1.69152,0.044321,0,0,0.185863,0.874616,0.454319,0,0,0.33472,0.131145,0.0308298,3.75294,0.0303354,0,0,2.49229,0.26282,1.15227,1.68308,0.009771
,217.478095238,0.223224,0,0.139049,1.67996,0.0360904,0,0,0.215682,0.883429,0.340023,0,0,0.180641,0.0360583,0.0573055,3.69498,0.0249203,0.436102,0,2.34722,0.378052,0.988172,1.99732,0.0130504
,217.524535147,0,0,0.386569,1.47238,0.016205,0,0.0218091,0.481167,0.749778,0.268157,0,0,0,0.0120052,0.174426,3.52517,0.00975159,0.892131,0.00467143,2.09766,0.468412,0.810369,2.0665,7.20439e-05
,217.570975056,0,0,0.308538,1.4272,0,0,0.0344079,0.587293,0.588764,0.0539492,0.26469,0,0.0052068,0.107857,0.266816,3.24543,0.00510165,0.886499,0.00737003,2.06695,0.717092,0.490908,2.37691,0.00018249
,217.617414965,0.370869,0,0,1.70981,0.0790623,0,0.0310167,0.501208,0.454746,0.527439,0.328505,0,0.350531,0.326983,0.717439,2.91863,0.0273748,0.555345,0.00664367,2.08408,0.921518,0.771962,2.34545,0.000288553
,217.663854875,0.472756,0.103024,0,1.64758,0.17804,0.0103202,0.0185314,0.336051,0.431533,1.43976,0.231969,0,0.468599,0.490312,1.16525,2.88242,0.061645,0.0648297,0.0849233,2.02645,0.117334,1.60476,2.04449,0.000400584
,217.710294784,0.49751,0.124349,0.228724,1.56546,0.19396,0,0,0.0272907,0.332829,1.60544,0.144082,0.0382782,0.39546,0.446877,1.71179,2.78755,0.0671571,0.216791,0.0911329,1.80653,0.078791,1.32935,2.16324,0.0101666
,217.756734693,0.429839,0.0824395,0.397712,1.41466,0.194012,0,0,0.0392597,0.223674,1.6743,0.0970697,0,0.347841,0.264579,1.70177,2.67069,0.0671754,0.481629,0.0198987,1.53067,0.0626847,0.781486,2.53567,0.000136712
,217.803174603,0.267178,0,0.629308,1.50133,0.28345,0,0,0,0.0677313,1.64609,0.187478,0,0.216209,0,1.75957,2.26586,0.0981425,0.684425,0,1.17379,0.0317155,0.502914,2.88458,5.00323e-05
,217.849614512,0,0,0.129765,1.56473,0.514058,0.0369041,0,0.342411,0,1.2751,0.720725,0,0,0,1.34881,1.77082,0.405238,0.839532,0,1.05786,0.0144561,0.331831,3.32798,0.000120975
,217.896054421,0,0,0,1.62939,0.155799,0.220001,0,0,0.213879,0.698798,1.30829,0.0706526,0,0,1.35413,1.85468,0.140288,1.11969,0,1.01126,0.0623936,0.179916,3.30355,0.0499249
,217.942494331,0.21356,0,0.0619106,1.54793,0.303212,0.382084,0.214881,0,0.0868406,0,1.44246,0.141845,0.0575194,0,1.3567,2.44293,0.154808,1.33379,0.0874831,1.22831,0.056768,0,2.97099,0.10002
,217.988934240,0.500156,0,0.0124473,1.09516,0.442359,0.700434,0.578721,0.223268,0.272632,0,1.50569,0,0.13471,0,1.37633,2.45682,0.162723,1.69272,0.214202,1.31776,0.0754309,0,2.97249,0.000127485
,218.035374149,0.603519,0,0.214135,0.625634,0.353921,0.687627,0.738101,0,0,0.272456,1.86382,0,0.16255,0,1.47586,2.13154,0.122543,1.93268,0.279288,0.982575,0.0124457,0.0641431,3.45216,0
,218.081814058,0,0,0.0191889,0.0486545,0.239001,0.535428,0.576365,0.264571,0,0.268034,2.27224,0.363567,0,0,1.00557,1.73608,0.0827523,1.91813,0.214589,0.753984,0.0330033,0.063102,3.82954,0.0931849
,218.128253968,0,0,0.0885108,0,0.10243,0.680824,0.333921,0.164935,0,0.143379,2.32046,0.261838,0,0,0.817954,1.65801,0.0354657,2.03557,0.135947,0.358447,0.0522442,0.033755,3.93367,0.0671111
,218.174693877,0,0,0.154062,0.0395604,0.011167,0.99844,0,0.284662,0,0.0259254,2.32122,0.206248,0,0,1.50988,1.49046,0.00386648,2.05713,0.00198965,0.368903,0.0876939,0.0117928,3.91874,0.0693624
,218.221133786,0,0,0.257166,0.0430685,0.225529,0.494439,0,0.555538,0,0,2.2259,0.210672,0,0,1.89332,1.16669,0.0780879,2.07194,0.00854203,0.665501,0.188564,0.0105174,3.69687,0.0926703
,218.267573696,0,0,0.00791324,0.409407,0.653172,0.677954,0.256376,0.344114,0.0281969,0,2.20009,0.224802,0.0236501,0,2.52414,0.921392,0.226156,2.19181,0.134208,0.605576,0.385566,0.00988756,3.23183,0.123016
,218.314013605,0,0,0,0.487104,0.776056,1.18649,0.0387001,0.0299685,0.0126788,0,2.18588,0.219108,0.0317325,0,3.10552,0.693327,0.268704,2.03595,0.0991083,0.383115,0.370904,0.16485,3.08934,0.111
,218.360453514,0,0,0,0.366677,0.731652,1.12524,0,0,0,0,2.20064,0.217533,0.00867335,0,3.36088,0.496299,0.25333,1.95865,0.0898795,0.111878,0.178675,0.400612,3.06349,0.0664168
,218.406893424,0,0,0.129612,0.125426,0.741324,0.712832,0,0,0.0237497,0.0132881,2.23306,0.218859,0.0246374,0,3.30322,0.169765,0.256678,2.22029,0.0851828,0,0.133389,0.647759,3.06952,0.0560952
,218.453333333,0,0,0.244648,0.01073,0.671101,0.5429,0,0,0.0722964,0.0789759,2.23456,0.180907,0.0655668,0,2.93271,0.0145231,0.232364,2.47965,0.191884,0,0.406049,1.22165,2.67714,0.0463679
,218.499773242,0,0,0.255707,0.0696694,0.657235,0.607783,0,0,0.0944915,0.0911668,2.15931,0.148019,0.0845158,0,2.69236,0.0942979,0.227563,2.64867,0.204339,0,0.530707,1.26344,2.49282,0.0379383
,218.546213151,0,0,0.22525,0.166191,0.432399,0.751217,0,0,0.113584,0.105412,2.10236,0.142305,0.0880404,0,2.54802,0.22494,0.149715,2.58635,0.0425027,0,0.637939,0.963227,2.72746,0.0364857
,218.592653061,0,0,0.129767,0.622575,0.0902002,0.852499,0,0,0.129411,0.202948,2.12935,0.145148,0.0640145,0,2.45108,0.435102,0.15087,2.46788,0,0,0.757746,0.50535,3.13304,0.0372315
,218.639092970,0,0,0.117334,0.551506,0.197322,0.809474,0,0,0.11245,0.188582,2.27716,0.111596,0,0,2.22865,0.479025,0.279402,2.29267,0,0,0.635529,0.275497,3.68654,0.0286118
,218.685532879,0,0,0,0.191771,0.483623,0.721276,0,0,0.0613067,0.187827,2.26518,0.0974912,0,0,2.09828,0.259563,0.178101,2.3145,0,0,0.346105,0.277769,3.93945,0.0249877
,218.731972789,0,0,0.335247,0,0.65306,0.669624,0,0,0.0595706,0.114737,2.24233,0.183564,0,0,2.19723,0,0.240035,2.4053,0,0,0.33617,0.152374,3.99294,0.0470488
,218.778412698,0,0.0099045,0.31658,0,0.529831,0.775124,0.026222,0,0.0556636,0.12359,2.25515,0.322903,0,0.00935483,2.08185,0.0979891,0.190256,2.5462,0.0732412,0.00470114,0.312632,0.108676,3.89986,0.0827625
,218.824852607,0.0026794,0.039241,0.130555,0.205471,0.548196,0.884946,0.0801296,0,0.0438615,0.087547,2.30076,0.366468,0.131041,0.0440185,1.67043,0.657968,0.189809,2.45842,0.223812,0.00433853,0.257235,0.174692,3.68906,0.0939284
,218.871292517,0.192418,0,0,0.770753,0.390633,0.893285,0.122524,0,0.117763,0.070718,2.28439,0.319161,0.339248,0.00271527,1.60814,1.18407,0.175163,2.62192,0.342225,0,0.697551,0.219166,3.19761,0.0818033
,218.917732426,0.201772,0,0,0.884504,0.0811435,0.846548,0,0,0.191945,0.0614825,2.15738,0.240924,0.343689,0,1.92636,1.14555,0.0280954,2.64538,0,0,1.28206,0.109456,3.07394,0.0617507
,218.964172335,0,0,0,0.668498,0,0.911544,0,0,0.180862,0.0569609,2.11363,0.216495,0.0623256,0,1.99072,1.1846,0,2.43985,0.00598983,0.000323733,1.43609,0.0921419,3.13366,0.0554892
,219.010612244,0,0,0,0.601025,0,1.42166,0,0,0.137381,0.0521986,2.11949,0.263168,0.32997,0,1.85896,1.33857,0,1.96692,0.00974818,0.00137505,1.39747,0.129853,3.15511,0.067452
,219.057052154,0,0,0,0.893974,0.130966,1.43713,0,0,0.0829361,0.0768316,2.04845,0.249589,0.369897,0,1.96913,1.63885,0.0809725,1.63276,0.0388621,0.00659752,0.959942,0.118451,2.97714,0.0639714
,219.103492063,0,0,0,1.23094,0.50089,1.08359,0.108385,0,0.0933346,0.158636,2.03053,0.295447,0.347016,0.00897724,2.0673,1.53772,0.389107,1.64093,0.309293,0.00381853,0.580497,0.104536,2.96323,0.0757251
,219.149931972,0,0,0,1.21866,0.824785,0.653527,0.223005,0,0.0415394,0.144315,1.97653,0.306421,0.120647,0,1.86364,1.35307,0.615572,1.51956,0.770841,0.0239662,0.310614,0.0894003,2.79213,0.0785378
,219.196371882,0.0027823,0.00214488,0.0258175,0.875112,0.704129,0.696344,0.150839,0,0,0.269837,1.60691,0.286428,0.543131,0.00202585,1.64875,0.706004,0.672455,1.69772,0.771569,0.026354,0.0308478,0.361672,2.43763,0.07362
,219.242811791,0.0031791,0.028262,1.05424,0.245005,0.232715,0.360819,0,0,0,0.32278,1.36374,0.23791,0.62059,0.0266935,1.59081,0.0789925,0.492088,1.78738,0.381049,0.0231197,0.0115432,0.617987,2.31655,0.129937
,219.289251700,0.00309303,0.044232,1.95293,0,0,0,0.0121424,0.0298295,0,0.317157,1.52704,0.202996,0.603788,0.0125818,1.58328,0,0.0575719,1.70235,0.365511,0.0347402,0,0.649485,2.15616,0.663845
,219.335691609,0.00229164,0.0554505,2.21025,0.0469414,0,0,0.0353131,0.0692058,0,0.206965,1.59005,0.29963,0.474931,0.0157729,1.60612,0.0635354,0,1.0915,0.88207,0.0615591,0,0.773212,2.06957,0.796289
,219.382131519,0.000385537,0.0772059,2.05957,0.164342,0,0,0.127343,0,0,0.203323,1.72233,0.323508,0.13917,0.0219611,1.65887,0.222438,0,0.852802,1.09625,0.185731,0.0476997,0.825861,1.99476,0.897141
,219.428571428,0,0.200441,1.42688,0.293772,0.0675389,0.0128394,0.20515,0,0.0188526,0.250971,1.7703,0.186797,0.0316117,0.0570152,1.46162,0.397621,0.112967,0.767575,1.3002,0.292779,0.105885,0.736993,2.11042,0.48206
,219.475011337,0,0.327697,0.540291,0.720289,0.382559,0.156139,0.229797,0,0.035004,0.233294,1.98331,0.00804557,0.00461186,0.0932131,1.48322,1.53726,0.270345,0.421887,1.11873,0.364202,0.197515,0.408601,1.99239,0.142077
,219.521451247,0.000944132,0.175103,0,1.38748,0.546904,0,0.0596927,0,0.0207738,0.115035,2.07592,0.133259,0.184303,0.165385,0.95259,2.58663,0.357367,0.16292,0.282622,0.505984,0.11774,0.0270821,2.21535,0.0838192
,219.567891156,0.000598806,0,0.12144,2.19462,0.259299,0,0,0,0.0668281,0.0818424,1.8249,0.272247,0.538674,0,0.518124,2.86003,0.0897804,0.671086,0,0.321251,0.426673,0.154358,2.13857,0.105946
,219.614331065,0.000599575,0,0.159771,2.18476,0.120269,0,0,0,0.0897564,0.117657,1.50775,0.271992,0.75149,0.0344455,0.297429,2.04729,0.0416422,1.37508,0,0.0490645,0.600323,0.379862,2.09093,0.100788
,219.660770975,0.000110559,0,0.39045,2.02141,0.0326303,0,0,0,0.0899348,0.245606,1.29545,0.184565,0.659811,0.0269554,0.272081,1.57778,0.011298,1.52793,0,0.0388628,0.614082,0.589619,1.97587,0.145494
,219.707210884,0.000150261,0,0.628713,1.85949,0,0,0,0,0.0932026,0.190241,1.30513,0.152035,0.284197,0,0.527771,1.45171,0.271839,1.46524,0,0.0364519,0.630298,0.774977,1.85844,0.248546
,219.753650793,0.000908422,0.238968,0.616156,1.44503,0.010157,0,0,0.218584,0.054526,0.228931,1.48085,0.141931,0.213996,0.0679742,1.00902,1.53489,0.654348,1.03585,0,0.213538,0.410007,0.932571,1.54355,0.261206
,219.800090702,0.00121053,0.337299,0.197588,0.178255,0.832997,0,0.320748,0.168625,0.0340854,0.258558,1.59166,0.233987,0.421493,0.0959444,0.872367,1.99881,1.12458,1.15564,0.130584,0.206077,0.276632,1.40619,1.13936,0.266898
,219.846530612,0,0.398151,0.170381,0,0.851425,1.07378,0.110247,0.0136886,0.0597274,0.24211,1.52058,0.459009,0.214047,0.227045,0.520958,2.1571,1.0061,1.59079,0.0415992,0.140333,0.411201,1.45464,0.960249,0.547232
,219.892970521,0.427098,0.961194,0.421382,0,0.58037,1.70094,0.0114388,0.26844,0.0207384,0.0766756,1.37617,0.120987,0.244641,0.277788,0.840384,1.98683,1.17136,1.39188,0.00245015,0.342927,0.74763,0.806575,1.51335,0.277906
,219.939410430,0.399231,0.767395,0.556004,0,0.599645,1.70477,0.0363954,0.223623,0.303623,0.0649656,1.42329,0,0.130948,0.218563,1.52867,1.89991,0.984371,0.890629,0.00779576,0.500083,0.732335,0.585625,1.98476,0
,219.985850340,0.342842,0.514601,0.824699,0,0.606216,1.5532,0,0.16876,0.40802,0.0531707,1.38205,0,0.0923398,1.36391,1.47348,1.62494,1.26314,0.909367,0.0102585,0.437471,0.340967,0.503502,1.79732,0
,220.032290249,0,0,1.10565,0.0301165,0.377758,1.02226,0,0,0.0358031,0.566042,1.70342,0.397842,0,2.2343,1.33455,1.07372,1.35854,0.548647,0.0235249,0.316755,0.233938,0.542602,1.57245,0.10197
,220.078730158,0,0,0.988948,0.41208,0.0656761,0.178092,0,0.0634847,0.0849552,0.186101,1.92293,0.333788,0,2.3338,2.08694,0.366483,1.1119,0.246331,0.0239568,0.440035,1.39177,0.187212,1.33979,0.169414
,220.125170068,0,0,0.355615,0.74743,0.0149475,0,0,0.0523576,0.287224,0.00902789,1.83356,0.286732,0,1.12842,3.0345,0.24098,0.100162,0.519848,0.0229488,0.316615,2.39969,0.0148908,0.879095,0.32228
,220.171609977,0,0.182364,0.107565,0.135875,0.331896,0,0,0.0156146,0.29469,0.119969,1.68187,0.28932,0,0.180396,3.48121,0.170546,0.214844,0.714722,0.212547,0.0702955,2.39124,0.284069,0.625461,0.261826
,220.218049886,0.069109,0.160743,0.044676,0.292856,1.04411,0.106138,0,0.0823258,0.28134,0.234315,1.50723,0,0.0504656,0.151822,3.4194,0.53698,0.361516,0.867263,0.169938,0.0472438,1.73356,0.505944,0.557131,0.124851
,220.264489795,0.540093,0.124825,0.124041,0.702435,1.06314,0.0160466,0,0,0.261578,0.180832,1.36861,0,0.428719,0.117898,3.20941,0.908333,0.368104,0.95183,0,0.428398,1.71203,0.203493,0.700667,0.0738011
,220.310929705,0.751921,0.127174,0.414628,0.90819,0.715119,0,0,0.0101995,0.26798,0.126134,1.32849,0,0.884129,0.0361747,3.02136,0.990809,0.247605,1.30163,0,0.65731,1.88311,0.195378,0.65866,0.031394
,220.357369614,0.617208,0.219758,0.578442,1.00564,0.212524,0.0181642,0,0,0.360419,0.118241,1.304,0.41004,1.32184,0.0625101,2.45327,0.884002,0.0735851,1.77164,0,0.478078,2.58665,0.16392,0.653839,0.105096
,220.403809523,0.441891,0.159781,0.502511,0.85203,0,0.0124892,0,0,0.412114,0.0196701,1.21398,0.815909,1.52902,0.0711512,1.51878,1.18473,0,1.78532,0,0.310262,3.0087,0.159486,0.737876,0.209123
,220.450249433,0.360393,0.163681,0.203266,0.448903,0,0.0636024,0,0.00761113,1.2237,0.352989,1.01332,0.773612,1.5296,0.180899,0.552269,0.801265,0,1.84075,0,0.234853,3.28121,0.340203,0.591497,0.198282
,220.496689342,1.35463,0,0.0113949,0.698549,0,0,0,0,2.02618,0.23494,0.549912,0.153829,1.70676,0.0776673,0.273635,0.553734,0,2.26391,0.00456091,0.186551,3.58874,0.191035,0.285107,0.0513133
,220.543129251,1.6174,0,0,0.280781,0.144209,0.194952,0,0,2.09435,0.022912,0.537791,0.219896,1.93477,0.157387,0.185922,0.549729,0.241207,2.42481,0,0.106675,3.48561,0.00686857,0.516022,0.131244
,220.589569160,1.99019,0,0,0.082368,0.440706,0.682656,0,0.106935,1.78577,0.125348,0.175532,0.381232,2.01984,0.194673,0.124894,0.89386,0.678312,2.45025,0.00328998,0.694896,2.69832,0.0313214,0.41851,0.0977125
,220.636009070,2.29341,0,0,0.145142,0.581438,0.937466,0,0.163627,1.54294,0.115754,0,0.367974,2.11409,0.110856,0.118077,1.24023,0.783566,2.35828,0.0137341,1.13686,2.32319,0.0602122,0.309442,0.0943143
,220.682448979,2.33638,0,0,0.229853,0.364748,1.25511,0,0.151097,1.65532,0.078802,0,0.246097,2.3523,0.0479706,0.0844592,1.39418,0.724069,2.3318,0.000473382,1.07527,2.53107,0.046873,0.42759,0.0630764
,220.728888888,2.30265,0.00537354,0,0.198057,0.285358,1.34007,0,0.0998535,1.89144,0,0,0.0958685,2.38666,0.0462916,0.0975687,1.34321,0.736661,2.2339,0,0.769647,3.03561,0.00352074,0.57792,0.0245718
,220.775328798,2.06379,0.107752,0.132155,0,0.155754,1.39752,0,0,1.98254,0,0,0.0468027,1.82699,0.0687409,0.212453,1.33296,0.677827,1.95542,0.000669517,0.575045,3.39349,0.000465698,0.785057,0.0119959
,220.821768707,0.744756,1.05387,0.372521,0,0.0389337,1.19423,0,0,1.88618,0.309031,0,0.0491185,0.95798,0.330638,0.566484,1.54851,0.296232,1.67159,0.16152,0.619192,3.10525,0.17558,0.937537,0.0207627
,220.868208616,0.122399,1.8632,0.321405,0.0239816,0.0137732,1.01165,0,0,1.92886,0.129064,0,0.163571,0.98288,0.730135,0.810403,1.15003,0.00476889,1.54722,0.388248,0.571011,2.48488,0.273774,1.18601,0.114986
,220.914648526,0.0625419,2.30526,0.225568,0.067616,0.257779,1.06949,0,0,2.0829,0.0494844,0,0.112081,1.13688,1.08009,0.889101,0.892853,0.227492,1.51254,0.46561,0.446981,1.95503,0.274579,1.45402,0.0787897
,220.961088435,0.0731259,2.52419,0.178476,0.0465165,0.229213,1.05558,0.0745085,0,2.07653,0.0337151,0,0,1.10964,1.27302,1.24629,0.918228,0.383386,1.61339,0.454355,0.15588,1.84721,0.302712,1.47263,0
,221.007528344,0.1099,2.57046,0.233709,0.0782988,0.205445,0.882613,0.0772325,0,1.96982,0.127831,0,0,1.02421,1.30923,1.43425,0.937591,0.34363,1.44014,0.360156,0.253738,2.00324,0.4169,1.40254,0
,221.053968253,0.106449,2.19173,0.24426,0.0556605,0.0510751,0.663978,0,0,1.85215,0.213866,0,0,0.964196,1.2286,1.82567,0.639749,0.0854289,1.18313,0.28061,0.421028,2.11894,0.465607,1.48113,0
,221.100408163,0.15211,1.83848,0.689051,0.239771,0,0.219661,0,0,1.80869,0.140492,0,0,1.06261,0.979941,2.32161,0.582117,0,0.922843,0.263827,0.371635,2.14863,0.220294,1.5683,0
,221.146848072,0.0625218,0.918585,1.90775,0.397263,0.13287,0,0.0162954,0,1.80361,0,0,0,0.963917,0.359441,2.8293,0.722759,0.22224,0.883582,0.712004,0.440786,2.37467,0,1.66269,0.000169462
,221.193287981,0,0.129274,2.54917,0.299881,0.243388,0,0.186698,0,1.85838,0,0.0383248,0,0.816738,0.036772,2.60983,1.08175,0.407095,1.09468,0.960773,0.496659,2.44279,0,1.93492,0.000363592
,221.239727891,0.0119968,0.17493,2.46921,0.174869,0.302346,0,0.195451,0.00891308,1.75385,0,0.0922575,0,0.630892,0.0497588,2.22314,1.26505,0.505709,0.851733,0.867416,0.443186,2.27304,0,2.74028,0.000302071
,221.286167800,0.521013,0.702824,1.91523,0.1836,0.266248,0,0.107728,0,1.98406,0,0.104792,0,0.618249,0.199918,1.9819,1.19042,0.445331,0.758926,0.508087,0.212277,2.20263,0,3.19384,7.80853e-06
,221.332607709,1.30226,0.983167,0.572424,0.506579,0.100948,0,0.16245,0,2.13862,0.00231514,0.075431,0,0.905912,0.279661,1.10617,1.27642,0.470586,0.700618,0.492249,0.0723099,1.99895,0.00127179,3.1128,0
,221.379047619,1.37782,0.0612644,0.209973,1.79514,0,0.057088,0.249379,0,1.65199,0.301292,0.057374,0.239772,0.781771,0.0174266,0.450836,1.81803,0,0.289807,0.752699,0.0538977,2.17154,0.0709318,2.80228,0.0614553
,221.425487528,0.834399,0,0.619762,2.01681,0,0,0.295156,0.0164481,0.769345,0.423865,0.261599,0.249659,0.716402,0,0.420843,2.55947,0,0.171449,0.740756,0.202267,1.95295,0.128635,2.64677,0.0639894
,221.471927437,0.322453,0,0.493868,2.26122,0,0,0.241462,0.0131023,0.233825,0.760511,0.608866,0.232989,0.542103,0,0.323649,3.16796,0,0.175736,0.624255,0.567539,1.52398,0.346666,2.56893,0.0597167
,221.518367346,0.182509,0,0.257807,2.44476,0,0,0.126625,0,0,0.839988,0.82515,0.34002,0.653454,0,0.194981,3.42299,0,0.38558,0.333194,0.77943,1.18538,0.409471,2.61078,0.0871639
,221.564807256,0.131552,0,0.0162053,2.60693,0,0,0.0583687,0,0.0608746,0.644793,0.834994,0.215788,0.637937,0,0.00544735,3.34344,0,0.882534,0.0781093,0.720411,0.897877,0.319327,2.72511,0.0553361
,221.611247165,0.00418842,0,0,2.75187,0,0,0.0939859,0.133092,0.911042,0.507092,0.533625,0.00285336,0.485061,0,0,3.0593,0,1.0183,0.0390764,0.290456,1.07546,0.236325,2.77773,0.000744992
,221.657687074,0,0,0.0770945,2.74036,0.0732128,0,0,0,1.21496,0.0699995,0.681142,0.0599208,0.354267,0,0.0232822,2.9564,0.0253494,0.964573,0.018972,0.0805096,1.22517,0.0384533,2.89214,0.0153581
,221.704126984,0,0.137526,0.264996,2.6766,0.102824,0,0,0.572859,0.475488,0,0.760281,0,0.205996,0.129894,0.088779,2.73912,0.0356021,1.15764,0.00552079,0.473548,1.01934,0,2.87772,0
,221.750566893,0,0.101676,0.65309,2.42074,0.318983,0,0,1.57524,0.0549437,0,0.431904,0.0100534,0,0.097532,0.569413,2.16367,0.110446,1.49082,0,1.19243,0.582462,0,2.84796,0.401172
,221.797006802,0,0,0.761022,2.0082,0.150351,0,0,1.90989,0.0235438,0.446884,0.163491,0.0198713,0,0.0272766,0.847221,2.16788,0.0520581,1.96146,0,1.63102,0.204075,0.105208,2.69749,0.792969
,221.843446712,0.0507602,0,0.711056,1.69812,0.244929,0,0,1.81181,0.515693,0,0,0.195444,0.0136716,0.0493426,0.665039,2.57279,0.0848049,2.01139,0,1.85562,0.117143,0,2.64992,0.624951
,221.889886621,0.228753,0,0.696155,2.12013,0.204542,0,0,2.00407,0,0,0,0.348922,0.0616116,0.0864343,0.587537,3.00454,0.0708213,2.11773,0,1.78855,0,0,2.4957,0.53168
,221.936326530,0.38878,0.0443713,0.161029,2.29475,0.0362362,0,0,1.98163,0.0803569,0.0422139,0,0.226728,0.104713,0.13989,0.0922514,2.88673,0.0125465,2.34015,0,1.6667,0.128963,0.37902,2.45786,0.058159
,221.982766439,0.578363,0.130978,0.0395225,2.21269,0,0,0,1.15982,0.672477,0.0835331,0,0.153545,0.255631,0.123709,0.161008,2.35317,0,2.31022,0,1.45096,0.710278,0.916461,2.37238,0.0394064
,222.029206349,0.511141,0.244616,0.10666,2.1248,0,0,0,0.539423,1.34095,0.0875396,0,0,0.393231,0.0695808,0.20684,2.25185,0,2.13333,0,1.44037,0.833593,0.967332,2.47894,5.37001e-05
,222.075646258,0.482541,0,0.165412,2.0946,0.0400813,0,0,0.307653,1.69918,0.0900336,0,0,0.390488,0,0.212133,2.19523,0.0138779,2.00205,0,1.32627,1.00147,0.896557,2.67663,5.60407e-05
,222.122086167,0.531051,0,0.213442,2.15831,0.0563243,0,0,0.195321,1.74835,0.0964269,0,0,0.403156,0,0.180337,2.25794,0.0195019,2.11304,0,0.87402,0.946021,0.879628,2.75976,0
,222.168526077,0.442318,0,0.260949,2.26374,0.0368976,0,0,0.409837,1.44929,0.104169,0,0.0364261,0.351176,0,0.11946,2.28666,0.0127755,2.34878,0,0.602109,0.817425,0.93529,2.74732,0.00933627
,222.214965986,0,0.0389789,0.342273,1.60587,0,0,0,0.471794,0.686453,0.083411,0,0,0.143098,0.0368157,0.110511,2.21781,0,2.48189,0,0.921852,0.307039,0.748909,2.72659,0
,222.261405895,0,0.104889,0.0234932,1.78803,0.0415822,0,0,0.74914,0.578101,0.0714809,0,0,0.161314,0.521205,0.0928099,1.86367,0.0143976,2.51967,0,1.52369,0.197864,0.641794,2.44332,0.000101291
,222.307845804,0,0.205901,0.0422734,1.75766,0,0.0550375,0.175147,0.63646,0.585485,0.637041,0,0,0.142278,0.875104,0.138164,1.92336,0.00294153,2.34204,0.0713066,1.81784,0.132997,0.489254,2.31271,0.000340911
,222.354285714,0.103684,0.279471,0.171225,1.73357,0,0.0432204,0,0.0282144,0.514966,1.52525,0,0,0.211125,0.815551,0.19423,2.28421,0.000132444,2.01953,0,1.6491,0.116978,0.661955,2.36411,0.000522332
,222.400725623,0.271055,0.27532,0.214473,1.6612,0,0.100025,0,0.0322531,0.467978,1.46193,0,0,0.252242,0.680493,0.210336,2.63586,0,1.67449,0,1.4138,0.106304,0.707978,2.45298,0.00051828
,222.447165532,0.341254,0.228894,0.307168,1.6112,0.0113897,0.133335,0,0.0794702,0.538231,1.40389,0.138493,0,0.314117,0.504525,0.256113,3.02983,0.0039436,1.35074,0,1.31693,0.122263,0.649936,2.36551,0.000302443
,222.493605442,0.223254,0,0.458033,1.3313,0.123008,0.16362,0.00944776,0.307859,0.46765,1.19274,0.215203,0,0.214734,0.119482,0.410772,3.32573,0.0425907,1.08069,0.00202367,1.3172,0.10623,0.655213,2.71639,0
,222.540045351,0,0.0158424,0.817383,1.4233,0,0.203323,0.369491,0.526853,0,0.464695,1.09148,0,0,0.275781,0.636466,2.95631,0.000990495,1.27647,0.353633,1.06987,0.00337808,0.255274,3.03835,0
,222.586485260,0,0.0785826,1.37744,0.517522,0,0.426364,0.629928,0.538183,0,0,1.12021,0,0,0.200213,1.04536,1.96102,0,1.65585,0.610187,0.828429,0.00652452,0,3.54588,0
,222.632925170,0,0.484017,1.24219,0.0417022,0,0.746579,0.191101,0.830824,0,0,1.17868,0,0,0.137678,1.65979,1.07866,0,1.69486,0.471142,0.751824,0.00277352,0,4.04454,0
,222.679365079,0,0.74222,0.978005,0,0,0.820744,0.059002,1.0141,0.240464,0.0330314,1.26807,0,0,0.211124,2.0896,0.502166,0,1.70117,0.428267,0.65567,0.0546228,0.00777644,4.26669,0
,222.725804988,0.376217,0.438562,0.479202,0,0,0.864472,0.0235323,1.00723,0.15524,0.226469,1.30548,0.00345958,0.101329,0.124749,2.22017,0.256208,0,1.91025,0.393746,0.58536,0.0352637,0.0533165,4.31687,0.000886716
,222.772244897,0.321395,0,0,0,0,1.02804,0.0107615,0.969212,0.00457729,0.510501,1.51178,0.540439,0.0865635,0,2.2585,0.0911731,0,2.16181,0.31758,0.43247,0.219816,0.120185,4.24871,0.138519
,222.818684807,0,0.316599,0,0.461961,0,1.31304,0,1.13493,0,0.45593,0.948099,0.364889,0.0950664,0.299028,2.05445,0.152855,0,2.4524,0.329647,0.506414,0.320466,0.215983,3.7292,0.214155
,222.865124716,0,0.336433,0.432299,0.498386,0,0.846353,0,1.38848,0,0.342302,0.93121,0.294421,0.426668,0.317762,1.81238,0.160685,0,2.53798,0.249092,0.619553,0.287076,0.15708,3.42415,0.377444
,222.911564625,0,0.109959,0.700566,0.407126,0.19867,0.331821,0.0101409,1.59923,0,0,1.33398,0.403407,0.781405,0.103856,1.54686,0.131262,0.0687881,2.492,0.189924,1.01034,0.274578,0,2.93696,0.638393
,222.958004535,0,0,0.85679,0.23524,0.480923,0.195529,0.015184,1.72021,0,0,1.65387,0.411873,0.959493,0,1.4285,0.0758441,0.166516,2.44459,0.157544,1.13523,0.248888,0,2.94289,0.414397
,223.004444444,0,0,0.978102,0.0635938,0.40459,0.181949,0.0321987,1.81562,0,0,1.72908,0.387699,0.993107,0,1.48557,0.0205034,0.140086,2.31575,0.0440232,1.16401,0.140968,0,3.13415,0.225913
,223.050884353,0,0,1.01092,0.0614397,0.104457,0.13876,0.054835,1.77593,0,0,1.82573,0.37216,1.08705,0,1.58827,0.0198088,0.0361674,2.0575,0.0149803,1.14447,0,0,3.22998,0.0958863
,223.097324263,0,0,1.2854,0.0324675,0.0389229,0.0641303,0.0484522,1.66634,0.0744862,0.0446331,1.92656,0.282217,1.01084,0,1.62642,0.0104679,0.0134768,1.94445,0.0103783,0.910643,0.126031,0.0105078,3.39732,0.0725592
,223.143764172,0,0,1.11492,0.180432,0,0,0.0366406,0.948503,0.215917,0.160105,1.73777,0.195603,0.767381,0,1.67576,0.244216,0,2.19385,0.00784829,0.454645,0.685783,0.425005,2.9213,0.0502508
,223.190204081,0,0,0.504076,0.545771,0.098317,0,0.00419876,0.336077,0.956138,0.186247,1.26804,0.175233,0.760115,0,1.57024,1.04858,0.0340416,2.25565,0.000899359,0.201908,0.983171,0.66212,2.38275,0.0449341
,223.236643990,0.153139,0,0.355292,0.56365,0,0.120707,0,0.0562521,1.23863,0.195875,0.909541,0.197142,1.00472,0,1.54288,1.3028,0,2.20687,0,0.0665184,1.34305,0.777456,1.95765,0.0505382
,223.283083900,0.207001,0,0,0.599765,0,0.182317,0,0.0342135,1.06533,0.246723,0.867102,0.157035,1.10754,0,1.47984,1.45206,0,2.45793,0,0.0571105,1.40308,0.993856,1.61899,0.0402491
,223.329523809,0.182978,0,0,0.651404,0,0.229467,0,0.0903061,0.807168,0.313565,0.891042,0.0804151,1.20286,0,1.49822,1.42986,0,2.61919,0,0.0870859,1.38492,0.96899,1.56984,0.0303321
,223.375963718,0,0,0,0.570302,0,0.06818,0,0.334834,0.765924,0.232799,0.957956,0.145815,1.23444,0,1.36404,1.60445,0,2.46152,0.000794961,0.193084,1.19004,0.775967,1.68204,0.0375488
,223.422403628,0,0,0.0393554,0.0358082,0.318897,0.111359,0,0.418975,0.959042,0.278299,0.882314,0.266148,1.1905,0,1.3211,1.01809,0.533392,2.24816,0.001586,0.220009,0.872207,0.606791,2.08673,0.0685532
,223.468843537,0.183932,0.0729563,0.331971,0,0.434172,0,0,0.233555,1.17817,0.334892,0.943174,0.322101,0.980194,0.10986,1.31678,0.653132,0.726203,2.35033,0.0029276,0.150886,0.927628,0.645179,2.09996,0.0828648
,223.515283446,0.496083,0.0874345,0.210069,0.0141749,0.443615,0,0.32888,0,0.964231,0.403201,1.8282,0.233492,0.602251,0.246378,1.25871,0.0225686,0.741997,2.27863,0.133895,0.0303245,0.947928,0.610502,2.77564,0.0599218
,223.561723356,0.399603,0.0513969,0.12254,0.146331,0.40539,0,0.115102,0,0.0266037,0.371438,2.33999,0.283783,0.409563,0.599268,1.38553,0.152734,0.678062,1.894,0.0604848,0.0173059,2.01815,0.18923,2.40958,0.0727357
,223.608163265,0.0428906,0,0.226243,0.380633,0.49699,0,0,0,0,0.150439,2.41866,0.289449,0.223335,0.394777,1.6235,0.452425,0.540441,1.37046,0,0.00693111,2.6687,0.0354172,1.63708,0.0741879
,223.654603174,0,0,0.890937,0.39244,0.343422,0,0.114112,0.292655,0,0.0435107,2.41614,0.297691,0.184676,0.144465,1.84416,0.527301,0.118908,1.13364,0.0464576,0.133965,2.91356,0.0102435,1.33871,0.0846489
,223.701043083,0,0,0.774584,0.236709,0.0957128,0.28328,0.716776,0.222214,0,0.00497878,2.38463,0.181562,0.275303,0.0264465,1.77177,0.439447,0.0331399,1.27763,0.296199,0.220258,3.01013,0.00117213,1.05148,0.0643428
,223.747482993,0,0.028201,0.824715,0.0176566,0.024901,0.61902,0.695753,0.156359,0,0,2.34696,0.124491,0.531829,0.00802175,1.68278,0.285363,0.00862181,1.39214,0.27703,0.170421,2.9951,0,1.14912,0.0541053
,223.793922902,0,0.162289,0.762017,0.0898047,0,0.89128,0.554491,0.100009,0,0,2.28275,0.363407,0.697037,0.046163,1.7805,0.280469,0,1.44733,0.216457,0.0220142,2.81925,0,1.18101,0.115362
,223.840362811,0.247265,0,0.518951,0.175154,0,1.20839,0.282679,0.215963,0,0,2.25069,0.724993,0.816934,0,1.61842,0.380548,0,1.72678,0.470774,0.0475382,2.36332,0,1.41932,0.199834
,223.886802721,0.553853,0,0.323278,0.216009,0,1.36097,0.206603,0.191703,0,0,1.90958,0.499699,0.791218,0.128166,1.42914,0.528607,0,1.65484,0.149756,0.361164,2.0217,0,1.03943,0.128077
,223.933242630,0.555011,0,0.0712186,0.268499,0,1.37819,0.113556,0.200371,0.165556,0,1.63107,0.37429,0.748407,0.2736,1.25887,0.462282,0,1.40139,0.0943924,0.326083,2.0423,0,1.00816,0.0959331
,223.979682539,0.493825,0,0.36448,0.53015,0,1.13196,0.0873863,0.00704138,0.492692,0,1.99165,0.448976,0.652027,0,0.997139,0.569495,0,1.26645,0.22101,0.212602,2.13457,0,1.23104,0.115076
,224.026122448,0.566124,0,0.139225,0.907265,0.0603943,1.03844,0.115018,0,0.0510415,0.0791218,2.18286,0.153852,0.460522,0,0.758009,0.415309,0.165182,2.09329,0.351725,0,1.87026,0.0186273,1.04219,0.0394334
,224.072562358,0.408726,0,0.245525,0.972896,0.0899009,0.969524,0,0.00582123,0.541265,0.0990232,1.90225,0.0684603,0.335134,0.0248198,0.745606,0.313673,0.338934,2.47648,0.0687141,0.00128138,1.25699,0.0280808,1.3752,0.0455169
,224.119002267,0,0,0.0616251,1.45851,0,0.476107,0.0116638,0.0331723,0.355654,0.620563,1.87984,0,0.0941018,0.0508937,0.593038,0.470241,0.135025,2.5741,0.122452,0.00730194,1.08157,0.158661,1.84991,0.106418
,224.165442176,0.00043791,0,0.0597853,1.35882,0,0.35386,0.0429126,0,0.242176,0.604648,1.77896,0.118848,0.085484,0.00953285,0.507858,1.0272,0,2.5184,0.192242,0.0148334,0.877747,0.181267,2.29058,0.344159
,224.211882086,0.0769531,0,0.0982046,0.81115,0,0.905438,0.218173,0.0081349,0.34496,0.459235,1.33751,0.2115,0.0965534,0,0.281855,1.98672,0.0084535,2.20377,0.191194,0.0175763,1.32116,0.234822,1.99577,0.249004
,224.258321995,0,0.0574136,0,0.5005,0,0.985292,0.0711557,0,0.251048,0.497712,1.24834,0.797328,0.161025,0.0163312,0,2.70111,0,0.84431,0.29703,0.00650687,1.7734,0.702407,1.40354,0.345298
,224.304761904,0.677387,0.532624,0,0.557817,0.118683,0.715004,0.13615,0,0.129767,0.448041,0.889915,0.0934695,0.301941,0.151504,0.64303,2.09848,0.26626,0.480197,0.428097,0,2.00811,0.96971,1.27779,0.189263
,224.351201814,0,0,0.10793,0.321265,0.346504,1.40469,0.0877122,0,0.227087,1.38351,0.143536,0.0651379,0.0535124,0,0.943426,1.52525,1.1132,0.820582,0.509544,0.125866,2.08635,0.796923,0.884861,0.42307
,224.397641723,0,0,0,0.247001,0.501803,1.44484,0,0,0.263935,1.25917,0.109833,0,0,0,1.19057,1.11453,1.82871,0.844419,0.506562,0,1.68586,0.752095,0.781729,0.615004
,224.444081632,0,0,0,0.392054,0.599897,1.301,0,0,0.190141,1.25737,0.195836,0.0434866,0,0,0.914954,0.751864,1.89992,0.700573,1.35239,0.547033,1.16294,0.690716,0.177243,0.426507
,224.490521541,0.638832,0,0,0.456559,0.156048,1.16512,0,0,0.862743,1.35537,0,0.111847,0.172061,0,0.955117,0.617955,1.10272,0.634737,1.33634,0.984522,1.21098,0.744556,0.1107,0.219669
,224.536961451,0.000825262,0,0,0.623682,0.341648,1.12116,0,0,1.25404,0.696221,0,0,0.161099,0,1.27689,0.892096,0.813216,0.601975,1.44345,1.07346,0.991886,0.627774,0.0706517,0.203241
,224.583401360,0.00403494,0.0617952,0.0748216,0.77131,0,0.184244,0,0.162073,1.28385,0.286051,0.287546,0,0.787657,0.157375,1.51006,1.07023,0.10662,0.391418,1.54313,0.855462,0.969941,0.440982,0.177732,0.273362
,224.629841269,0.816616,0.0607877,0.391493,1.03689,0,0.0241568,0,0.0907875,1.50554,0,0.203054,0.436628,1.00273,0.36319,1.65368,0.69839,0.157286,0.0513201,1.14843,0.654118,1.25778,0,0.0753813,0.356944
,224.676281179,0.990941,0,0.442921,0.418263,0,0.0480213,0,0.759508,0.940195,0,0.0440758,0.79435,0.922001,0.546081,1.48122,0.329299,0.323609,0.127679,0.828534,0.756032,1.03569,0,0.129242,0.359767
,224.722721088,0.896111,0,0.746175,0.347976,0,0.0183341,0,1.20106,0.473521,0,0.306757,1.01793,0.725164,0.524833,1.78493,0.206574,0.111985,0.610316,0.345522,0.758504,0.854223,0,0.40556,0.373728
,224.769160997,0.609911,0,0.509957,0.544453,0,0,0.0450636,1.12069,0.334005,0,0.431606,1.18792,0.493561,0.444955,1.89625,0.175538,0.0126452,1.1118,0.00965246,0.96841,0.859772,0.0165899,0.363915,0.521657
,224.815600907,0.209348,0,0.211815,0.55353,0.00788371,0,0,1.18026,0.569722,0,0.459897,1.3924,0.169411,0.287728,1.30098,0.809705,0.00272968,1.20746,0,1.29007,1.39477,0.120765,0.224255,0.546384
,224.862040816,0.305244,0.0674834,0,1.37786,0.120255,0,0,0.491776,0.697402,0.0165211,0.504915,1.18128,0.241203,0.214395,0.475964,1.74078,0.0478738,1.07959,0,0.219434,2.42305,0.136678,0.383728,0.453179
,224.908480725,0.657503,0.345249,0,1.2441,0.0231809,0,0,0.561138,0.592655,0,0.268881,0.808857,0.511026,0.143525,0,1.94751,0.00802622,1.19877,0.0424378,0.305766,2.63897,0.133121,0.686895,0.235558
,224.954920634,0.764139,0.508291,0.473606,0.919219,0,0,0,0.507229,0.485047,0,0.368156,0.557102,1.11083,0.163343,0.143027,1.90725,0,1.43527,0,0.443599,2.48633,0.0721168,1.02932,0.143463
,225.001360544,0.676706,0.467461,0.629797,0.81676,0,0,0,0.435034,0.632021,0,0.501093,0.681784,1.55623,0.145655,0.190196,1.68318,0,1.72838,0,0.467454,2.33365,0.0110199,1.27931,0.175382
,225.047800453,0.940101,0.235254,0.47258,0.837282,0,0.0357546,0,0.365098,1.00839,0,0.334991,0.649181,1.73873,0.0757828,0.32304,1.52471,0,2.21924,0,0.415956,2.68256,0,1.23925,0.167052
,225.094240362,0.708513,0.291782,0.200184,0.72372,0,0,0.0843408,0.50192,0.794575,0,0.119372,0.700313,2.15994,0.1094,0.181748,1.59515,0,2.1363,0.0180655,0.11908,2.91996,0,0.97519,0.180097
,225.140680272,0.406048,0.211764,0,0.460346,0.0189188,0,0.116413,0.535238,1.02363,0.092063,0,0.746916,2.25947,0.425257,0,1.43243,0.00388398,1.63916,0.144794,0.141589,3.23154,0.0849388,0.650616,0.191514
,225.187120181,0.760164,0.217197,0.242187,0,0,0,0,0.872884,1.64862,0,0.042253,0.872872,2.23351,1.25082,0.413722,0.90426,0,1.04506,0.0745843,0.418208,3.46114,0,0.347248,0.223724
,225.233560090,1.31421,0.262596,0.322721,0,0,0.0757324,0,0.550478,1.77298,0,0.0362209,0.675781,2.02445,1.57528,0.935237,0.189917,0.005541,1.18552,0.0420667,0.455814,3.31958,0,0.323855,0.173208
,225.280000000,1.83947,0.237192,0.00454026,0.330895,0.306665,0.573022,0,0.524094,1.84504,0,0,0.197246,1.91713,1.64462,0.678082,0.447868,0.597383,1.41646,0.0757169,0.40331,3.06758,0,0.165015,0.0505555
,225.326439909,2.16079,0.192421,0,0.342295,0.393389,1.01227,0,0.22185,1.97526,0.13248,0,0,1.80664,1.65831,0.577394,0.463298,0.659656,1.65342,0.151035,0.191387,2.83456,0.208074,0.306016,0
,225.372879818,2.20859,0.180252,0,0.264034,0.440111,0.95935,0,0.0692533,1.97628,0.126832,0,0,1.85337,1.63529,0.823223,0.367596,0.59877,1.71354,0.168067,0.194804,2.59711,0.243428,0.758309,0
,225.419319727,2.1612,0.161087,0,0.0534321,0.569445,0.838076,0,0.0835928,1.9429,0,0,0,1.96432,1.49737,0.809932,0.365853,0.528677,1.85598,0.10222,0.3963,2.5171,0.15328,0.969386,0
,225.465759637,1.94548,0.145745,0,0,0.573,0.77729,0,0,1.77367,0.0248554,0,0.101462,1.85962,1.14334,0.653443,0.840337,0.299704,1.79377,0.0656891,0.452562,2.23614,0.386701,1.51927,0.0260055
,225.512199546,1.19635,0.378632,0,0.107737,0.1595,0.751472,0,0,1.595,0.0783053,0.011516,0.554562,0.985704,1.35347,0.505,1.37817,0.0552258,1.66468,0.0534322,0.601877,1.6126,0.789187,2.16577,0.142138
,225.558639455,0.228328,0.743824,0.517566,0.326196,0.0643111,0.273268,0,0.134939,1.47494,0.0854438,0.125327,0.702389,0.3169,1.57661,0.773356,1.67846,0.0722018,1.56718,0.0144994,0.620081,1.23313,0.768466,2.44403,0.180027
,225.605079365,0.483813,1.00499,0.60309,0.564884,0.156981,0,0,0.291051,1.33884,0.0960778,0.385734,0.26985,0.391518,1.78051,0.549676,1.94448,0.262568,1.6245,0.0199224,0.565217,0.864917,0.862639,2.42419,0.0691644
,225.651519274,0.573535,1.36197,0.357673,0.594252,0.214638,0,0,0.302582,1.25209,0.108264,0.215388,0,0.444328,1.92872,0.108016,2.10194,0.359007,1.88809,0.0375985,0.453236,0.737725,0.972053,2.26545,0
,225.697959183,0.297025,1.814,0.264563,0.381999,0.212947,0.017506,0,0.102292,1.42459,0.0904703,0,0,0.241039,1.98613,0.0798968,1.97075,0.356178,1.94225,0.0254559,0.336098,0.831281,0.812292,2.25252,0
,225.744399092,0.146182,2.04611,0.196479,0.399453,0.131866,0.22782,0,0,1.67675,0.0898082,0,0,0.297006,1.75013,0.0593358,1.93472,0.220561,1.85544,0.0140683,0.241601,0.923518,0.470623,2.16716,0
,225.790839002,0.210996,1.76018,0.821101,0.832916,0.156657,0.458636,0,0,1.8906,0.00816068,0,0,0.623002,1.14546,0.319959,2.32977,0.265315,1.51941,0.00439488,0.334787,1.51647,0.073271,1.88733,6.08028e-06
,225.837278911,0,0.0874102,1.75878,0.703807,0,0.475672,0.075542,0.00965433,2.09985,0.550865,0,0.067232,0.867255,0.0825592,0.691742,2.35129,0.00791763,0.997297,0.210998,0.291803,2.47637,0.129688,1.56185,0.023064
,225.883718820,0,0,2.00007,0.584486,0,0.40259,0.110795,0.0295167,2.13191,0.491115,0.0697225,0.218988,1.38492,0,0.781152,2.33433,0.00680688,0.557528,0.312169,0.450691,2.80634,0.115621,0.996741,0.0563377
,225.930158730,0,0.13034,2.07301,0.425582,0,0.193942,0.0392358,0.12154,2.00641,0.471433,0.026539,0.0634342,1.32816,0.037075,0.663826,2.45515,0.00894178,0.287513,0.130718,0.589975,2.8791,0.110987,0.608901,0.0162586
,225.976598639,0.415797,0.393656,1.58762,0,0,0.123977,0.0166386,0.343786,1.4938,0.0398368,0,0,1.42532,0.351165,0.479454,2.55037,0.034546,0.0740609,0.0980908,0.518279,2.58236,0.357677,0.617895,0
,226.023038548,1.09008,0.00720596,1.34819,0,0.49198,0.237243,0.231373,0.235205,1.60469,0.250412,0.0135888,0,1.18706,0.561383,0.407147,2.34348,0.198159,0.513479,0.532236,0.548949,2.20663,0.0589534,0.654007,0
,226.069478458,1.25143,0,0.718844,0.384365,0.220023,0.138893,0.400456,0.191979,1.43991,0.409125,0.22699,0,1.07787,0.586029,0.217088,2.08246,0.102374,0.298931,0.835298,0.682136,1.72765,0.0963185,1.38449,0
,226.115918367,0.709323,0.0513377,0.727678,1.05028,0,0,0.524544,0.579102,0.920784,0.149421,0.527663,0.0481643,1.24339,0.294449,0.219756,2.32555,0.0378121,0.0028536,0.983083,1.26273,1.08387,0.0351775,1.50872,0.0123449
,226.162358276,0.455391,0,0.63367,1.326,0,0,0.33743,0.924138,0.494084,0.0165613,0.537395,0.351809,1.83145,0.088539,0.191366,2.75748,0.042522,0,0.700088,1.52424,0.806312,0.00389895,1.70617,0.0901711
,226.208798185,0.442014,0.00456379,0.455342,1.76075,0.010675,0,0.189587,0.892113,0.426252,0.0208475,0.447065,0.463415,2.04221,0.0246868,0.137511,3.21746,0.0235619,0.187638,0.440439,1.30936,0.489887,0.00490802,1.98317,0.118777
,226.255238095,0.370255,0,0.214476,2.20092,0.0138895,0,0.123566,0.432797,0.67727,0.0462466,0.380947,0.223511,1.40211,0.0161813,0.064771,3.30467,0.012008,0.750302,0.205053,1.17928,0.678487,0.0108876,2.27509,0.0572912
,226.301678004,0.0448685,0,0,2.26293,0.0184915,0,0.108992,0.281533,1.31392,0.343445,0.188394,0,0.838084,0.0715026,0,3.16714,0.0127056,0.820922,0.0233458,1.33422,0.833406,0.0808557,2.6617,1.15697e-05
,226.348117913,0,0.0610956,0.253078,1.89839,0.190529,0,0.014506,0.492405,0.578546,0,0.10102,0,0.560567,0.0766774,0.15755,3.04826,0.0809539,0.755091,0.0405169,1.67608,0.667963,0,2.90055,0
,226.394557823,0,0.0598089,0.391346,1.30598,0.554158,0,0.154307,1.20902,0.072722,0,0.108282,0,0.349347,0.0564897,0.438352,2.86399,0.291933,0.560082,0.0628221,2.12101,0.413132,0,2.94785,0
,226.440997732,0,0.00567751,0.727992,1.17463,0.416125,0,0.0482976,1.37838,0.0383736,0.402076,0.213186,0.198589,0.340761,0.0119302,0.707042,2.84513,0.164843,0.669162,0.0196631,2.296,0.218907,0.0946589,2.63495,0.339418
,226.487437641,0.0332897,0,0.431871,1.16559,0.416617,0,0.135288,1.08991,0.00913709,0,0.0607945,0.248524,0.37218,0.028711,0.364224,3.06084,0.156915,0.758314,0.0289781,2.1959,0.05737,0,2.54034,0.229062
,226.533877551,0.0524104,0,0.362097,1.2756,0.268853,0,0.0656939,1.22405,0.206911,0,0.0499558,0.315468,0.286495,0.0733473,0.230955,3.38307,0.105893,0.634363,0.0140714,2.37637,0.047001,0,2.5363,0.25253
,226.580317460,0.037788,0,0.280456,1.4402,0.184462,0,0.0562542,1.27571,0.207824,0,0.0487342,0.290257,0.218014,0.100543,0.137461,3.57732,0.072786,0.332378,0.0120494,2.6661,0.0472086,0,2.45808,0.303901
,226.626757369,0,0.0812894,0.494685,1.54415,0.070971,0,0.0855235,1.10645,0.223537,0.0807992,0.0165625,0.158818,0.0200515,0.0811722,0.258482,3.43223,0.0245732,0.857757,0.0183188,2.43515,0.0579951,0.725459,2.23872,0.0407062
,226.673197278,0,0.425689,0.709959,1.93557,0,0,0,0.848444,0.0527534,0.084798,0,0.393017,0,0.402065,0.435395,3.30936,0,1.11711,0,2.02983,0.310385,0.761363,2.24676,0.100733
,226.719637188,0.250823,0.289704,0.204795,2.09891,0,0,0,0.689653,0.224795,0.0990332,0.0858913,0.255619,0.202974,0.273627,0.266156,3.44407,0,1.10406,0,1.74619,0.49629,0.889174,2.20971,0.065517
,226.766077097,0.517094,0.113534,0.116237,1.80248,0,0,0,0.411068,0.765593,0.294293,0,0.0731325,0.41845,0.107234,0.239165,3.41406,0,0.98205,0,1.69448,0.433905,0.884952,2.11442,0.0187444
,226.812517006,0.633118,0,0.12616,1.782,0,0,0,0.131456,1.14372,0.307662,0,0,0.496289,0,0.255543,3.39717,0,0.922247,0,1.72993,0.344523,0.90951,1.92061,0
,226.858956916,0.404472,0,0.0830938,1.80231,0.0614768,0,0,0.152391,0.935665,0.302316,0,0,0.327313,0,0.262689,3.39401,0.0212859,1.00859,0,1.76549,0.347559,0.884353,1.77158,0
,226.905396825,0.170504,0,0.0812473,1.91453,0,0,0,0.124853,0.898315,0.396718,0,0,0.137978,0,0.254845,3.47288,0,1.04393,0,1.95194,0.395701,0.788403,1.90603,0
,226.951836734,0.175965,0,0.352399,1.83744,0,0.0731948,0,0.0479955,0.765036,1.1213,0,0,0.142397,0,1.54016,2.83436,0,0.981676,0.00185446,2.23986,0.336688,0.491773,2.24779,0
,226.998276643,0.253584,0,0.342486,1.78796,0,0.225046,0,0,0.377162,1.38863,0,0,0.205209,0,2.26848,2.12749,0,0.776285,0.107914,2.2528,0.196645,0.489327,2.45414,0
,227.044716553,0.346062,0,0.403572,1.61764,0,0.298461,0,0,0.229965,1.60921,0,0,0.280045,0,2.38737,1.83711,0,0.772791,0.197326,2.16794,0.0804302,0.610353,2.44589,0
,227.091156462,0.481553,0,0.63891,1.40809,0,0.252149,0,0.0559021,0.306558,1.69148,0.0535944,0,0.359058,0,2.12881,1.97347,0,0.713389,0.240195,1.8758,0.0982053,0.687433,2.65929,0
,227.137596371,0.374418,0,0.896088,1.29788,0,0.260087,0,0.38821,0.371848,1.63151,0,0,0.302992,0,1.93756,1.75948,0,0.698753,0.217351,1.88805,0.112267,0.698109,2.78512,0
,227.184036281,0,0.0311113,0.537021,1.36815,0.0517831,0.298604,0,0.681524,0.462575,0.931708,0.28302,0.0851609,0,0.0293848,1.57349,1.27302,0.0179295,0.832814,0.10704,2.27938,0.132829,0.511821,2.90567,0.171863
,227.230476190,0,0,0.550634,1.40209,0,0.313113,0.341373,0.646662,0.319155,0.250264,0.811805,0.636984,0,0,1.57315,0.912912,0,1.1295,0.212218,2.20087,0.100865,0.117228,2.85103,0.406185
,227.276916099,0,0,1.02516,0.753929,0,0.614279,0.722156,0.256079,0.0138397,0.250379,0.897752,0.770856,0,0,1.87998,1.07078,0,1.62801,0.39428,1.84639,0.032851,0.0589456,2.82612,0.441257
,227.323356009,0.000953153,0.14333,1.252,0.419768,0,0.517506,0.964208,0.0799809,0,0,0.988023,0.826902,0.186064,0.0407701,2.1221,1.20767,0,1.89766,0.460858,1.2662,0.0296031,0,2.81917,0.321518
,227.369795918,0.00256046,0.0830243,1.21772,0.225513,0,0.403679,0.86654,0.144953,0,0,1.01023,0.63847,0.499824,0.0236162,2.16139,1.06522,0,2.20043,0.352789,1.08162,0.0271481,0,3.05833,0.163645
,227.416235827,0.00169965,0,0.712128,0.0645238,0.032945,0.516622,0.619063,0.572009,0,0,1.76636,0.352996,0.331787,0,2.00036,0.675351,0.011407,2.28502,0.252035,1.25037,0.0485784,0,3.68456,0.0904754
,227.462675736,0,0,0.353527,0.057958,0.130722,0.407887,0.124229,0.684443,0,0.0453746,2.22223,0.317183,0.116278,0,2.08721,0.249993,0.176185,2.24416,0.0505767,1.27813,0.197406,0.011603,3.9491,0.0812963
,227.509115646,0,0,0.237359,0.71866,0,0.736106,0,0.63332,0,0.0130424,2.20794,0.293395,0,0,2.4004,0.273389,0,2.47033,0,0.831635,0.518669,0.00307051,3.56902,0.0751994
,227.555555555,0,0,0.268018,0.839399,0,0.524927,0,0.446346,0.03909,0.0381844,2.14535,0.259117,0,0,2.68947,0.524191,0,2.47219,0.00229197,0.380402,1.19593,0.00898957,3.00104,0.0664135
,227.601995464,0,0,0.11493,0.731306,0,0.518629,0,0.221091,0.0475741,0.104021,2.03996,0.214501,0,0,2.84559,0.550373,0,2.35556,0.00836429,0.10374,1.56778,0.0659411,2.45452,0.0549782
,227.648435374,0,0.0210808,0,0.473494,0.393587,1.08205,0,0.0945253,0.0363582,0.0837267,2.08398,0.160186,0,0.0199108,2.7817,0.435825,0.136277,2.43523,0.0214485,0.0456948,1.56401,0.07643,2.78062,0.0410568
,227.694875283,0,0.0358157,0,0.39575,0.319893,1.45306,0,0,0.0380566,0.0533409,2.1184,0.200172,0,0.033828,2.57221,0.436647,0.110761,2.63227,0.0431565,0,1.56837,0.0407241,2.89918,0.0513054
,227.741315192,0,0,0,0.384753,0.529761,1.06944,0,0,0.0614199,0.0318883,2.13644,0.221246,0.0370339,0,2.16492,0.581808,0.183426,2.55896,0.0717761,0,1.38936,0.00750731,3.10013,0.0567227
,227.787755102,0,0,0.213192,0.33689,1.13738,0.0150127,0,0,0.201318,0.0668298,2.25465,0.154528,0.11167,0,1.92643,0.708152,0.393809,2.06197,0.00825499,0.0180902,1.22657,0.221409,3.26298,0.0520599
,227.834195011,0,0,0.391158,0.229484,0.968952,0,0,0,0.212537,0.20834,2.06333,0.10309,0,0.0352331,2.11817,0.54559,0.335493,2.02838,0,0.0403105,1.20891,0.36565,3.19975,0.064881
,227.880634920,0.347545,0,0.335078,0.127544,0.672191,0.0346139,0,0,0.208747,0.64494,1.54219,0.116931,0.281245,0.0363901,2.3752,0.194878,0.232742,2.31945,0,0.0469058,1.19796,0.391864,3.05231,0.0825908
,227.927074829,0.446325,0,0.0336231,0.1209,0.247471,0.676187,0,0.011052,0.332497,1.06342,1.06028,0.198132,0.361181,0,2.53542,0.175439,0.0856852,2.70636,0,0.0525675,1.23388,0.522455,2.91111,0.102518
,227.973514739,0.226574,0,0,0.435878,0.163271,0.837411,0,0,0.221425,0.878793,1.3935,0.281686,0.183352,0,2.52092,0.248941,0.0565315,2.77223,0,0.0632233,1.24362,0.697551,2.82577,0.10176
,228.019954648,0,0,0,0.341941,0.274056,0.652075,0,0,0.1546,0.629688,1.75955,0.333043,0,0,2.32562,0.116562,0.09489,2.51894,0,0.116939,0.920223,0.970071,2.88767,0.0884803
,228.066394557,0,0.0721493,0.221983,0.154657,0.610854,0.40042,0,0,0.053547,0.403915,1.81819,0.329394,0,0.0681452,2.50084,0.186702,0.211504,2.34472,0,0.135969,0.327997,0.793738,2.89838,0.0936191
,228.112834467,0,0.0961876,0.200582,0,0.498626,0.64653,0,0.0325917,0.0615002,0.133803,1.78038,0.297123,0,0.105858,1.99127,1.3445,0.172646,2.26111,0,0.388024,0.34696,0.435033,2.54731,0.100519
,228.159274376,0,0.159277,0.181426,0,0.189959,1.17969,0,0.067715,0.0980523,0.0601965,1.44411,0.370418,0,0.208973,1.64298,1.89357,0.065772,2.0977,0,0.567921,0.551274,0.146515,2.45735,0.119803
,228.205714285,0.652503,0.216973,0.078098,0.0249428,0.0326016,1.03229,0,0,0.144075,0.0554694,1.19207,0.6179,0.607242,0.204932,1.43352,1.79034,0.0112881,1.94677,0.0794969,0.274298,1.08943,0.163026,1.50925,0.292288
,228.252154195,0.728708,0.126186,0.0121599,0.093025,0.527681,0.545271,0,0,0.0639844,0.174662,1.23036,0.238597,0.702102,0.119183,1.10646,1.52043,0.182706,1.95504,0.0904662,0.0180608,0.983887,0.630826,0.456371,0.0754045
,228.298594104,0.340278,0,0,0.427272,0.853561,0.120295,0,0,0.052075,0.188817,1.91138,0.245141,0.428748,0,0.829748,1.51104,0.295539,1.46302,0.0933124,0,0.995811,0.824844,0.714288,0.0628314
,228.345034013,0,0,0,0.745045,0.388118,0.427983,0.936123,0,0.0663423,0.0158536,2.19722,0.366591,0.176549,0,0.788886,1.71586,0.134383,1.35059,0.654901,0,1.03895,0.645506,0.902834,0.09396
,228.391473922,0,0,0,1.1311,0.00201817,0.560487,1.18462,0,0.00710775,0,2.18652,0.525501,0.172319,0,1.20425,1.58478,0.000698779,1.38563,0.758777,0,1.06573,0.317,0.92796,0.13469
,228.437913832,0,0,0,1.27846,0,0.51482,1.29261,0,0,0,2.09145,0.671983,0.140656,0,1.98566,1.39437,0.00645467,1.37786,0.765705,0,1.11292,0,0.941348,0.172234
,228.484353741,0.360433,0,0.257768,1.53358,0,0.560274,0.979739,0.0390881,0,0,1.58083,0.713185,0.395133,0,2.44672,1.12927,0,1.09529,0.818696,0.00860414,1.72716,0,1.21342,0.182794
,228.530793650,0.489195,0,0.81846,1.28048,0.0373352,0.155592,0.330586,0.27972,0,0,1.29782,0.426849,0.519435,0,2.43238,0.874791,0.0624475,0.540308,0.604254,0.509859,1.8407,0,1.55637,0.109404
,228.577233560,0.87613,0,0.929433,0.957432,0,0.256535,0.27167,0.224735,0,0,1.62004,0,0.912479,0,2.03218,0.528047,0,0.401992,0.375558,0.481516,1.82215,0,1.31993,0.0133231
,228.623673469,0.867692,0,0.697839,0.4289,0,0.672147,0.228375,0.273345,0,0.143234,1.89732,0,0.955573,0,1.3812,0.138282,0,0.68989,0.0886277,0.790737,1.64543,0.0337208,1.19494,0.0280552
,228.670113378,0.347512,0,0.338307,0.0473699,0.125498,0.640654,0.95044,0.412886,0,0.15075,1.93573,0,0.813897,0,1.11768,0.0158238,0.0791543,0.825873,0.813375,1.20969,1.28461,0.0969141,1.31274,0.0304731
,228.716553287,0.00175028,0,0.395979,0,0.688624,0.103917,0.626528,0.983476,0,0.143099,1.75763,0.0379378,0.664047,0,1.17916,0.0609943,0.471354,0.386586,2.12421,1.4598,0.279595,0.194557,1.66261,0.0654256
,228.762993197,0,0,0.19163,0.0786535,0.787833,0,0.04432,1.859,0,0.140761,1.51784,0.186306,0.304217,0,1.29382,0.257261,0.586372,0.208693,2.37907,1.55848,0.0103307,0.231885,1.92119,0.208668
,228.809433106,0.0489879,0,0.222297,0.204859,0.268837,0,0,2.19821,0.00913968,0.109057,0.899121,0.318047,0.0431403,0,1.62041,0.491991,0.449661,0.300876,2.40019,1.54015,0.0133487,0.0989103,1.86651,0.448603
,228.855873015,0.344278,0,0.177204,0.364705,0.167011,0,0.0137382,2.26085,0,0.0741637,0.723169,0.302909,0.311631,0.0924048,1.4236,0.796694,0.279345,0.109473,1.98552,1.68851,0.106356,0.01746,1.8132,0.488932
,228.902312925,0.131997,0,0.18349,0.283467,0.112049,0,0.203012,2.20916,0,0.0565531,0.755742,0.242488,0.55759,0.17002,0.690303,1.22793,0.187416,0.118382,0.617662,2.43514,0.147226,0.013314,1.86048,0.43656
,228.948752834,0.00240269,0,0.315738,0.202084,0.0189508,0,0.771489,1.66771,0.00513936,0.395152,0.796011,0.169482,0.74404,0,0.353663,1.32773,0.0316974,0.933283,0.843566,2.05847,0.327326,0.594171,1.77261,0.346621
,228.995192743,0.00256927,0,0.0519366,0.580465,0,0,0.916844,0.420368,0.088949,1.00115,0.940275,0.216909,0.768039,0,0.058175,1.73198,0,1.31202,1.01083,0.97905,0.724516,0.83744,1.75867,0.246761
,229.041632653,0.000996215,0,0,0.991203,0.0164779,0.0245886,0.486991,0.00674269,0.156458,0.821837,1.24332,0.483355,0.264988,0,0,1.94474,0.0275612,1.15689,0.813951,0.355186,1.06106,0.825226,2.11831,0.123887
,229.088072562,0,0,0,0.865498,0.131929,0.419834,0,0.185066,0.173572,0.392933,1.48909,0.682987,0.0111771,0,0.146753,1.99245,0.220667,1.23468,0.227238,0.132025,1.26058,0.765418,2.4763,0.175055
,229.134512471,0,0.0203474,0,0.625997,0.593942,0.373536,0,0.455366,0.164849,0.376412,1.49335,0.728343,0,0.0244293,0.496853,1.88702,0.348362,1.3812,0.0144895,0.218026,1.41664,0.786686,2.69056,0.18668
,229.180952380,0.0765031,0.298641,0,0.111424,0.689093,0.00605492,0,0.974965,0.567501,0.419244,1.10943,0.754911,0.0619089,0.192159,1.11997,1.29867,0.389882,1.54567,0.00498335,0.454412,1.47747,1.01324,2.91927,0.193489
,229.227392290,0.166776,0.360274,1.36495,0,0.328654,0,0,1.99154,0.219383,0.253604,0.657352,0,0.443438,0.34028,1.44626,1.70398,0.15878,1.74213,0,0.900624,1.49245,0.465971,2.5653,1.13419e-05
,229.273832199,0.460428,0.108586,0.864135,0.0885499,0,0,0,2.31592,0.143672,0.0245306,0.321493,0.72811,0.702572,0.0974331,1.5924,1.15953,0,1.87412,0,1.03338,1.8129,0.225066,2.51409,0.186631
,229.320272108,0.469303,0,0.854524,0.0994537,0,0,0,2.41138,0.0860315,0,0.163359,0.879759,0.661877,0,1.31972,1.0939,0,1.96429,0,1.07598,2.2029,0.00660099,2.2824,0.225509
,229.366712018,0.307361,0,0.961209,0.0369047,0,0,0,2.37434,0.0612611,0,0.148642,1.10927,0.505538,0.0538896,1.02494,1.24008,0,1.99393,0,1.16383,1.97573,0.0065531,2.15332,0.284341
,229.413151927,0.136145,0,1.24726,0,0,0,0.703475,1.77105,0.0279744,0.0834837,0.441148,1.31012,0.153174,0.0218751,1.36869,0.897803,0,1.7815,0.286402,0.898338,1.51754,0.439133,2.09182,0.442559
,229.459591836,0.526501,0.232241,0.294999,0,0,0.163837,1.2759,0.687266,0.174132,0.112369,0.732299,1.07007,0.314954,0.0676322,1.3271,1.46257,0,0.976549,0.545318,0.306664,2.03517,0.787543,1.57242,0.557502
,229.506031746,0.630918,0.620401,0.00151757,0,0,0.692211,0,0.241692,1.51952,0,0.0451801,0.839159,0.518525,0.203057,0.73377,1.64565,0.00915389,0.847098,0,0.107845,2.80777,0.417312,1.52857,0.48781
,229.552471655,0.726617,0.262189,0.278377,0.105917,0,0.174922,0,0.224069,1.70095,0.373907,0.0339304,0.57713,1.10229,0.0745793,0.385379,1.63501,0.00607545,1.07492,0.0588001,0.217763,3.00317,0.502458,1.06343,0.147948
,229.598911564,1.15904,0.287861,0.705954,0.385462,0,0.29414,0.00472704,0.282166,1.31682,0.157487,0.0201419,0.434598,1.95555,0.0818819,0.273204,1.63404,0,2.18143,0.0774118,0.550132,2.72428,0.381476,0.220809,0.111395
,229.645351473,1.14461,0.410424,1.08431,0.326794,0,0.345134,0,0.266503,1.02489,0.140012,0.0711647,0.504481,2.38952,0.116745,0.327456,1.31588,0,2.74239,0.0937642,0.624517,2.4869,0.371326,0.0178237,0.129323
,229.691791383,1.23387,0.67832,0.907092,0.364186,0,0.305137,0,0.172856,1.11275,0.136029,0.146333,0.360459,2.66565,0.192948,0.273938,1.29157,0,2.89736,0.0524747,0.562552,2.56002,0.340873,0.0361778,0.0924162
,229.738231292,0.899046,0.785987,0.636296,0.468132,0.0381905,0.116674,0,0.0629414,1.58592,0.0833213,0.0764003,0.374075,2.80324,0.223573,0.531687,1.35336,0.00784041,2.98325,0.019681,0.310965,2.94673,0.252127,0.0187611,0.0959083
,229.784671201,0.256272,0.770168,0.350356,0.485163,0.110516,0.0323247,0,0.0521001,1.78553,0.0228114,0.0179429,0.718819,2.74211,0.219074,0.392439,1.09667,0.0226887,2.90527,0,0.0240203,2.97621,0.168789,0.0952775,0.184268
,229.831111111,0.834133,0.647835,0,0.0348907,0.0765504,0.127531,0,0.101506,1.80013,0,0.0697619,0.794513,2.74207,0.184276,0.0127147,0.82816,0.026505,2.73422,0,0.0328493,3.00776,0.117138,0.255153,0.20366
,229.877551020,1.22807,0.445598,0,0,0.290009,0.197426,0,0.327535,1.97499,0,0.467668,0.677796,2.75232,0.12675,0,1.39948,0.105593,2.68513,0,0.15391,3.13193,0.0234094,0.29827,0.215261
,229.923990929,1.5874,0.314046,0,0,0.323882,0.335366,0,0.26459,1.9725,0,0.418859,0.641816,2.69133,0.0893301,0,2.09184,0.194041,2.1268,0.0190201,0.636773,2.7925,0.00478765,0.301385,0.356146
,229.970430839,2.0737,0,0,0.312713,0.320493,0.899714,0,0.210389,1.72423,0,0.0498773,0.204903,2.46175,0,0,2.63487,0.379165,1.60996,0.00481608,1.1694,2.42538,0,0.263266,0.291138
,230.016870748,2.14937,0,0,0.41086,0.36099,0.846522,0,0.21689,1.81168,0,0,0.00881135,2.71385,0,0,2.65321,0.243875,1.32658,0.00117045,1.22,2.49009,0,0.25731,0.207793
,230.063310657,2.09822,0.16943,0,0.277612,0.233158,0.992798,0,0.187331,1.97842,0,0,0.000968536,2.83583,0.411775,0,2.36971,0.0807293,1.38878,0.00521073,0.908051,2.77877,0,0.186829,0.135317
,230.109750566,1.86773,0.402306,0,0.0495878,0.0423376,1.23151,0,0.135778,1.85774,0,0,0.00573126,2.53727,0.76369,0,2.03018,0.0146591,1.66307,0.0052577,0.5444,2.98465,0,0,0.0204849
,230.156190476,0.699607,1.00425,0.187624,0,0,1.16739,0,0.0947609,1.45796,0.0883458,0,0.0372086,1.99344,0.786086,0.152095,2.09262,0,1.9276,0.022719,0.196636,2.81787,0.793217,0,0.026898
,230.202630385,0.139746,1.49104,0.329226,0.0860145,0,0.990472,0,0,1.35841,0.102564,0,0.157845,1.30254,0.690847,0.841061,1.96073,0,2.33244,0.0578651,0.0172139,2.51073,0.920875,0.71693,0.0993133
,230.249070294,0.0828617,1.79294,0.363926,0.106951,0.0809366,0.478647,0,0,1.40663,0.335271,0,0.0604393,1.11848,0.89664,2.04049,1.23621,0.135376,1.91901,0.0343218,0.00290698,1.75224,0.941015,2.04203,0.0424872
,230.295510204,0.0607311,1.99724,0.377646,0.0274609,0.244959,0.497965,0,0,1.35793,0.239554,0,0,0.90404,1.04947,2.27332,1.0133,0.409723,1.70474,0.0015978,0.0819614,1.05753,0.879163,2.657,0
,230.341950113,0.161603,2.24593,0.308091,0,0.239091,0.531542,0,0,1.46154,0.131998,0,0,0.830699,1.14143,2.09843,1.05131,0.399907,1.57272,0,0.143333,0.984493,0.681495,2.80267,7.3569e-05
,230.388390022,0.393994,2.06716,0.214009,0,0.202907,0.601143,0,0,1.70912,0.1267,0,0,0.619563,1.09107,1.83067,1.07373,0.119308,1.67154,0,0.0359578,1.4068,0.438405,2.65209,0.00012195
,230.434829931,0.642256,1.71581,0.238584,0,0.00827071,0.682914,0,0,1.85455,0.134711,0,0,0.276068,0.963296,1.6466,1.45597,0.00286368,1.68367,0.00326409,0,1.86513,0.369005,1.98624,5.68056e-05
,230.481269841,0.574292,1.07333,0.991276,0,0.112666,0.635095,0,0,1.90647,0.213726,0,0.0647837,0.364456,0.34415,1.78028,1.7053,0.0722526,1.27422,0.0852301,0,2.1195,0.233105,1.80644,0.0166045
,230.527709750,0.140412,0.229071,2.18481,0.118766,0.164811,0.527583,0.0892278,0.0189699,1.87216,0.184009,0.0151415,0.324686,0.247439,0.0763936,1.91141,2.03436,0.275666,1.11848,0.472518,0.0959229,1.88812,0.141833,1.92139,0.0832193
,230.574149659,0,0,2.38293,0.374145,0.100837,0.324535,0.138152,0.0148589,1.7316,0.42635,0.252252,0.121923,0.377903,0,1.60716,2.52002,0.168662,0.78804,0.728015,0.286517,1.60956,0.162319,2.0173,0.0312497
,230.620589569,0.161439,0.185419,1.98828,0.776661,0.148244,0.18884,0.0846343,0,1.73231,0.151044,0.421127,0,0.890884,0.0527424,0.981037,2.99512,0.247956,0.184578,0.576202,0.1186,1.487,0.271024,2.19771,0
,230.667029478,0.688252,0.771064,1.06951,1.06226,0.171101,0.309492,0,0.0175496,2.04203,0,0.107349,0.00800212,1.55917,0.219329,0.455373,2.99386,0.286185,0.145426,0.11038,0.289054,1.76351,0.0277717,2.20248,0.00562527
,230.713469387,0.987595,0.971563,0.0581688,0.665263,0.369406,0.00255472,0,0.0638614,1.8824,0,0.100651,0.122248,1.80469,0.27636,0.0175667,2.76419,0.617873,0.375582,0,0.585183,1.8632,0.00248964,2.15227,0.0313332
,230.759909297,0.490256,0.771087,0.455252,0.68954,0.471705,0,0.296377,0.074142,1.18357,0,0.168947,0.108949,1.63439,0.43704,0.137484,2.47002,0.78898,0.662954,0.120662,1.0239,1.54103,0.0120409,2.05684,0.0279244
,230.806349206,0.152608,0.597341,0.464851,1.31621,0.614218,0,0.38671,0.216271,0.708602,0,0.24304,0.139314,1.41697,0.496534,0.140383,2.25853,0.810655,1.1518,0.149436,1.20329,1.07011,0.0418764,1.88681,0.0357071
,230.852789115,0.275291,0.183261,0,1.89127,0.725873,0.0297788,0.246466,0.0680677,0.513014,0,0.508196,0.114449,1.2921,0.165444,0,2.53721,0.809156,1.67724,0.260176,1.02115,0.961392,0.0106115,1.71715,0.0293527
,230.899229024,0.404292,0,0,2.45292,0.359787,0.0415016,0.190908,0.0668047,0.254497,0,0.280953,0.121792,1.19289,0.0689043,0,2.73935,0.420164,1.88341,0.245975,0.81256,1.32281,0.010303,1.53759,0.0312686
,230.945668934,0.327264,0,0,2.58753,0.0662951,0.0236914,0.151839,0.184876,0.768543,0,0.0860287,0.0485964,1.04491,0.0784277,0,2.94216,0.0229542,1.88204,0.0895061,0.737253,1.54804,0.0132628,1.74378,0.0125705
,230.992108843,0.0833194,0,0.227516,2.21467,0,0,0.0759473,0.35572,0.493039,0.416327,0.076688,0.0203333,0.852413,0,0.193839,3.15575,0.00293799,1.65995,0.131447,0.854694,1.25483,0.111802,2.04086,0.00546888
,231.038548752,0.0838912,0,0.452015,2.39524,0.0464257,0,0.0666094,0.764886,0.145868,0,0.0626992,0.0488481,0.702197,0,0.32207,3.39352,0.0368652,1.26838,0.186065,1.38963,0.824428,0.00840468,1.96117,0.106956
,231.084988662,0.0396165,0,0.0997643,2.60293,0.110803,0,0.169339,1.60469,0.0296309,0,0.194174,0.0144952,0.379144,0,0.0316461,3.34903,0.0649204,0.724488,0.142329,1.86336,0.251933,0,2.12676,0.312169
,231.131428571,0.122596,0,0,2.63834,0.115283,0,0.103941,1.96598,0.0576343,0,0.0768646,0.119896,0.0833332,0,0,3.19856,0.0399158,0.66501,0.0580944,1.80403,0.147892,0,2.11015,0.466122
,231.177868480,0.0768216,0,0,2.59208,0.125701,0,0.0317675,2.13557,0.0134597,0,0.328646,0.106572,0.049902,0.101556,0,3.35862,0.0435231,0.654276,0.0221753,1.84423,0.453964,0,2.07267,0.465104
,231.224308390,0.178193,0,0,2.56,0.0952108,0,0.0993286,1.81398,0.0246142,0,0.0611885,0.220221,0.0479939,0.984709,0,3.43697,0.0329661,0.580262,0.0228387,1.54856,0.608917,0,1.91238,0.290585
,231.270748299,0.190755,0,0,2.47516,0.0131895,0,0.0913474,1.59865,0.127577,0,0.0726486,0.123298,0.0513772,1.51475,0,3.24853,0.00456677,0.602306,0.0195663,1.46082,0.657646,0,1.94854,0.0319005
,231.317188208,0.0853123,0,0,2.37388,0,0,0.0592156,1.226,0.403784,0.0619953,0.0306247,0.0905381,0.0480021,1.31595,0,2.64598,0,1.2391,0.0126838,1.07144,1.13131,0.556628,1.94418,0.0234746
,231.363628117,0.217635,0,0,2.19755,0,0,0.0164323,0.76506,0.594969,0.0770735,0,0,0.176117,0.474265,0.0700292,2.67163,0,1.68239,0.00351973,0.848192,1.38361,0.692008,2.17919,9.66583e-05
,231.410068027,0.44936,0,0,1.93161,0.00203745,0,0,0.527003,0.803948,0.176193,0,0,0.363637,0,0.16783,2.60553,0.000705452,1.65923,0,0.494589,1.10619,0.736255,2.54523,3.6401e-05
,231.456507936,0.562033,0.0561859,0.0844669,1.67869,0.264967,0,0.00195742,0.131946,1.52359,0.299201,0,0,0.454816,0.0530677,0.218588,2.39908,0.169718,1.5439,0.000419271,0.160104,0.903174,0.788224,2.72271,2.04689e-05
,231.502947845,0.702197,0,0.112829,1.86445,0.124924,0,0,0.109866,1.54999,0.457643,0,0,0.511346,0,0.254471,2.49492,0.0432541,1.52163,0,0.225224,0.667159,0.949756,2.61681,5.97678e-06
,231.549387755,0.34137,0,0.118736,1.92373,0.00723955,0,0,0.132007,1.07188,0.493969,0,0,0.342065,0,0.267222,2.53826,0.00250664,1.62297,0,0.59879,0.402872,0.927355,2.57913,0
,231.595827664,0,0,0.0761221,1.96443,0.000313682,0,0,0.397712,0.841657,0.159773,0,0,0.156449,0,0.254316,2.58591,0.00010861,1.70148,0,1.026,0.258571,0.673843,2.44015,0
,231.642267573,0,0.0303169,0.00612087,2.17517,0,0,0,0.730237,0.568879,0.483566,0.0485352,0,0.218462,0.134314,0.22327,2.79054,0,1.40788,0,1.45177,0.312745,0.450772,2.24647,0
,231.688707482,0.0751311,0.279653,0.05549,2.22659,0,0,0,0.509026,0.227873,1.21423,0.321401,0,0.336069,0.513478,0.213033,3.28936,0,0.707528,0,1.79992,0.122263,0.487057,2.17875,1.5997e-06
,231.735147392,0.208491,0.232115,0.221816,1.78364,0,0.140136,0,0,0.139524,1.51606,0.37133,0,0.322507,0.618222,0.236959,3.5782,0,0.488087,0,2.05327,0.0692113,0.773732,2.23142,0.00026439
,231.781587301,0.220928,0.207865,0.789769,1.37678,0,0.280687,0,0,0.146666,1.49404,0.274954,0,0.232063,0.504319,0.581299,3.67318,0,0.616358,0,2.50303,0.033316,0.616947,2.04674,0.000792591
,231.828027210,0,0,1.00316,1.34326,0,0.292663,0,0.24396,0.460032,1.17942,0.0233601,0,0,0.284273,0.819877,3.61181,0,0.621751,0,2.95102,0.129003,0.403427,1.68179,0.00101519
,231.874467120,0,0.505342,0.379204,1.3667,0.148144,0.0985818,0.065161,0.427213,0.441123,0.134572,0.267432,0.431986,0,0.487037,0.467451,3.41973,0.0512937,0.209433,0.0139572,3.05599,0.100204,0.0316817,1.86192,0.34911
,231.920907029,0,0.522769,0,1.26143,0.0975121,0.327095,0.0918446,0.452933,0.12524,0,1.13901,0.432193,0.0642412,0.446898,0.215294,3.09181,0.0337629,0.700668,0.0304956,2.69837,0.028449,0,2.47353,0.223666
,231.967346938,0.105685,0.354455,0,0.819692,0.386606,0.555379,0.115509,0.574601,0.136267,0,1.36933,0,0.379662,0.104693,0.228074,2.80056,0.13386,1.35072,0.193569,2.21449,0.0309539,0,2.8831,0.000899831
,232.013786848,0.423012,0.0635674,0,0.542799,0.602579,0.604264,0.114912,0.717525,0.301402,0,1.58504,0.018777,0.700431,0.0180817,0.238693,2.56947,0.208639,1.90878,0.0584136,1.38666,0.0684653,0,3.2682,0.00547619
,232.060226757,0.440808,0,0,0.510123,0.357832,0.694502,0.00648676,0.776696,0.232813,0.111282,1.68128,0.155621,0.77157,0,0.260652,2.26431,0.128627,2.43795,0.00264092,0.916717,0.175813,0.0268595,3.35024,0.0402926
,232.106666666,0.239964,0,0,0.596174,0,0.904007,0,0.831785,0,0.353198,1.91892,0.523635,0.475904,0,0.328207,2.03222,0.00632282,2.78337,0,0.741139,0.303296,0.0858278,3.23971,0.134485
,232.153106575,0,0,0,0.527979,0,0.949942,0,0.634565,0,0.261156,2.23654,0.435265,0.256351,0,0.782667,1.88425,0.00454816,2.60942,0,0.523301,0.287291,0.0641162,2.96439,0.111782
,232.199546485,0,0,0.485199,0.229527,0.33993,0.507356,0,0.749187,0,0.0630018,2.10913,0.202389,0.171947,0.342445,1.49549,1.13061,0.117991,2.47767,0,0.381693,0.157019,0.0176467,3.12411,0.0520892
,232.245986394,0,0,0.934442,0.0501752,0.197972,0,0.326117,1.35701,0,0.0148643,1.93901,0.222135,0.0742617,0.975271,1.83872,0.231862,0.0685463,1.9651,0.131551,1.13396,0.312111,0.00369443,3.11977,0.0571862
,232.292426303,0,0,1.00831,0.0817826,0.24674,0,0.461715,1.27213,0,0,1.77743,0.30088,0,1.23034,1.93553,0.110693,0.085432,1.76628,0.17761,1.33812,0.487686,0,2.77571,0.180518
,232.338866213,0,0,0.957389,0.0839342,0.399856,0,0.0945284,1.20203,0,0,1.84313,0.294118,0.291257,1.17345,1.83643,0.113605,0.179689,1.65847,0.0202476,1.46106,0.554403,0,2.8504,0.171198
,232.385306122,0,0,0.906384,0.032914,0.349003,0,0.0459075,1.42494,0,0,1.98156,0.332976,1.04168,0.628187,1.67537,0.0445493,0.231615,1.72299,0.00983322,1.63223,0.548977,0,2.8461,0.186437
,232.431746031,0,0,1.10592,0,0.147776,0,0.0231127,1.46649,0,0,2.02289,0.329254,1.46662,0.267907,1.70841,0,0.200966,1.94398,0.00495064,1.73101,0.344946,0,2.74193,0.158827
,232.478185941,0,0,1.58293,0,0,0,0.00847935,1.17842,0.00946822,0.150632,1.82449,0.157611,1.12427,0.0802813,1.96308,0,0.150823,2.1742,0.00181624,1.28901,0.213745,0.424641,3.09361,0.0404315
,232.524625850,0,0,1.61786,0.195778,0,0,0,0.269983,0.03955,0.225342,1.72673,0.115238,0.0453079,0,2.48144,0.264987,0.0783572,2.21316,0.0127887,0.346222,0.311155,0.509721,3.50052,0.0295904
,232.571065759,0,0,0.961012,0.464486,0,0,0,0.0716912,0.339437,0.210076,1.72109,0.155428,0,0,2.42271,0.628685,0.000812275,2.08929,0,0.0322716,0.186727,0.70804,3.49213,0.0398812
,232.617505668,0,0,0.488957,0.648794,0,0,0,0.0424141,0.462696,0.103861,1.67643,0.209435,0,0,2.28287,0.878146,0,2.22408,0,0.010783,0.207165,0.932516,3.39633,0.0536913
,232.663945578,0,0,0,0.664952,0,0,0,0.0880335,0.450791,0.276996,1.68181,0.172623,0,0,2.16377,0.900017,0,2.3024,0,0.0326691,0.180431,1.07659,3.38635,0.0442446
,232.710385487,0,0,0,0.615687,0,0,0,0.214741,0.298256,0.309798,1.64399,0.135818,0,0,2.14952,0.833335,0,2.25976,0,0.0933701,0.122184,1.00106,3.32642,0.0348112
,232.756825396,0,0.000793363,0.278228,0.457852,0.0910827,0,0,0.508333,0.238571,0.24275,1.76441,0.274524,0,0.000749334,2.00274,0.619705,0.0784669,2.22604,0,0.211891,0.102791,0.669998,3.31248,0.0703626
,232.803265306,0,0.0934398,0.346868,0.335731,0.532874,0,0.011781,0.818535,0.149173,0.251148,2.00317,0.335127,0,0.0882542,1.70466,0.810782,0.589587,2.16919,0.00252344,0.33939,0.242407,0.456152,3.34549,0.0858955
,232.849705215,0,0.103474,0.276395,0.237135,0.640489,0,0,0.5148,0.121092,0.555588,1.72296,0.277992,0.0781847,0.0977316,1.42853,1.31426,0.685628,1.92738,0,0.229708,0.852496,0.185219,3.46241,0.0712514
,232.896145124,0.220632,0.089067,0.191794,0.365027,0.374232,0,0,0,0.113811,0.990363,1.3121,0.145516,0.359685,0.329705,1.4403,1.33427,0.756273,1.48555,0,0.0367876,0.953836,0.485539,3.07885,0.0372969
,232.942585034,0.210161,0,0,0.418506,0.409542,0,0,0,0.296065,0.705278,1.61909,0.118868,0.170069,0.306224,1.66525,0.830797,1.22736,1.22167,0,0.0617331,0.502315,1.59927,1.93545,0.0304668
,232.989024943,0.168516,0,0.168646,0.319505,0.422931,0,0,0,0.173286,0.308683,1.89816,0.224435,0.136369,0.265751,1.90137,0.618491,1.03807,1.21403,0,0.0581993,0.26902,1.79215,1.74509,0.0575243
,233.035464852,0,0,1.1306,0.0925185,0.495054,0,0.63062,0.0155226,0,0.0699072,1.99894,0.3327,0.0834187,0.193867,2.14325,0.616492,0.684714,1.23929,0.264898,0.0596422,0.0237111,1.39105,1.82816,0.0852733
,233.081904761,0,0,1.28143,0.071898,0.386606,0,1.15243,0.0213505,0,0,1.0425,0.650135,0.159505,0.0895645,2.15247,0.617747,0.510616,1.48046,0.48968,0.127639,0.437426,1.17411,1.52852,0.166634
,233.128344671,0,0,1.25257,0.258229,0.0362167,0.163501,1.12533,0.0631706,0.0822828,0,0.386509,1.0063,0.157051,0.0262205,2.21916,0.617549,0.316041,1.62935,0.504,0.179203,1.44323,0.389273,0.918575,0.257921
,233.174784580,0.0932316,0,1.01414,0.450467,0,0.615012,0.995795,0.0463281,0.0148069,0,0.90744,0.857284,0.178851,0.0110405,1.82834,0.757195,0.110331,1.79168,0.4815,0.0780544,1.87372,0.0642134,1.32268,0.219728
,233.221224489,0.354335,0,0.994815,0.638761,0,1.14163,0.298728,0,0,0,2.05096,0.802734,0.285007,0,1.21756,1.27581,0.071433,1.58059,0.21295,0.00657899,0.965766,1.30103,1.84769,0.205746
,233.267664399,0.557959,0,0.502597,0.244232,0.259648,1.02331,0,0,0,0.064405,2.27178,0.368206,0.267137,0.206598,1.1632,0.641078,0.618557,1.34619,0,0.0530029,0.000542482,2.1927,1.90914,0.094374
,233.314104308,0.947025,0,0.523899,0.191638,0.313733,1.13937,0.0112817,0.0218735,0.147735,0.0628544,2.34162,0.103821,0.410463,0.376295,1.11765,0.333416,0.524755,1.65085,0.0315111,0.227729,0.130673,1.95188,1.85002,0.0266102
,233.360544217,1.2631,0.0481037,0.252544,0.504063,0,1.27396,0.0357264,0,0.0241588,0.0789016,2.14093,0.289406,0.557279,0.619951,1.21206,0.682252,0,1.47026,0.90913,0,0.152617,1.76975,1.45753,0.0741971
,233.406984126,0.823405,0.170044,1.43756,0.181883,0,0.727656,0.143771,0,0.01021,0.0998213,1.66062,0.463541,0.461048,0.910995,1.86342,0.24618,0,0.666588,1.6996,0,0.0713471,1.41699,1.80725,0.118838
,233.453424036,0.419411,0.588764,2.13149,0.196248,0,0,0.234274,0,0,0.276727,1.26538,0.355507,0.318484,1.06312,1.61338,0.294357,0,0.249627,1.8488,0.226418,0.00804999,0.845963,2.20914,0.0911227
,233.499863945,0,0.404656,2.47463,0.17042,0,0,0.216031,0,0,0.316532,1.30175,0.09025,0.0526763,0.828476,1.11626,0.951021,0,0.156634,1.82083,0.48881,0.00710401,0.598756,2.48692,0.0231317
,233.546303854,0.000563739,0.255123,2.59605,0.146149,0,0,0.17541,0,0,0.05174,1.14615,0,0.110047,0.669515,0.9717,1.71839,0,0,1.2551,0.972241,0,0.466123,2.36087,0.00178758
,233.592743764,0.00111261,0.316696,2.45959,0,0.00950361,0,0,0,0,0.33641,1.16947,0,0.217192,0.442749,0.748081,2.26802,0.0158959,0,0.0476105,1.6864,0,0.515299,1.63224,0
,233.639183673,0,0.36617,2.23323,0.338731,0,0,0,0,0.0808571,0.25341,1.20462,4.59347e-05,0,0.569715,0.674426,2.28027,0,0,0.0166986,1.91236,0.45413,0.293337,1.03762,0.00183268
,233.685623582,0,0.0688559,1.47618,1.19553,0.455375,0,0,0,0.150255,0.188019,1.20477,0,0,0.37247,0.819549,2.05979,0.157671,0.13183,0.00241787,1.90446,0.847382,0.419987,1.624,0
,233.732063492,0,0,0.653051,1.89779,0.463472,0,0,0,0.170574,0.0980732,1.07223,0,0,0.222822,1.41057,1.52498,0.190791,0.568994,0,1.86532,0.974307,0.880555,2.08931,0
,233.778503401,0,0,0.520051,1.93726,0.335118,0,0,0.128686,0.164415,0.127491,0.939127,0,0,0.130004,1.74983,1.25089,0.126285,0.933584,0,1.82592,0.935071,1.14469,2.36468,0.000113387
,233.824943310,0,0,0.785065,1.8788,0.266507,0,0,0.444199,0.170146,0.1364,0.804975,0,0.199439,0.0283037,1.57412,1.03933,0.150684,0.686996,0,2.11942,0.965911,1.22467,2.08315,0.179453
,233.871383219,0.0561983,0.229296,0.991,1.64344,0.291084,0,0,0.617715,0.0818956,0.0994379,0.683274,0,0.725527,0.0652232,1.18446,0.630699,0.306461,0.447099,0,1.91407,0.463552,0.892808,1.32622,0.937825
,233.917823129,0.0659067,1.18981,0.772537,0.719764,0.232462,0.0148354,0,0.712425,0,0.0781581,0.824291,0.0355934,0.965335,0.586633,0.820935,0.31908,0.394646,0.595896,0,1.43078,0,0.701746,1.29105,0.96507
,233.964263038,0.0767791,0.790938,0.243055,0.885287,0.115274,0.911063,0.218185,0.621777,0,0.212928,0.596498,0.0689564,0.417018,0.747044,0.333222,0.412193,0.0458877,2.00732,0.0978848,0.962783,0.114407,0.829778,0.982084,0.95875
,234.010702947,0.647162,0.34556,0.407069,0.152761,0.346951,2.18131,0.274382,0.0766798,0.0129429,0.312601,0.0269527,0.530739,0.523706,0.410794,0.525599,0.623682,0.340081,1.83317,0.160783,0.203412,0.351813,0.576606,1.74231,0.550172
,234.057142857,0.64332,0,0.332538,0,0.134262,2.60231,0.162173,0,0.0262072,0.207566,0.344832,0.785079,0.520596,0.437951,0.420593,0.398964,0.535729,1.72707,0.0872967,0.0551769,0.510439,0.207992,1.69323,0.551889
,234.103582766,0.495966,0.109669,0.0680831,0,0.199927,2.67369,0.0386817,0,0.0108485,0.0457916,0.18656,0.920072,0.401352,0.690557,0.192152,0.571811,0.523289,1.85538,0.0157483,0.0505795,0.456637,0.411142,0.688888,0.646786
,234.150022675,0.37118,0.870929,0.0350773,0,0.360571,2.4975,0,0,0.0563982,0.0148317,0.170473,0.884935,0.35647,1.20656,0.0507012,1.35927,0.609359,1.5976,0,0.0419729,1.06278,0.133167,0.632985,0.622085
,234.196462585,0.501193,0.767431,0,0.176641,0.97603,0.958706,0.409941,0,0.53681,0.623213,0.0232859,0.369348,0.456221,1.19892,0.0471307,2.11955,0.464666,1.16229,0.166897,0.0636289,1.84422,0.342354,0.710787,0.259759
,234.242902494,0.0654777,0.577605,0.0757334,1.08963,0.751937,0.0651556,0.042681,0.020766,0.726927,0.928378,0.108279,0.109984,0.410964,1.05402,0.177227,2.39505,0.262378,0.719002,0.0173765,0.141356,2.22068,0.509992,0.798263,0.0283767
,234.289342403,0.0184459,0.742726,0.279893,1.27075,0.455742,0.389206,0,0.245083,0.617554,0.771994,0.0750003,0.0607797,1.37126,0.558541,0.151481,2.62047,0.157798,0.753718,0.0034563,0.373544,2.47507,0.424085,0.777571,0.0157225
,234.335782312,0.108864,0.710801,0.910833,0.960342,0.273259,0.519341,0,0.185335,0.668325,0.344492,0,0.0839265,2.15011,0.209393,0.336011,2.47659,0.094614,1.04485,0.015036,0.338845,2.81263,0.189242,0.637456,0.0216042
,234.382222222,0.502496,0.251778,1.40545,0.649854,0,0.480999,0,0.0677167,1.05205,0.0797908,0,0.301042,2.50652,0.071618,0.495704,2.09016,0.0122424,1.37381,0.00191722,0.191594,3.41133,0.0187848,0.509783,0.0771818
,234.428662131,0.522784,0,1.5018,0.454585,0,0.314059,0,0.0318445,1.966,0.226564,0,0.589933,2.60177,0,0.544012,1.75091,0.0273615,1.54209,0,0.211217,3.70913,0.0533389,0.554341,0.151204
,234.475102040,0.323015,0.263211,0.897269,0.0826747,0,0.0227314,0.0176345,0,2.28627,0.268566,0,0.685478,2.83128,0.248603,0.271946,1.5272,0.0243015,1.28052,0.00390228,0.318634,3.5963,0.0632273,0.571628,0.175693
,234.521541950,0.138207,0.258025,0.282587,0.116337,0,0.0178667,0,0.0254482,2.34717,0.391063,0.0399242,0.541322,3.03204,0.0918589,0.0853401,1.31915,0,1.00824,0.0235472,0.455272,3.5513,0.0920662,0.522805,0.138878
,234.567981859,1.05175,0.0665245,0.301853,0.0855541,0,0.00537314,0,0,2.27858,0.0458114,0.366705,0.44246,3.12031,0.276658,0.338109,1.0499,0.135659,0.60722,0.144101,0.560452,3.46313,0.0144334,0.17088,0.1136
,234.614421768,1.59437,0.0267426,0,0.478926,0.251795,0.307331,0,0,2.30435,0.0449002,0.0177763,0.195436,2.9639,0.623127,0.706669,0.994287,0.425881,0.555088,0.303531,0.517341,3.28191,0.0246653,0.0131958,0.0501222
,234.660861678,1.7417,0.108151,0,0.505292,0.40781,0.31691,0,0,2.22214,0.0139885,0,0.0154282,2.65742,0.725417,1.03804,1.05065,0.521375,0.72926,0.453257,0.212606,3.06625,0.124687,0,0.00395436
,234.707301587,1.84826,0.197654,0,0.421145,0.263476,0.354732,0,0.0657218,2.15101,0.0320079,0,0.0117507,2.451,0.66019,1.09917,0.851277,0.488265,0.811989,0.509558,0.0339139,2.90177,0.193834,0.0168151,0.0030118
,234.753741496,1.87554,0.2715,0,0.222619,0.240029,0.531135,0,0.00806681,2.18646,0.0602656,0,0.0228615,2.44733,0.700098,0.893312,0.36275,0.50632,0.955425,0.485133,0.00359948,2.87251,0.154678,0,0.00585956
,234.800181405,1.41542,0.457271,0,0,0.281994,0.906051,0,0,2.24561,0.0524418,0,0.0284328,2.22343,0.778933,0.574793,0.255782,0.584579,1.20307,0.42735,0.0203836,2.91646,0.108399,0,0.00728754
,234.846621315,0.666674,1.34968,0,0,0.272842,1.04096,0,0,2.06368,0.297541,0,0.112115,1.79688,0.981504,0.520338,0.793,0.276529,1.62893,0.269742,0.0491206,2.66545,0.443129,0.377742,0.0287358
,234.893061224,0.0792206,1.95566,0.244087,0.149986,0.148839,0.838813,0,0,1.86153,0.0717698,0,0.162671,1.34497,1.00918,0.647112,0.937371,0.0515345,1.76605,0.0894649,0.0621491,2.24571,0.644389,1.14812,0.0416938
,234.939501133,0.00954994,2.25487,0.325418,0.189229,0.295407,0.675844,0,0,1.57101,0.232957,0.0188231,0,1.30715,1.25057,0.247166,1.03813,0.327555,1.73069,0.0393954,0.269918,1.8881,0.845655,1.67003,0
,234.985941043,0.0571591,2.23849,0.318443,0.258112,0.230598,0.495875,0,0,1.2696,0.227706,0.0380374,0,1.52283,1.42266,0.0961686,1.26117,0.385701,2.01465,0.00101645,0.288991,1.9036,0.966889,1.62528,0
,235.032380952,0.055539,2.32215,0.25799,0.13186,0.160125,0.356876,0,0,1.38564,0.17924,0.0388744,0,1.59289,1.4772,0.077912,1.14762,0.267827,2.10754,0.00546762,0.394827,2.09622,0.861632,1.39182,0
,235.078820861,0.264329,2.20549,0.142496,0,0.0213357,0.157557,0,0,1.6831,0.0726316,0,0,1.56694,1.44701,0.0430332,0.833546,0.0356864,2.15945,0.0043816,0.557847,2.2646,0.336731,0.833296,0
,235.125260770,0.504306,1.69512,0.821321,0.0904635,0,0,0,0,1.82319,0,0,0,1.66162,1.24601,0.604084,0.921245,0,1.65127,0.0267232,0.601424,2.619,0,0.607894,0
,235.171700680,0.417974,0.998069,1.79785,0.204731,0.0728231,0,0.0460221,0,1.92092,0,0,0,1.76853,0.2839,1.67395,1.15761,0.121805,0.446624,0.583148,0.465956,3.31081,0,0.517562,0
,235.218140589,0.0392738,0.824019,2.15309,0.148668,0,0,0.117313,0,1.87382,0.515179,0.0262106,0,1.81467,0.234392,1.71463,1.20828,0,0.345346,0.682496,0.298799,3.41998,0.121286,0.541778,0
,235.264580498,0,0.730529,1.81561,0.268401,0,0,0.121325,0.0512299,1.62514,0.52452,0.235876,0,2.14467,0.209646,1.68822,1.41727,0,0.59357,0.532176,0.217914,3.16426,0.123485,0.130464,7.74322e-05
,235.311020408,0,0.75491,1.7596,0,0.118135,0.172538,0.0669714,0,1.75231,0.441963,0.0328402,0,2.16214,0.214733,1.65621,1.31501,0.0242529,0.696691,0.246706,0.350424,3.06009,0.104049,0.00804852,0.163255
,235.357460317,0.0036189,0.430966,1.77776,0.185597,0.0877781,0.188745,0.00873095,0.0422335,1.93431,0.0861059,0,0,2.00279,0.122588,1.07226,1.48503,0.0180206,0.627931,0.00914389,0.622555,3.35925,0.0202715,0,0.341758
,235.403900226,0.00279555,0.457942,1.06888,0.267902,0.964736,0.227559,0.0908991,0.0761178,2.04261,0.351153,0.178526,0,1.91514,0.130261,0.475207,1.74791,0.640043,0.449294,0.02585,0.935357,3.04329,0.0826702,0.628338,0.299428
,235.450340136,0.00189176,0.440185,0.841205,0,0.926382,0.0896149,0.15352,0.0444407,1.73122,0.105416,0.371639,0,1.60546,0.163026,0.474373,2.32101,0.773591,0.37191,0.0328835,1.47539,1.83514,0.0248176,1.73479,0.000112266
,235.496780045,0.00111265,0.591872,0.713164,0,0.783014,0.0530903,0.16025,0.0546234,1.42211,0.0619571,0.372113,0,1.01906,0.196647,0.431166,2.66513,0.817869,0.391788,0.034325,1.61608,1.21074,0.0145863,2.57073,0
,235.543219954,0.17076,0.66372,0.665825,0.26267,0.781665,0.097207,0.078603,0.156122,1.17109,0,0.845253,0.0218403,0.523656,0.205986,0.361405,2.76008,0.896217,0.425638,0.0252713,1.62811,0.875744,0,3.03672,0.00559782
,235.589659863,0.461653,0.102278,0.714028,0.412351,0.749808,0.111692,0.0450849,0,1.23012,0,1.27223,0.305415,0.531501,0.0501334,0.327683,2.57167,0.665738,0.463934,0.00965702,1.67571,0.634563,0,3.30755,0.07828
,235.636099773,0.346371,0,0.984615,1.43831,0.150919,0.166431,0.0775812,0,1.21748,0,0.544978,0.239699,0.348194,0.0202228,0.442175,2.82135,0.0522548,0.977601,0.0166176,1.64935,0.634786,0,2.89862,0.0614365
,235.682539682,0,0,0,0,0,0,0,0,0,0,0,0,0,0,0,0,0,0,0,0,0,0,0,0
,235.728979591,0,0,0.0297494,2.29098,0,0.149962,0.22238,0.522717,0.78049,0,0.0679655,0,0.117763,0,0.153034,2.89181,0,1.71093,0.0476329,1.69657,0.299374,0,2.87148,0
,235.775419501,0,0,0,2.57703,0,0.0943174,0.222765,1.65892,0.0420236,0,0.0676138,0,0.0899238,0.0136308,0.0546693,3.09264,0,1.60069,0.0477155,1.83302,0.00954592,0,2.77456,0
,235.821859410,0,0,0,0,0,0,0,0,0,0,0,0,0,0,0,0,0,0,0,0,0,0,0,0
,235.868299319,0,0,0,0,0,0,0,0,0,0,0,0,0,0,0,0,0,0,0,0,0,0,0,0
,235.914739229,0,0,0,0,0,0,0,0,0,0,0,0,0,0,0,0,0,0,0,0,0,0,0,0
,235.961179138,0,0,0,0,0,0,0,0,0,0,0,0,0,0,0,0,0,0,0,0,0,0,0,0
,236.007619047,0,0,0,0,0,0,0,0,0,0,0,0,0,0,0,0,0,0,0,0,0,0,0,0
,236.054058956,0,0,0,0,0,0,0,0,0,0,0,0,0,0,0,0,0,0,0,0,0,0,0,0
,236.100498866,0.414803,0.000499796,0.00607251,1.68562,0,0.060278,0,0.981557,0.726306,0.519073,0,0,0.343379,9.91519e-05,2.34245,1.59709,0,0.422001,0.0784186,2.59898,0.336735,0.787325,1.65348,0.0124663
,236.146938775,0.323904,0,0.294292,1.75487,0,0.0624666,0,0.154098,1.21158,0.484214,0,0,0.262114,0,2.95336,0.929363,0,0.292455,0.0896993,2.42923,0.378057,0.784235,1.88913,0.00121436
,236.193378684,0,0,0,0,0,0,0,0,0,0,0,0,0,0,0,0,0,0,0,0,0,0,0,0
,236.239818594,0,0,0,0,0,0,0,0,0,0,0,0,0,0,0,0,0,0,0,0,0,0,0,0
,236.286258503,0,0,0,0,0,0,0,0,0,0,0,0,0,0,0,0,0,0,0,0,0,0,0,0
,236.332698412,0,0,0,0,0,0,0,0,0,0,0,0,0,0,0,0,0,0,0,0,0,0,0,0
,236.379138321,0,0,0,0,0,0,0,0,0,0,0,0,0,0,0,0,0,0,0,0,0,0,0,0
,236.425578231,0,0,0,0,0,0,0,0,0,0,0,0,0,0,0,0,0,0,0,0,0,0,0,0
,236.472018140,0,0,0,0,0,0,0,0,0,0,0,0,0,0,0,0,0,0,0,0,0,0,0,0
,236.518458049,0,0,0,0,0,0,0,0,0,0,0,0,0,0,0,0,0,0,0,0,0,0,0,0
,236.564897959,0,0,0,0,0,0,0,0,0,0,0,0,0,0,0,0,0,0,0,0,0,0,0,0
,236.611337868,0,0,0,0,0,0,0,0,0,0,0,0,0,0,0,0,0,0,0,0,0,0,0,0
,236.657777777,0,0,0,0,0,0,0,0,0,0,0,0,0,0,0,0,0,0,0,0,0,0,0,0
,236.704217687,0,0,0,0,0,0,0,0,0,0,0,0,0,0,0,0,0,0,0,0,0,0,0,0
,236.750657596,0,0,0,0,0,0,0,0,0,0,0,0,0,0,0,0,0,0,0,0,0,0,0,0
,236.797097505,0,0,0,0,0,0,0,0,0,0,0,0,0,0,0,0,0,0,0,0,0,0,0,0
,236.843537414,0,0,0,0,0,0,0,0,0,0,0,0,0,0,0,0,0,0,0,0,0,0,0,0
,236.889977324,0,0,0,0,0,0,0,0,0,0,0,0,0,0,0,0,0,0,0,0,0,0,0,0
,236.936417233,0,0,0,0,0,0,0,0,0,0,0,0,0,0,0,0,0,0,0,0,0,0,0,0
,236.982857142,0,0,0,0,0,0,0,0,0,0,0,0,0,0,0,0,0,0,0,0,0,0,0,0
,237.029297052,0,0,0,0,0,0,0,0,0,0,0,0,0,0,0,0,0,0,0,0,0,0,0,0
,237.075736961,0,0,0,0,0,0,0,0,0,0,0,0,0,0,0,0,0,0,0,0,0,0,0,0
,237.122176870,0,0,0,0,0,0,0,0,0,0,0,0,0,0,0,0,0,0,0,0,0,0,0,0
,237.168616780,0,0,0,0,0,0,0,0,0,0,0,0,0,0,0,0,0,0,0,0,0,0,0,0
,237.215056689,0,0,0,0,0,0,0,0,0,0,0,0,0,0,0,0,0,0,0,0,0,0,0,0
,237.261496598,0,0,0,0,0,0,0,0,0,0,0,0,0,0,0,0,0,0,0,0,0,0,0,0
,237.307936507,0,0,0,0,0,0,0,0,0,0,0,0,0,0,0,0,0,0,0,0,0,0,0,0
,237.354376417,0,0,0,0,0,0,0,0,0,0,0,0,0,0,0,0,0,0,0,0,0,0,0,0
,237.400816326,0,0,0,0,0,0,0,0,0,0,0,0,0,0,0,0,0,0,0,0,0,0,0,0
,237.447256235,0,0,0,0,0,0,0,0,0,0,0,0,0,0,0,0,0,0,0,0,0,0,0,0
,237.493696145,0,0,0,0,0,0,0,0,0,0,0,0,0,0,0,0,0,0,0,0,0,0,0,0
,237.540136054,0,0,0,0,0,0,0,0,0,0,0,0,0,0,0,0,0,0,0,0,0,0,0,0
,237.586575963,0,0,0,0,0,0,0,0,0,0,0,0,0,0,0,0,0,0,0,0,0,0,0,0
,237.633015873,0,0,0,0,0,0,0,0,0,0,0,0,0,0,0,0,0,0,0,0,0,0,0,0
,237.679455782,0,0,0,0,0,0,0,0,0,0,0,0,0,0,0,0,0,0,0,0,0,0,0,0
,237.725895691,0,0,0,0,0,0,0,0,0,0,0,0,0,0,0,0,0,0,0,0,0,0,0,0
,237.772335600,0,0,0,0,0,0,0,0,0,0,0,0,0,0,0,0,0,0,0,0,0,0,0,0
,237.818775510,0,0,0,0,0,0,0,0,0,0,0,0,0,0,0,0,0,0,0,0,0,0,0,0
,237.865215419,0,0,0,0,0,0,0,0,0,0,0,0,0,0,0,0,0,0,0,0,0,0,0,0
,237.911655328,0,0,0,0,0,0,0,0,0,0,0,0,0,0,0,0,0,0,0,0,0,0,0,0
,237.958095238,0,0,0,0,0,0,0,0,0,0,0,0,0,0,0,0,0,0,0,0,0,0,0,0
,238.004535147,0,0,0,0,0,0,0,0,0,0,0,0,0,0,0,0,0,0,0,0,0,0,0,0
,238.050975056,0,0,0,0,0,0,0,0,0,0,0,0,0,0,0,0,0,0,0,0,0,0,0,0
,238.097414965,0,0,0,0,0,0,0,0,0,0,0,0,0,0,0,0,0,0,0,0,0,0,0,0
,238.143854875,0,0,0,0,0,0,0,0,0,0,0,0,0,0,0,0,0,0,0,0,0,0,0,0
,238.190294784,0,0,0,0,0,0,0,0,0,0,0,0,0,0,0,0,0,0,0,0,0,0,0,0
,238.236734693,0,0,0,0,0,0,0,0,0,0,0,0,0,0,0,0,0,0,0,0,0,0,0,0
,238.283174603,0,0,0,0,0,0,0,0,0,0,0,0,0,0,0,0,0,0,0,0,0,0,0,0
,238.329614512,0,0,0,0,0,0,0,0,0,0,0,0,0,0,0,0,0,0,0,0,0,0,0,0
,238.376054421,0,0,0,0,0,0,0,0,0,0,0,0,0,0,0,0,0,0,0,0,0,0,0,0
,238.422494331,0,0,0,0,0,0,0,0,0,0,0,0,0,0,0,0,0,0,0,0,0,0,0,0
,238.468934240,0,0,0,0,0,0,0,0,0,0,0,0,0,0,0,0,0,0,0,0,0,0,0,0
,238.515374149,0,0,0,0,0,0,0,0,0,0,0,0,0,0,0,0,0,0,0,0,0,0,0,0
,238.561814058,0,0,0,0,0,0,0,0,0,0,0,0,0,0,0,0,0,0,0,0,0,0,0,0
,238.608253968,0,0,0,0,0,0,0,0,0,0,0,0,0,0,0,0,0,0,0,0,0,0,0,0
,238.654693877,0,0,0,0,0,0,0,0,0,0,0,0,0,0,0,0,0,0,0,0,0,0,0,0
,238.701133786,0,0,0,0,0,0,0,0,0,0,0,0,0,0,0,0,0,0,0,0,0,0,0,0
,238.747573696,0,0,0,0,0,0,0,0,0,0,0,0,0,0,0,0,0,0,0,0,0,0,0,0
,238.794013605,0,0,0,0,0,0,0,0,0,0,0,0,0,0,0,0,0,0,0,0,0,0,0,0
,238.840453514,0,0,0,0,0,0,0,0,0,0,0,0,0,0,0,0,0,0,0,0,0,0,0,0
,238.886893424,0,0,0,0,0,0,0,0,0,0,0,0,0,0,0,0,0,0,0,0,0,0,0,0
,238.933333333,0,0,0,0,0,0,0,0,0,0,0,0,0,0,0,0,0,0,0,0,0,0,0,0
,238.979773242,0,0,0,0,0,0,0,0,0,0,0,0,0,0,0,0,0,0,0,0,0,0,0,0
,239.026213151,0,0,0,0,0,0,0,0,0,0,0,0,0,0,0,0,0,0,0,0,0,0,0,0
,239.072653061,0,0,0,0,0,0,0,0,0,0,0,0,0,0,0,0,0,0,0,0,0,0,0,0
,239.119092970,0,0,0,0,0,0,0,0,0,0,0,0,0,0,0,0,0,0,0,0,0,0,0,0
,239.165532879,0,0,0,0,0,0,0,0,0,0,0,0,0,0,0,0,0,0,0,0,0,0,0,0
,239.211972789,0,0,0,0,0,0,0,0,0,0,0,0,0,0,0,0,0,0,0,0,0,0,0,0
,239.258412698,0,0,0,0,0,0,0,0,0,0,0,0,0,0,0,0,0,0,0,0,0,0,0,0
,239.304852607,0,0,0,0,0,0,0,0,0,0,0,0,0,0,0,0,0,0,0,0,0,0,0,0
,239.351292517,0,0,0,0,0,0,0,0,0,0,0,0,0,0,0,0,0,0,0,0,0,0,0,0
,239.397732426,0,0,0,0,0,0,0,0,0,0,0,0,0,0,0,0,0,0,0,0,0,0,0,0
,239.444172335,0,0,0,0,0,0,0,0,0,0,0,0,0,0,0,0,0,0,0,0,0,0,0,0
,239.490612244,0,0,0,0,0,0,0,0,0,0,0,0,0,0,0,0,0,0,0,0,0,0,0,0
,239.537052154,0,0,0,0,0,0,0,0,0,0,0,0,0,0,0,0,0,0,0,0,0,0,0,0
,239.583492063,0,0,0,0,0,0,0,0,0,0,0,0,0,0,0,0,0,0,0,0,0,0,0,0
,239.629931972,0,0,0,0,0,0,0,0,0,0,0,0,0,0,0,0,0,0,0,0,0,0,0,0
,239.676371882,0,0,0,0,0,0,0,0,0,0,0,0,0,0,0,0,0,0,0,0,0,0,0,0
,239.722811791,0,0,0,0,0,0,0,0,0,0,0,0,0,0,0,0,0,0,0,0,0,0,0,0
,239.769251700,0,0,0,0,0,0,0,0,0,0,0,0,0,0,0,0,0,0,0,0,0,0,0,0
,239.815691609,0,0,0,0,0,0,0,0,0,0,0,0,0,0,0,0,0,0,0,0,0,0,0,0
,239.862131519,0,0,0,0,0,0,0,0,0,0,0,0,0,0,0,0,0,0,0,0,0,0,0,0
,239.908571428,0,0,0,0,0,0,0,0,0,0,0,0,0,0,0,0,0,0,0,0,0,0,0,0
,239.955011337,0,0,0,0,0,0,0,0,0,0,0,0,0,0,0,0,0,0,0,0,0,0,0,0
,240.001451247,0,0,0,0,0,0,0,0,0,0,0,0,0,0,0,0,0,0,0,0,0,0,0,0
,240.047891156,0,0,0,0,0,0,0,0,0,0,0,0,0,0,0,0,0,0,0,0,0,0,0,0
